3.480294227600097656e+00
5.567369461059570312e-01
5.306901550292968750e+01
-1.588249206542968750e-01
5.172314643859863281e+00
4.153573608398437500e+01
1.460103607177734375e+01
2.282603836059570312e+01
1.310292243957519531e+00
3.339529037475585938e-01
2.088053703308105469e+00
6.737356662750244141e+00
3.302831649780273438e-01
3.062942886352539062e+01
-1.608104705810546875e-01
6.396904945373535156e+00
1.246091842651367188e+00
4.474708080291748047e+00
3.523294067382812500e+01
5.522299766540527344e+00
6.011426162719726562e+01
1.228592872619628906e+00
-1.377849578857421875e-01
1.294509887695312500e+00
6.807298660278320312e-01
7.887840270996093750e-02
2.156391143798828125e-01
3.260825157165527344e+00
2.829666137695312500e-01
1.724572181701660156e+00
4.415702819824218750e-02
-3.845567703247070312e-01
3.012563228607177734e+00
5.554318428039550781e+00
1.283126831054687500e+00
1.395274066925048828e+01
4.645882415771484375e+01
1.691786766052246094e+00
7.934628486633300781e+00
7.250697135925292969e+00
5.173163986206054688e+01
2.707723617553710938e+01
8.546119689941406250e+00
2.118981361389160156e+00
1.357885360717773438e+00
-4.247169494628906250e-01
7.675024986267089844e+00
9.624767303466796875e-02
2.417523860931396484e+00
1.273186683654785156e+01
1.728506088256835938e-01
3.436317443847656250e-01
-2.402334213256835938e-01
2.798137187957763672e+00
2.494182586669921875e-01
3.116139221191406250e+01
1.586694717407226562e-01
5.557765960693359375e+01
4.715370655059814453e+00
3.701543807983398438e-01
6.129388809204101562e-01
1.186635971069335938e+00
4.496355056762695312e-01
7.647804260253906250e+00
8.015174865722656250e-01
2.406093978881835938e+01
1.178048133850097656e+00
3.452476501464843750e+00
3.268318176269531250e+01
3.047294139862060547e+00
1.875918388366699219e+00
3.564691543579101562e-01
-3.938198089599609375e-02
4.687332534790039062e+01
2.072740554809570312e+00
8.373146057128906250e-01
1.754409790039062500e+00
4.637241363525390625e-02
2.829269886016845703e+00
4.583321380615234375e+01
5.339780044555664062e+01
2.053660583496093750e+01
6.186590194702148438e-01
3.241411590576171875e+01
-1.486949920654296875e-01
6.522846221923828125e-01
2.426391601562500000e+01
2.940330505371093750e-01
-2.685890197753906250e-01
1.491554450988769531e+01
1.202326774597167969e+01
1.961295127868652344e+00
1.820693016052246094e+00
1.317541694641113281e+01
2.979145050048828125e-01
3.774575805664062500e+01
-5.272674560546875000e-02
1.003207206726074219e+00
1.277980804443359375e-01
4.103757381439208984e+00
5.456610107421875000e+01
4.077718734741210938e+00
1.887789726257324219e+00
9.390134811401367188e-01
2.970365047454833984e+00
4.934509658813476562e+01
2.451683998107910156e+00
1.053228378295898438e-01
3.278005981445312500e+01
3.150594711303710938e+00
1.048007011413574219e+00
5.026980876922607422e+00
4.182443618774414062e-01
2.098664283752441406e+00
1.580238342285156250e-02
3.820106887817382812e+01
8.720129013061523438e+00
2.986068725585937500e-01
1.951090621948242188e+01
3.695782470703125000e+01
5.601821136474609375e+01
5.017140960693359375e+01
-1.039352416992187500e-01
3.778163909912109375e+01
2.365953922271728516e+00
3.327214050292968750e+01
-3.586769104003906250e-03
1.267704963684082031e+01
3.918781757354736328e+00
6.614513397216796875e-01
5.225276947021484375e-02
4.168643951416015625e-01
2.803921222686767578e+00
1.127013874053955078e+01
5.087816238403320312e+00
1.891370773315429688e+00
7.840581893920898438e+00
3.400945281982421875e+01
8.827505111694335938e-01
-2.105836868286132812e-01
2.307884407043457031e+01
6.760406494140625000e-02
3.285484313964843750e-01
5.148437500000000000e+00
-1.216087341308593750e-01
7.289445877075195312e+00
1.623417854309082031e+01
-2.123346328735351562e-01
-4.387817382812500000e-01
-3.749904632568359375e-01
5.367918968200683594e+00
4.343524456024169922e+00
2.463098049163818359e+00
5.076721191406250000e+01
-8.499336242675781250e-02
3.810672760009765625e-01
1.983402633666992188e+01
3.354984283447265625e+01
-3.531417846679687500e-01
3.503329753875732422e+00
9.777165412902832031e+00
6.952667236328125000e-01
-4.598321914672851562e-01
2.047100067138671875e-01
5.205403137207031250e+01
1.301062393188476562e+01
5.112731170654296875e+01
2.407277107238769531e+00
-3.693847656250000000e-01
2.234898757934570312e+01
1.782272338867187500e+00
4.997421264648437500e+01
3.365457916259765625e+01
1.932236862182617188e+01
6.477801799774169922e+00
1.505328178405761719e+00
-1.786956787109375000e-01
3.803907394409179688e+00
3.480093479156494141e+00
4.990718364715576172e+00
1.187715530395507812e+00
6.083850860595703125e-01
3.423506927490234375e+01
1.142792987823486328e+01
1.159363746643066406e+00
1.242306709289550781e+00
8.573926925659179688e+00
2.121334838867187500e+01
5.007686614990234375e-01
8.416805267333984375e-01
8.199393272399902344e+00
2.050665283203125000e+01
-5.323848724365234375e-01
5.093590736389160156e+00
4.086812973022460938e+01
1.468004035949707031e+01
5.720309257507324219e+00
4.784278869628906250e+00
1.457531929016113281e+00
4.093811988830566406e+00
2.028051376342773438e+01
2.454441070556640625e+01
7.018785476684570312e-01
3.241777801513671875e+01
4.203972816467285156e+00
4.444945335388183594e+00
4.002361297607421875e-01
7.067261695861816406e+00
5.054559230804443359e+00
2.956142902374267578e+00
3.014268875122070312e-01
3.469146347045898438e+01
5.047222518920898438e+01
-3.884201049804687500e-01
-8.802824020385742188e-01
1.235355758666992188e+01
4.652652263641357422e+00
-6.317806243896484375e-02
1.745972633361816406e+00
1.048217773437500000e+00
1.275684642791748047e+01
5.577168941497802734e+00
2.601379871368408203e+00
1.199674606323242188e+00
5.408134460449218750e-01
6.721680641174316406e+00
1.189676952362060547e+01
-1.154785156250000000e-01
1.678214073181152344e+00
1.795007705688476562e+00
3.014958190917968750e+01
2.041218948364257812e+01
5.024467468261718750e+01
4.298849105834960938e-01
3.819303035736083984e+00
6.293678283691406250e-02
2.164632034301757812e+01
2.385057067871093750e+01
6.572931289672851562e+00
3.687128543853759766e+00
1.118668556213378906e+00
-3.447675704956054688e-01
1.121475505828857422e+01
1.154904365539550781e+00
2.660457611083984375e+00
1.608686447143554688e+00
-6.081609725952148438e-01
1.356695175170898438e+00
1.114221572875976562e+00
5.746421813964843750e-01
5.482168960571289062e+01
3.226298809051513672e+00
1.819533157348632812e+01
6.110572814941406250e-02
7.577821731567382812e+00
9.480110168457031250e+00
2.266045570373535156e+00
1.548171043395996094e+00
-4.018859863281250000e-01
2.541798114776611328e+00
7.511407375335693359e+00
4.389448165893554688e-01
3.543571853637695312e+01
7.828320503234863281e+00
8.576393127441406250e-02
2.807415485382080078e+00
2.046987533569335938e+00
5.412263870239257812e-01
-6.875133514404296875e-02
1.862761497497558594e+00
7.306386947631835938e+00
3.950443744659423828e+00
9.543533325195312500e-01
1.203562355041503906e+01
1.307840728759765625e+01
3.404903411865234375e-02
1.292278003692626953e+01
