1.195890426635742188e+00
6.354253768920898438e+00
2.364341259002685547e+00
2.110232353210449219e+01
2.024131774902343750e+00
7.817286014556884766e+00
1.255349349975585938e+01
6.363258361816406250e-01
8.500139236450195312e+00
2.917421340942382812e+00
4.468584060668945312e+00
3.656882286071777344e+00
5.422524452209472656e+00
2.073087310791015625e+01
3.836531066894531250e+01
1.420461082458496094e+01
2.316055297851562500e-01
3.158330917358398438e-01
9.265623092651367188e-01
3.624794483184814453e+00
5.038852691650390625e-01
1.631326675415039062e-01
3.226928710937500000e-01
2.515602684020996094e+01
8.753986358642578125e-01
3.143205261230468750e+01
2.186861038208007812e-01
-2.747564315795898438e-01
4.340537071228027344e+00
1.283643531799316406e+01
3.871448993682861328e+00
3.917512893676757812e-01
3.465681838989257812e+01
5.421675205230712891e+00
5.107879638671875000e-01
4.732418060302734375e-02
2.616970539093017578e+00
4.490663051605224609e+00
2.087567901611328125e+01
3.554605960845947266e+00
5.496320724487304688e-01
2.310066223144531250e-01
8.478775024414062500e-01
3.091217803955078125e+01
7.911710739135742188e-01
-2.624692916870117188e-01
4.969818496704101562e+01
5.768785476684570312e-01
1.255674362182617188e+00
1.073138236999511719e+00
8.528709411621093750e-03
3.192697143554687500e+01
8.620013236999511719e+00
3.356483840942382812e+01
4.584093093872070312e-01
7.782497406005859375e-01
7.226982116699218750e-01
6.413101196289062500e+01
1.870693778991699219e+01
1.931324005126953125e-01
5.015422821044921875e+00
2.043472290039062500e+01
1.894451141357421875e+00
5.344871520996093750e+00
4.583375930786132812e+01
7.379785537719726562e+00
7.933559417724609375e-01
1.837673377990722656e+01
4.193227767944335938e+00
4.984664916992187500e-01
-1.368198394775390625e-01
3.669967651367187500e-01
6.280431747436523438e-01
2.100548744201660156e+00
1.210654926300048828e+01
9.757539749145507812e+00
6.024751663208007812e-01
8.443737030029296875e-01
3.243850326538085938e+01
6.410856246948242188e-01
5.507052612304687500e+01
4.934334945678710938e+01
5.235674381256103516e+00
4.431648254394531250e-01
2.222228050231933594e+00
2.962719440460205078e+00
-3.354616165161132812e-01
3.892875289916992188e+01
-1.011552810668945312e-01
1.879364967346191406e+00
6.874349212646484375e+01
2.771272659301757812e+00
4.030210876464843750e+01
2.518161773681640625e+00
5.191997909545898438e+01
1.868339538574218750e+00
1.199260711669921875e+00
1.127658843994140625e+00
3.565435409545898438e-01
5.327558517456054688e+01
7.025289535522460938e-01
2.109197616577148438e+00
3.431449890136718750e+01
1.380509567260742188e+01
9.161081314086914062e-01
8.966627120971679688e-01
2.813667297363281250e+00
9.823131561279296875e-01
9.099273681640625000e-01
1.388769149780273438e+00
1.234127044677734375e+00
9.657009124755859375e+00
2.721862316131591797e+00
2.452449798583984375e-01
-8.917236328125000000e-02
7.270114898681640625e+00
2.820268154144287109e+00
5.584173202514648438e+01
1.244180679321289062e+01
5.113859176635742188e-01
2.877652645111083984e+00
8.294153213500976562e-01
-9.931564331054687500e-03
3.371683597564697266e+00
5.481040954589843750e+00
8.721446990966796875e-02
7.306363105773925781e+00
1.763448715209960938e+00
1.388158988952636719e+01
5.052578353881835938e+01
1.160845184326171875e+01
8.030370712280273438e+00
7.965747356414794922e+00
3.605079650878906250e-02
3.340554809570312500e+01
4.100945281982421875e+01
2.751648426055908203e+00
5.724086284637451172e+00
8.264978408813476562e+00
4.763617038726806641e+00
2.046081542968750000e+00
1.955808639526367188e+00
2.052955627441406250e+00
5.645914077758789062e-01
1.430619621276855469e+01
2.747972488403320312e+00
3.681765556335449219e+00
1.917750358581542969e+00
3.601495265960693359e+00
5.956163406372070312e-01
7.381925582885742188e-01
3.795530319213867188e+01
6.168813705444335938e-01
5.164661884307861328e+00
1.731395721435546875e-02
-4.817771911621093750e-02
9.810387611389160156e+00
3.078434371948242188e+01
1.915893936157226562e+01
2.842853546142578125e+00
1.258362770080566406e+01
2.883119583129882812e-01
4.729137420654296875e-01
1.389155387878417969e+00
4.946124649047851562e+01
4.090837955474853516e+00
2.400878429412841797e+00
1.466600036621093750e+01
3.773086071014404297e+00
-2.113056182861328125e-01
2.337913513183593750e-01
1.966745376586914062e+00
4.698897933959960938e+01
6.012496566772460938e+01
5.542856693267822266e+00
4.434283733367919922e+00
4.843144416809082031e+00
1.170608520507812500e+00
7.414581298828125000e+00
1.342206382751464844e+01
4.994487762451171875e+00
1.672130584716796875e+00
-1.166505813598632812e-01
8.868410110473632812e+00
5.632812881469726562e+01
4.241062641143798828e+00
5.835846900939941406e+00
6.715326309204101562e-01
-1.678152084350585938e-01
2.409332275390625000e+01
1.450567245483398438e+00
1.232034111022949219e+01
3.727921295166015625e+01
4.611411285400390625e+01
6.847953796386718750e-02
7.166454315185546875e+00
2.324099540710449219e+00
5.135746002197265625e-01
1.029957771301269531e+00
2.284383010864257812e+01
1.354643440246582031e+01
-5.567932128906250000e-02
2.993886470794677734e+00
1.032480239868164062e+00
4.570061492919921875e+01
5.461206054687500000e+01
1.786270141601562500e-01
2.322605514526367188e+01
7.676029205322265625e-02
2.697910308837890625e+00
4.061868190765380859e+00
4.227457046508789062e-01
2.241020202636718750e-01
3.641936492919921875e+01
2.944555282592773438e+00
7.497296810150146484e+00
1.053198814392089844e+00
4.703922271728515625e-01
1.527115535736083984e+01
3.370971679687500000e-01
1.810132980346679688e+01
8.566608428955078125e-01
2.706012248992919922e+00
5.025863647460937500e-03
3.482599258422851562e-01
2.036866188049316406e+00
3.575584888458251953e+00
1.455529689788818359e+01
3.804825305938720703e+00
7.526960372924804688e-01
1.059465408325195312e+00
7.811617374420166016e+00
1.119670867919921875e-01
3.906398010253906250e+01
-2.368726730346679688e-01
3.025447082519531250e+01
1.206344604492187500e+00
3.658363723754882812e+01
2.253068923950195312e+01
2.797173023223876953e+00
-4.877758026123046875e-02
2.338876342773437500e+01
3.710462093353271484e+00
5.141010284423828125e+00
1.199433326721191406e+00
1.963465690612792969e+01
4.834491729736328125e+01
4.584697246551513672e+00
1.637668609619140625e+00
2.003529548645019531e+00
6.184176445007324219e+00
1.415530109405517578e+01
2.584177017211914062e+01
8.099504470825195312e+00
2.398497772216796875e+01
2.104695320129394531e+01
1.176445960998535156e+00
1.386162757873535156e+00
-6.109809875488281250e-02
2.766509532928466797e+00
1.014817237854003906e+00
6.580684661865234375e+00
2.087649345397949219e+00
7.015522956848144531e+00
7.501754760742187500e-01
1.257211685180664062e+01
2.698497772216796875e-01
5.030857849121093750e+01
1.433557510375976562e+00
5.680942535400390625e-01
6.250528335571289062e+00
1.935807037353515625e+01
2.941170692443847656e+00
8.402351379394531250e+00
3.047853851318359375e+01
1.664639472961425781e+00
5.434301757812500000e+01
