5.694834709167480469e+00
8.555002212524414062e-01
5.683059692382812500e-01
2.668954849243164062e+00
7.068222045898437500e+00
2.482290267944335938e-01
1.236119747161865234e+01
4.551648616790771484e+00
4.887250423431396484e+00
2.437572479248046875e-01
1.811412811279296875e+00
4.914944458007812500e+01
1.948547363281250000e-01
2.933758258819580078e+00
3.481644439697265625e+01
2.109257698059082031e+00
2.751841545104980469e+01
1.129820823669433594e+00
8.908519744873046875e+00
1.507960319519042969e+00
3.622707843780517578e+00
2.767645835876464844e+00
2.041661453247070312e+01
9.440993309020996094e+00
3.343699264526367188e+01
1.006416320800781250e+00
1.331854438781738281e+01
5.110401153564453125e+01
5.788078308105468750e-01
4.268768310546875000e+00
3.358857727050781250e+01
6.055664062500000000e+01
5.624745941162109375e+01
2.274598693847656250e+01
6.006288528442382812e+00
9.312038421630859375e-01
-4.938793182373046875e-02
1.151700019836425781e+00
2.994995117187500000e-01
1.962159156799316406e+00
5.069297027587890625e+01
1.217402458190917969e+00
3.489258575439453125e+01
4.527034759521484375e-01
2.015352058410644531e+01
3.092002868652343750e+00
8.882741928100585938e+00
3.803036499023437500e+01
2.868261337280273438e-01
3.034731388092041016e+00
4.392735481262207031e+00
5.523172855377197266e+00
2.576360702514648438e+00
2.033350944519042969e+00
3.765095520019531250e+01
6.573791503906250000e-01
2.348717117309570312e+01
1.264673233032226562e+00
2.250783920288085938e+00
8.375129699707031250e+00
4.888394165039062500e+01
1.501613616943359375e+00
4.293241500854492188e-01
7.498731613159179688e-01
5.273400878906250000e+01
7.465753555297851562e-01
3.656647205352783203e+00
-4.151248931884765625e-02
4.686069488525390625e-01
2.531814575195312500e-02
2.934326171875000000e+00
1.834419250488281250e+00
8.851146697998046875e-01
1.941204071044921875e+00
1.799627304077148438e+00
5.141349315643310547e+00
-2.612686157226562500e-01
2.428797531127929688e+01
3.102565288543701172e+00
7.261994838714599609e+00
1.275695228576660156e+01
-1.523294448852539062e-01
9.871549606323242188e-01
2.925688266754150391e+00
5.932292938232421875e-01
6.573600769042968750e-01
1.840320587158203125e+00
1.528764724731445312e+00
3.083438873291015625e-01
4.978296661376953125e+01
1.276411151885986328e+01
3.831691741943359375e-01
1.660067176818847656e+01
2.397199821472167969e+01
1.750831604003906250e-01
4.705686569213867188e-01
8.187844276428222656e+00
1.158457756042480469e+01
4.621755981445312500e+01
3.609001636505126953e+00
6.079926490783691406e+00
1.406831741333007812e-01
4.975185394287109375e+01
5.309711456298828125e+00
6.329201698303222656e+00
2.316508293151855469e+00
8.947801589965820312e-01
-2.852058410644531250e-02
5.546891689300537109e+00
4.545014953613281250e+01
3.075110054016113281e+01
7.581205368041992188e-01
5.495810699462890625e+01
1.214089775085449219e+01
1.242267799377441406e+01
4.294472217559814453e+00
4.368028640747070312e-01
3.336705017089843750e+01
4.794915676116943359e+00
9.592580795288085938e-01
5.705909729003906250e-01
7.606151580810546875e+00
2.340021133422851562e+00
4.092578887939453125e-01
2.397118186950683594e+01
5.819282531738281250e+00
7.742291927337646484e+00
4.029001617431640625e+01
2.643987655639648438e+00
4.148635864257812500e-01
1.102312088012695312e+00
3.277788925170898438e+01
1.721179008483886719e+00
9.145146369934082031e+00
3.398398208618164062e+01
2.180619239807128906e+00
2.457724380493164062e+01
2.130681037902832031e+00
1.340077781677246094e+01
7.444796562194824219e+00
7.744464874267578125e-01
4.891957283020019531e+00
2.181195259094238281e+01
3.603021240234375000e+01
2.233823394775390625e+01
4.053184032440185547e+00
2.110830307006835938e+00
4.986528396606445312e+00
4.226566791534423828e+00
3.548779487609863281e+00
7.320504665374755859e+00
1.194132614135742188e+01
5.392694473266601562e-01
2.439012527465820312e-01
5.388402938842773438e-01
3.542088699340820312e+01
2.082067108154296875e+01
-4.069328308105468750e-02
1.258095741271972656e+00
2.750997543334960938e-01
5.999809265136718750e+01
2.094059753417968750e+01
1.324093818664550781e+00
4.870929718017578125e-01
8.502931594848632812e-01
2.217092514038085938e+00
5.164480590820312500e+01
1.176228523254394531e+00
2.515117645263671875e+00
1.723299980163574219e+00
3.269869995117187500e+01
8.874242782592773438e+00
3.430739212036132812e+01
1.657924652099609375e-01
2.676196098327636719e+00
1.381421089172363281e+00
1.138688087463378906e+00
3.129386901855468750e+00
5.184699249267578125e+01
9.632272720336914062e-01
1.898661613464355469e+00
2.655773162841796875e+00
3.806459808349609375e+01
1.868048667907714844e+00
8.559160232543945312e-01
5.152791500091552734e+00
3.579883575439453125e-01
6.175069808959960938e-01
3.313231277465820312e+01
5.736799240112304688e-01
2.983140945434570312e-01
4.142321586608886719e+00
1.768211364746093750e+00
2.072807693481445312e+01
4.270665645599365234e+00
2.242140769958496094e+00
1.190629863739013672e+01
3.839970588684082031e+00
2.143224716186523438e+00
4.322389602661132812e+00
1.406687545776367188e+01
3.776972961425781250e+01
2.147972106933593750e+01
-1.328973770141601562e-01
6.511888504028320312e-01
4.513406753540039062e-01
1.479759597778320312e+01
4.721449279785156250e+01
3.105907440185546875e+00
2.399587631225585938e-01
2.993607044219970703e+00
5.520928955078125000e+01
5.804042816162109375e-01
5.198316574096679688e-01
8.555377006530761719e+00
3.759417533874511719e+00
4.175841522216796875e+01
4.946043014526367188e+00
7.591422080993652344e+00
1.527108192443847656e+00
1.285254001617431641e+01
3.730983734130859375e-01
5.067197418212890625e+01
3.108663558959960938e+00
4.205286979675292969e+00
6.890459060668945312e-01
4.807160949707031250e+01
3.114432811737060547e+00
5.457429885864257812e-01
3.145597648620605469e+01
1.926382064819335938e+00
7.676005363464355469e+00
3.949279308319091797e+00
2.973797035217285156e+01
1.105730056762695312e+00
2.255175971984863281e+01
7.884057998657226562e+00
8.654783248901367188e+00
1.408936309814453125e+01
8.478612899780273438e-01
5.497007369995117188e-01
6.117782592773437500e-01
3.285607528686523438e+01
2.970018386840820312e+00
2.084952926635742188e+01
2.032990646362304688e+01
1.535318374633789062e+01
1.355451583862304688e+00
5.094627380371093750e+01
1.047984600067138672e+01
8.554520606994628906e+00
1.381722450256347656e+01
1.225337982177734375e-01
1.967067718505859375e-01
8.736639022827148438e-01
7.991728782653808594e+00
7.208081245422363281e+00
4.411258697509765625e-01
3.384508609771728516e+00
1.415411472320556641e+01
1.293057346343994141e+01
6.230411529541015625e-01
2.365865707397460938e-01
2.945435523986816406e+00
1.035077095031738281e+00
8.776664733886718750e-02
1.228192329406738281e+00
-1.928653717041015625e-01
1.470795631408691406e+00
7.858390808105468750e-01
1.260415077209472656e+00
8.584976196289062500e-03
1.899144744873046875e+01
2.214345932006835938e-01
8.206796646118164062e+00
1.003445625305175781e+00
2.680003166198730469e+00
