4.890304565429687500e+00
5.613679885864257812e-01
5.156355285644531250e+01
9.530248641967773438e-01
4.685816287994384766e+00
5.245902061462402344e+00
2.625409126281738281e+00
-4.982280731201171875e-02
4.348191738128662109e+00
7.842931747436523438e-01
-2.797889709472656250e-02
3.296118927001953125e+01
4.916134262084960938e+01
2.880477905273437500e-01
2.054692840576171875e+01
1.201283454895019531e+01
2.219032669067382812e+01
-1.742324829101562500e-01
3.217458343505859375e+01
2.905273437500000000e-01
9.416484832763671875e-02
5.332801342010498047e+00
5.599548721313476562e+01
2.104878234863281250e+01
8.560689926147460938e+00
3.679862594604492188e+01
6.350660324096679688e-01
1.249727630615234375e+01
5.346908569335937500e-01
2.386178970336914062e-01
3.541309356689453125e+00
5.109949111938476562e-01
2.078224563598632812e+01
8.920507431030273438e-01
2.622928619384765625e-01
3.752532958984375000e+01
1.122462272644042969e+00
3.108377456665039062e-01
1.682144165039062500e+00
7.564439773559570312e-01
1.393332290649414062e+01
1.289130306243896484e+01
2.881938934326171875e+00
3.003785133361816406e+00
6.336650371551513672e+00
3.803922176361083984e+00
7.158134460449218750e+00
2.089285850524902344e+00
5.379721641540527344e+00
4.007472991943359375e+00
2.830619812011718750e-01
2.018254852294921875e+01
2.548101043701171875e+01
8.093594551086425781e+00
6.408081054687500000e-01
5.263401794433593750e+01
3.776058673858642578e+00
-1.395215988159179688e-01
2.004123687744140625e+00
1.222481822967529297e+01
1.980024337768554688e+00
1.179692745208740234e+01
8.371715545654296875e-01
5.563831329345703125e-01
5.168428421020507812e-01
2.173860549926757812e+00
3.823647975921630859e+00
3.197092533111572266e+00
1.884838104248046875e+01
1.591829299926757812e+00
3.630636215209960938e+00
4.197907924652099609e+00
9.577264785766601562e-01
2.824881553649902344e+00
5.499603652954101562e+01
1.711641311645507812e+00
9.141292572021484375e-01
3.307793426513671875e+01
7.208747863769531250e+00
2.276114654541015625e+01
2.061361312866210938e+00
2.372678756713867188e+00
5.973123168945312500e+01
3.862409591674804688e-01
2.710811233520507812e+01
4.618637084960937500e+00
2.077518844604492188e+01
-1.102924346923828125e-02
-4.201507568359375000e-02
2.526540756225585938e-01
1.224239158630371094e+01
1.227085113525390625e+00
2.432209014892578125e+01
5.365611553192138672e+00
8.312843322753906250e+00
1.573501586914062500e+00
2.903040409088134766e+00
5.087921905517578125e+01
6.249227142333984375e+01
1.442205429077148438e+00
4.617823791503906250e+01
8.089361190795898438e-01
3.460024261474609375e+01
7.853931427001953125e+00
8.181514739990234375e-01
4.902030563354492188e+01
1.350881576538085938e+00
3.272272109985351562e+01
3.727889060974121094e+00
4.719895172119140625e+01
5.081103897094726562e+01
9.064865112304687500e-02
1.369062519073486328e+01
3.944690704345703125e+00
2.881340503692626953e+00
1.903025627136230469e+00
2.871513366699218750e-03
1.098131179809570312e+00
2.123247528076171875e+01
1.011993503570556641e+01
3.176647567749023438e+01
2.556353569030761719e+00
8.297052383422851562e-01
2.002367019653320312e+00
2.901835441589355469e+00
-8.488655090332031250e-02
2.094710922241210938e+01
1.110492706298828125e+00
2.678046226501464844e+00
5.385398864746093750e-02
1.406526184082031250e+01
9.739875793457031250e-03
5.252813816070556641e+00
1.283697128295898438e+01
3.303514480590820312e+00
5.113892364501953125e+01
2.189321517944335938e-01
2.149170303344726562e+01
2.004241943359375000e+00
4.437093734741210938e-01
3.335312652587890625e+01
-2.031316757202148438e-01
2.626810073852539062e+00
3.386980819702148438e+01
3.469077682495117188e+01
4.917187118530273438e+01
7.022309780120849609e+00
1.497064590454101562e+00
4.282140731811523438e-01
5.571835708618164062e+01
1.188468933105468750e-02
2.472016334533691406e+00
1.170860290527343750e+00
7.441405296325683594e+00
7.007417678833007812e-01
7.843170166015625000e-01
3.871830940246582031e+00
3.618161773681640625e+01
1.058211326599121094e+00
3.674860000610351562e-01
2.768220901489257812e+00
6.125439643859863281e+00
1.085838317871093750e+00
6.595621109008789062e-01
1.108011245727539062e+00
3.443529891967773438e+01
1.634541511535644531e+00
9.182948112487792969e+00
1.111221313476562500e-01
9.192724227905273438e-01
5.638494491577148438e-01
7.491214752197265625e+00
1.378171730041503906e+01
2.613687515258789062e-01
5.192518234252929688e-01
3.917570114135742188e-01
-1.195240020751953125e-02
9.490305900573730469e+00
8.848380088806152344e+00
8.547979354858398438e+00
4.876871109008789062e-01
3.522016048431396484e+00
1.103026390075683594e+00
3.580222702026367188e+01
5.678224563598632812e-01
1.356941223144531250e+01
3.313695907592773438e+00
1.464438247680664062e+01
5.471770763397216797e+00
1.351087379455566406e+01
6.386384963989257812e-01
2.598571777343750000e-01
1.763545989990234375e+00
7.966737747192382812e-01
3.541159439086914062e+01
1.081333160400390625e+00
1.441843032836914062e+00
4.595667266845703125e+01
2.658739089965820312e-01
7.737064361572265625e-02
4.071207046508789062e-01
1.227747249603271484e+01
1.472568511962890625e-02
-1.791563034057617188e-01
3.474780082702636719e+00
2.276129341125488281e+01
2.960719585418701172e+00
7.207138538360595703e+00
1.337995529174804688e-01
3.021438121795654297e+00
1.060971260070800781e+00
3.060792922973632812e+01
1.301825809478759766e+01
7.854763507843017578e+00
8.481449127197265625e+00
3.760314941406250000e+00
3.724098205566406250e-01
1.105624198913574219e+00
1.206205368041992188e+00
4.116037750244140625e+01
7.340297698974609375e+00
1.129188537597656250e-01
1.214712142944335938e+00
8.349037170410156250e+00
1.291637229919433594e+01
5.356140136718750000e-01
3.931714534759521484e+00
3.549470901489257812e-01
2.040826416015625000e+01
4.928211975097656250e+01
3.580045700073242188e-01
3.474475860595703125e+01
2.601101875305175781e+00
4.749791145324707031e+00
9.126935958862304688e+00
5.492385482788085938e+01
-1.736488342285156250e-01
5.198524093627929688e+01
1.720714569091796875e-02
2.344884490966796875e+01
2.421701431274414062e+00
1.025199890136718750e+00
1.233658790588378906e+00
5.422586441040039062e+00
-7.447242736816406250e-03
9.418334960937500000e-01
1.247594356536865234e+01
8.346900939941406250e-01
3.825006484985351562e+01
-3.564834594726562500e-02
5.394929885864257812e+01
5.493965148925781250e-01
2.388475036621093750e+01
5.290364074707031250e+01
2.290322875976562500e+01
6.804428100585937500e-01
9.908962249755859375e-02
2.277152061462402344e+00
5.056648254394531250e-01
8.080120086669921875e-01
2.129773330688476562e+01
1.492572402954101562e+01
1.548929214477539062e-01
6.292988300323486328e+00
5.414895057678222656e+00
3.017202377319335938e+00
8.125171661376953125e-01
2.894998073577880859e+00
7.080068588256835938e-01
1.073406219482421875e+00
3.739381313323974609e+00
4.390598773956298828e+00
1.694573402404785156e+00
4.722879886627197266e+00
2.041761398315429688e+00
3.771034240722656250e+01
2.195359802246093750e+01
