1.264165687561035156e+01
1.296274185180664062e+00
1.951838302612304688e+01
1.290498924255371094e+01
2.850602149963378906e+00
4.224720001220703125e-01
2.916871070861816406e+00
3.126631259918212891e+00
1.733455657958984375e+00
1.181516647338867188e-01
3.869930744171142578e+00
5.374804019927978516e+00
1.575314521789550781e+00
4.985848999023437500e+01
2.135488510131835938e+00
5.583763122558593750e+00
7.559862136840820312e-01
2.030605316162109375e+00
2.760831069946289062e+01
6.166914939880371094e+00
9.063167572021484375e-01
1.062927246093750000e-01
5.626332855224609375e+01
6.102180480957031250e-01
2.388252258300781250e+00
-2.709093093872070312e-01
2.008628845214843750e-01
6.906023025512695312e-01
6.906385421752929688e-01
2.212190628051757812e-01
-1.533374786376953125e-01
5.879812240600585938e-01
3.234819793701171875e+01
1.505235767364501953e+01
5.176271057128906250e+01
8.733491897583007812e-01
4.634762287139892578e+00
1.304411506652832031e+01
5.829763412475585938e-01
3.301025867462158203e+00
3.061387634277343750e+01
6.834249496459960938e-01
1.770088195800781250e+00
4.259102344512939453e+00
2.016337585449218750e+01
1.356217384338378906e+00
1.310331344604492188e+00
6.736650466918945312e-01
-8.958339691162109375e-02
4.430439472198486328e+00
3.879413604736328125e-01
1.183544158935546875e+01
2.122501373291015625e+01
6.351810932159423828e+00
1.206513404846191406e+01
5.491382598876953125e+00
3.167985916137695312e+00
4.948616027832031250e-02
3.589128112792968750e+01
2.737641811370849609e+00
1.505778312683105469e+00
1.199874114990234375e+01
5.607617378234863281e+00
3.213532447814941406e+00
2.867058277130126953e+00
5.075616073608398438e+01
3.764877319335937500e-01
9.548947334289550781e+00
2.846403121948242188e-01
7.977762222290039062e-01
3.319477081298828125e+00
1.329293251037597656e+00
1.946052551269531250e+00
1.052513313293457031e+01
7.948093414306640625e-01
1.723998069763183594e+00
1.619645118713378906e+00
3.196543502807617188e+01
5.496721649169921875e+01
8.353632926940917969e+00
2.001192092895507812e+00
5.303328704833984375e+01
7.517179012298583984e+00
3.772200012207031250e+01
4.502662277221679688e+01
1.133852005004882812e+00
8.302766799926757812e+00
1.183452606201171875e-01
2.473080635070800781e+00
1.388591670989990234e+01
1.249135780334472656e+01
4.678985977172851562e+01
8.793678283691406250e-01
3.360533905029296875e+01
8.123655319213867188e-01
2.065579414367675781e+00
7.082843780517578125e-01
1.918458938598632812e-01
8.116130828857421875e+00
1.036604881286621094e+00
5.589054584503173828e+00
4.027982234954833984e+00
3.019864559173583984e+00
1.973111152648925781e+00
5.315680313110351562e+01
1.341228485107421875e-01
1.229963302612304688e+00
5.197315216064453125e-01
2.617867469787597656e+00
4.939999008178710938e+01
2.053352355957031250e+01
4.112895965576171875e+01
8.490117073059082031e+00
7.012332916259765625e+00
4.310150623321533203e+00
1.411898136138916016e+01
5.411298751831054688e+00
8.219236373901367188e+00
2.197596740722656250e+01
2.074714660644531250e+00
3.026184082031250000e+00
7.298816680908203125e+00
7.173864364624023438e+00
4.195967674255371094e+00
8.241300582885742188e-01
3.863620758056640625e-01
1.032164573669433594e+00
3.955293655395507812e+00
-3.135490417480468750e-01
4.786615371704101562e-01
2.296299362182617188e+01
4.751851654052734375e+01
2.340124607086181641e+00
1.422193527221679688e+00
1.280881595611572266e+01
4.394151687622070312e+00
3.833713531494140625e-01
1.233266830444335938e+00
1.368550300598144531e+00
4.512720108032226562e-01
3.327309417724609375e+01
1.619920730590820312e-01
1.421891975402832031e+01
8.595314025878906250e-01
1.285492801666259766e+01
-4.719743728637695312e-01
2.007307815551757812e+01
4.206867980957031250e+01
-8.837032318115234375e-02
1.281482696533203125e+00
7.726936340332031250e-01
1.780651092529296875e+00
3.005943298339843750e-01
2.274963378906250000e+01
3.554983520507812500e+01
4.746637344360351562e-01
7.633512020111083984e+00
8.429907798767089844e+00
2.141198730468750000e+01
3.950319290161132812e-01
1.615603637695312500e+01
2.380447006225585938e+01
3.107938289642333984e+00
3.599147796630859375e-01
5.688651084899902344e+00
6.871595382690429688e-01
5.320378780364990234e+00
1.454276180267333984e+01
1.741504669189453125e+00
7.422571182250976562e-01
5.675714492797851562e+00
1.955040931701660156e+00
1.979597091674804688e+00
6.798486709594726562e-01
2.420448303222656250e+01
2.551155090332031250e-01
2.458398437500000000e+01
5.566508483886718750e+01
3.569023132324218750e+00
7.010769844055175781e+00
3.023430633544921875e+01
1.960799217224121094e+00
5.118907928466796875e+01
1.069886207580566406e+00
3.382443904876708984e+00
5.493497848510742188e-01
2.689565181732177734e+00
4.911431884765625000e+01
1.327989673614501953e+01
9.493122100830078125e-01
2.076263236999511719e+01
3.322507476806640625e+01
7.893996238708496094e+00
7.730364799499511719e+00
6.463947296142578125e-01
1.286109924316406250e+00
9.935283660888671875e-02
1.132750511169433594e+00
1.825521469116210938e+00
2.152423095703125000e+01
2.867439270019531250e+00
4.327573776245117188e-01
3.531923294067382812e-01
3.525572204589843750e+01
8.174655914306640625e+00
8.494024276733398438e-01
2.052834892272949219e+01
3.596303939819335938e+01
2.931126594543457031e+00
5.639777183532714844e+00
1.888546943664550781e+00
4.713782310485839844e+00
2.110428237915039062e+01
3.012151718139648438e-01
-1.464853286743164062e-01
1.324172973632812500e+00
1.039622306823730469e+00
5.529136657714843750e-01
1.852803230285644531e+00
-4.906749725341796875e-02
4.784920692443847656e+00
4.414257049560546875e+00
8.717295646667480469e+00
5.900570869445800781e+00
6.176857471466064453e+00
3.480405426025390625e+01
3.827093887329101562e+01
2.169174671173095703e+00
1.513892936706542969e+01
6.051837539672851562e+01
1.418199157714843750e+01
1.298415184020996094e+00
1.287404918670654297e+01
7.842473983764648438e-01
-1.369953155517578125e-02
1.444540023803710938e-01
1.255973815917968750e+01
2.386639022827148438e+01
1.269693374633789062e+00
7.101612091064453125e-01
3.481924438476562500e+01
2.913144588470458984e+00
2.593088150024414062e-01
4.663031101226806641e+00
3.672281265258789062e+00
2.534762859344482422e+00
8.652843475341796875e+00
2.971900463104248047e+00
4.222369194030761719e+00
3.826203155517578125e+01
-8.681583404541015625e-02
5.836267471313476562e-01
3.085269927978515625e-01
4.701106262207031250e+01
1.290754318237304688e+00
2.279376983642578125e-02
2.310476303100585938e+00
1.191957759857177734e+01
1.555993080139160156e+00
3.972337245941162109e+00
3.815200042724609375e+01
4.359340667724609375e-01
1.100971221923828125e+00
3.551492691040039062e-01
3.952470779418945312e+00
5.050412368774414062e+01
2.268801689147949219e+00
6.930612564086914062e+00
2.527186584472656250e+01
2.091476440429687500e+01
1.256482124328613281e+00
1.874434471130371094e+00
4.637756347656250000e-01
5.032973480224609375e+01
4.918417453765869141e+00
4.851217269897460938e-01
3.795682430267333984e+00
