5.114583969116210938e-01
1.187712478637695312e+01
1.473945617675781250e+00
-3.938264846801757812e-01
4.074812889099121094e+00
1.369905281066894531e+01
2.664928436279296875e-01
9.202690124511718750e-01
4.697252750396728516e+00
4.828939437866210938e-01
2.316816329956054688e+00
1.149470329284667969e+00
3.445869827270507812e+01
1.918552398681640625e+01
6.437168121337890625e-01
5.313615798950195312e-01
4.802536964416503906e+00
1.496557235717773438e+00
3.293798446655273438e+00
9.409790039062500000e-01
4.628051757812500000e+01
2.010049057006835938e+01
1.206026077270507812e-01
2.306445312500000000e+01
2.543720245361328125e+00
4.219005966186523438e+01
7.395963668823242188e-01
2.269609451293945312e+00
1.959734916687011719e+00
8.574504852294921875e-01
3.313952636718750000e+01
3.113690567016601562e+01
5.123329162597656250e+01
6.550712585449218750e-01
4.592828750610351562e-01
5.487891769409179688e+01
6.114331245422363281e+00
1.840025901794433594e+00
6.466703414916992188e-01
1.339756584167480469e+01
2.380664825439453125e+00
1.446473121643066406e+00
4.108586788177490234e+00
3.784796142578125000e+01
2.751896858215332031e+00
9.681497573852539062e+00
9.095933914184570312e+00
1.478859901428222656e+00
3.995307445526123047e+00
1.464004516601562500e+00
5.183687591552734375e+01
2.080865859985351562e+00
7.879572868347167969e+00
4.891191482543945312e+01
1.142985534667968750e+01
6.531152725219726562e+00
2.583440780639648438e+00
2.359619140625000000e-01
3.835968780517578125e+01
2.562999725341796875e-01
-3.958940505981445312e-01
6.982229232788085938e+00
1.948420524597167969e+00
4.597614288330078125e+01
2.559745788574218750e+00
7.347173690795898438e-01
1.961922645568847656e+00
3.522740840911865234e+00
2.258661270141601562e+00
1.865569114685058594e+00
8.272123336791992188e-01
5.229450225830078125e+01
1.873764991760253906e+00
2.125302696228027344e+01
4.699277877807617188e+00
2.043247985839843750e+01
9.523391723632812500e-02
1.300218868255615234e+01
5.326633453369140625e-01
1.643870353698730469e+01
4.461956024169921875e-02
2.195329284667968750e+01
3.868675231933593750e-02
8.046386718750000000e+00
2.731300735473632812e+01
3.174788475036621094e+00
2.007751464843750000e+00
1.121897697448730469e+00
1.310367202758789062e+01
3.010409164428710938e+01
-7.431793212890625000e-02
2.047760391235351562e+01
1.212897491455078125e+01
3.167447090148925781e+00
2.256153106689453125e+00
6.651339530944824219e+00
3.258904647827148438e+01
1.428045082092285156e+01
4.287071228027343750e-01
4.361331462860107422e+00
8.565101623535156250e-01
1.351911544799804688e+00
-4.381551742553710938e-01
3.839760303497314453e+00
1.051342010498046875e+00
9.784793853759765625e-02
7.660989761352539062e-01
2.162131309509277344e+00
5.017577648162841797e+00
1.647586822509765625e-01
2.168882369995117188e+00
1.132432079315185547e+01
2.226657867431640625e-01
4.961193466186523438e+01
6.669611454010009766e+00
1.956867790222167969e+01
3.796099185943603516e+00
-1.149349212646484375e-01
1.272981834411621094e+01
2.463051795959472656e+00
4.411315917968750000e-01
7.769651412963867188e-01
4.339926242828369141e+00
4.175933361053466797e+00
3.757110595703125000e+01
2.984895706176757812e-01
1.303648948669433594e+00
6.581907272338867188e-01
4.993729782104492188e+01
-6.578483581542968750e-01
2.036060905456542969e+01
2.553653717041015625e+00
1.970849037170410156e+00
2.377023696899414062e+00
1.946486473083496094e+00
4.037811279296875000e+00
4.297280311584472656e+00
3.696838855743408203e+00
7.033568382263183594e+00
5.137991428375244141e+00
1.255433273315429688e+01
1.742227554321289062e+00
3.591563224792480469e+00
1.243816757202148438e+01
3.263101577758789062e-01
2.016048431396484375e+00
3.058538055419921875e+01
1.364016532897949219e+01
3.363265228271484375e+01
3.130970478057861328e+00
1.038329124450683594e+00
5.031244277954101562e+01
2.097454261779785156e+01
2.384243965148925781e+01
1.197669410705566406e+01
3.240514373779296875e+01
6.197796821594238281e+00
1.991660690307617188e+01
1.744286537170410156e+00
5.916748046875000000e-01
8.256816864013671875e-02
7.780093193054199219e+00
1.905029296875000000e+00
6.022145080566406250e+01
1.467590332031250000e-01
1.909126281738281250e+00
9.648742675781250000e-01
1.052736282348632812e+00
3.505554199218750000e-01
2.984108448028564453e+00
9.878911972045898438e-01
5.508707046508789062e+01
9.555441856384277344e+00
2.373538017272949219e+00
8.243017196655273438e+00
3.561382293701171875e-01
8.597383499145507812e-01
5.089151382446289062e+00
4.998149871826171875e-01
3.347757339477539062e+01
4.464388370513916016e+00
7.571468353271484375e+00
7.267278671264648438e+00
2.324047279357910156e+01
-1.308994293212890625e-01
4.607384204864501953e+00
-5.960845947265625000e-02
5.176143646240234375e-01
1.669031143188476562e+00
4.768333053588867188e+01
3.737704849243164062e+01
3.544005966186523438e+01
5.793323993682861328e+00
1.252759933471679688e+00
1.272188663482666016e+01
2.376074218750000000e+01
-4.181060791015625000e-01
1.177883148193359375e-02
5.432635784149169922e+00
3.426480102539062500e+01
2.292114639282226562e+01
8.998231887817382812e+00
2.068421936035156250e+01
3.563722991943359375e+01
5.000775527954101562e+01
4.675132751464843750e+01
4.981219482421875000e+01
3.209708023071289062e+01
4.877376556396484375e-01
-1.859664916992187500e-01
1.102282524108886719e+00
2.515057373046875000e+01
2.214049339294433594e+00
6.263111591339111328e+00
-3.356637954711914062e-01
1.996946334838867188e+00
2.451902389526367188e+00
1.649980545043945312e-01
1.398164749145507812e+00
1.629889488220214844e+00
1.556406593322753906e+01
2.159922599792480469e+00
7.685353755950927734e+00
7.439445495605468750e+00
7.226692199707031250e+00
1.552389144897460938e+00
5.680484771728515625e-01
7.977113723754882812e-01
7.844781875610351562e-01
1.290204143524169922e+01
2.873500347137451172e+00
7.418604850769042969e+00
1.016751289367675781e+00
3.325501441955566406e+00
2.790584087371826172e+00
4.844455718994140625e-01
7.916046142578125000e+00
2.636461257934570312e-01
2.066765594482421875e+01
-9.440784454345703125e-01
2.081070899963378906e+00
1.478355407714843750e+00
4.238750457763671875e+00
9.986476898193359375e-01
5.873513221740722656e+00
1.151594161987304688e+00
1.328929901123046875e+00
5.996673583984375000e+01
1.683039665222167969e+00
-1.634521484375000000e-01
2.901487350463867188e-01
6.528231143951416016e+00
1.136016273498535156e+01
5.698244094848632812e+00
1.625068664550781250e+00
1.517203330993652344e+01
3.577359008789062500e+01
5.284989547729492188e+01
7.748422622680664062e-01
2.016849517822265625e-01
5.460335540771484375e+01
1.213538169860839844e+00
3.194159507751464844e+00
5.162489318847656250e+01
3.790187835693359375e-01
2.064752388000488281e+01
-2.647266387939453125e-01
4.997128963470458984e+00
1.520633697509765625e-02
1.854310989379882812e+01
3.449512863159179688e+01
1.794781684875488281e+00
4.299163818359375000e-01
1.022368431091308594e+00
3.180238723754882812e+00
1.669120788574218750e+00
7.950124740600585938e-01
