1.019789695739746094e+00
3.864802169799804688e+01
1.400564002990722656e+01
4.906215667724609375e-01
2.612237930297851562e-01
2.153949737548828125e-01
5.943499565124511719e+00
8.455707550048828125e+00
7.248935699462890625e-01
4.809786796569824219e+00
2.395173072814941406e+00
5.342678546905517578e+00
9.844875335693359375e-02
4.031562805175781250e-01
5.138679504394531250e+01
3.274333000183105469e+00
2.321653366088867188e-01
1.949195861816406250e+00
4.136755943298339844e+00
2.437681579589843750e+01
1.041071891784667969e+00
2.162752723693847656e+01
2.362767982482910156e+01
3.601331329345703125e+01
1.280359554290771484e+01
1.970436096191406250e+00
1.883616447448730469e+00
9.834012985229492188e-01
1.999238014221191406e+00
1.093267440795898438e+00
1.111025810241699219e+00
5.776491165161132812e-01
5.630829238891601562e+01
6.017299175262451172e+00
6.119318008422851562e-01
4.246473789215087891e+00
2.153711700439453125e+01
8.887119293212890625e-01
1.407097816467285156e+00
5.026674270629882812e-01
2.722721099853515625e-01
1.366291999816894531e+00
1.415152549743652344e+00
3.906020641326904297e+00
5.473299026489257812e+01
1.284190177917480469e+00
3.373327255249023438e-01
2.828283309936523438e-01
2.254959106445312500e+00
1.627247810363769531e+00
2.996616363525390625e-01
5.491688537597656250e+01
8.990287780761718750e-01
8.540673255920410156e+00
1.870746612548828125e-01
3.911053180694580078e+00
1.353787422180175781e+00
6.238031387329101562e-01
3.536417007446289062e+00
5.659093856811523438e-01
8.396863937377929688e-01
4.283764839172363281e+00
1.293927288055419922e+01
2.640933990478515625e-01
8.610711097717285156e+00
2.964142322540283203e+00
4.099770545959472656e+00
1.296494102478027344e+01
2.078762054443359375e-01
7.671823501586914062e-01
3.325064849853515625e+01
1.155700683593750000e+00
3.553881835937500000e+01
7.274740219116210938e+00
1.778020858764648438e+00
1.955311775207519531e+00
2.010208129882812500e+00
1.094666481018066406e+00
3.767951488494873047e+00
1.063179016113281250e+00
3.453107833862304688e+01
3.706887817382812500e+01
8.126451492309570312e+00
4.281021118164062500e+01
1.299300193786621094e+00
6.783809661865234375e-01
5.687770366668701172e+00
4.734841156005859375e+01
3.191404342651367188e-01
7.732000350952148438e-01
1.033038425445556641e+01
7.821168899536132812e+00
1.931531906127929688e+00
1.549325942993164062e+00
5.043767929077148438e+00
7.137607574462890625e+00
1.045284271240234375e-01
5.074796295166015625e+01
5.033337116241455078e+00
3.797540664672851562e-01
2.763828659057617188e+01
3.086114883422851562e+00
2.018460845947265625e+01
7.055331707000732422e+00
4.691410064697265625e-01
3.071801662445068359e+00
1.186998081207275391e+01
4.658285140991210938e+01
4.150461673736572266e+00
4.065150260925292969e+00
5.737936973571777344e+00
1.287976264953613281e+00
4.979743957519531250e-01
1.503174781799316406e+00
5.291535377502441406e+00
5.378265380859375000e-01
2.227497100830078125e-01
7.057010650634765625e+00
4.292042541503906250e+01
2.451511383056640625e+00
1.241909027099609375e+00
1.202900695800781250e+01
5.072565078735351562e-01
2.348124504089355469e+01
5.306431198120117188e+01
2.106332778930664062e-01
1.255221462249755859e+01
1.353175163269042969e+00
1.315380096435546875e+00
4.855909347534179688e-01
1.123392105102539062e+00
4.742642593383789062e+01
5.141634368896484375e+01
2.534777450561523438e+01
8.527460098266601562e-01
5.238389968872070312e+01
3.951033592224121094e+00
2.353808403015136719e+00
2.382444000244140625e+01
8.200990676879882812e+00
8.694919586181640625e+00
3.360090732574462891e+00
5.364484786987304688e-01
4.926226425170898438e+01
3.163957023620605469e+01
2.804157257080078125e+00
2.189617156982421875e-01
5.386924743652343750e-01
7.375249862670898438e-01
1.893992233276367188e+01
7.335281372070312500e-02
1.617872238159179688e+00
2.812136650085449219e+00
1.375285911560058594e+01
8.671636581420898438e-01
3.485794067382812500e-01
4.754000186920166016e+00
2.501573562622070312e-01
5.559797286987304688e-01
3.113242912292480469e+01
2.918423175811767578e+00
1.817266464233398438e+00
2.891484737396240234e+00
1.032321929931640625e+00
7.818555831909179688e-01
1.334193229675292969e+00
1.977252960205078125e+00
1.025681495666503906e+00
3.211142730712890625e+01
1.050889968872070312e+00
5.564261627197265625e+01
3.633532714843750000e+01
6.050181198120117188e+01
1.986416816711425781e+00
6.177730560302734375e+00
5.377268791198730469e+00
3.097518920898437500e+00
4.937923908233642578e+00
4.328840732574462891e+00
1.323650360107421875e+00
9.861583709716796875e-01
4.575875282287597656e+00
8.064746856689453125e+00
4.623003005981445312e-01
2.576384544372558594e+00
2.077327346801757812e+01
9.036235809326171875e+00
2.574099540710449219e+00
2.066469192504882812e-01
2.935222148895263672e+00
7.724530696868896484e+00
1.345491409301757812e+00
8.003540039062500000e-01
4.911228942871093750e+01
3.294186401367187500e+01
3.998892784118652344e+00
3.525556087493896484e+00
6.042478084564208984e+00
1.244685077667236328e+01
1.132071495056152344e+00
2.414700317382812500e+01
5.020833969116210938e+01
1.244667053222656250e+00
1.012750625610351562e+00
2.293730163574218750e+01
1.465088653564453125e+01
3.795091247558593750e+01
2.948735237121582031e+00
3.538702964782714844e+00
1.226114749908447266e+01
2.389290809631347656e+00
2.965030670166015625e+00
1.154777526855468750e+00
4.672365188598632812e+01
8.239171981811523438e+00
1.286600971221923828e+01
7.963342666625976562e-01
1.436188125610351562e+01
4.652437210083007812e+00
1.211872386932373047e+01
4.972871398925781250e+01
2.104487609863281250e+01
2.916867733001708984e+00
1.253615188598632812e+01
1.689681053161621094e+00
8.059686660766601562e+00
3.809018707275390625e+01
1.552622985839843750e+01
2.941236019134521484e+00
1.422691345214843750e+00
3.956811904907226562e+00
5.086650848388671875e-01
8.262777328491210938e-01
5.437099933624267578e+00
6.808008193969726562e+00
4.934376239776611328e+00
7.247675895690917969e+00
8.489904403686523438e-01
3.736734390258789062e-01
7.863750457763671875e-01
5.233093261718750000e+01
1.048426628112792969e+00
1.523257255554199219e+01
1.396794509887695312e+01
2.026449012756347656e+01
8.007942199707031250e+00
1.611781120300292969e+00
3.498728179931640625e+01
2.107080459594726562e+00
7.327297210693359375e+00
2.286816596984863281e+00
1.684839057922363281e+01
3.598350143432617188e+01
5.592880249023437500e-01
2.009508895874023438e+01
2.220161437988281250e+00
3.309390258789062500e+01
4.254197120666503906e+00
1.614067077636718750e+00
7.671737670898437500e-01
1.346260070800781250e+00
1.279306411743164062e-01
1.957305145263671875e+01
5.102572441101074219e+00
6.193170547485351562e+01
6.549806594848632812e-01
2.038256835937500000e+01
7.276496887207031250e-01
3.102226734161376953e+00
1.234067726135253906e+01
2.121733093261718750e+01
8.112087249755859375e-01
2.916101932525634766e+00
9.722700119018554688e+00
1.316296577453613281e+00
5.118535041809082031e+00
2.180569839477539062e+01
