5.317787647247314453e+00
1.614894866943359375e-01
4.995450973510742188e-01
6.933689117431640625e-01
1.270938587188720703e+01
4.035066604614257812e+00
1.180776309967041016e+01
2.383728027343750000e-01
4.444836425781250000e+01
3.446319580078125000e+00
4.306755065917968750e-01
4.411643028259277344e+00
1.191042327880859375e+01
9.820194244384765625e-01
3.151810646057128906e+00
1.181681632995605469e+00
2.241418838500976562e+00
1.187998390197753906e+01
3.065758705139160156e+00
2.859137535095214844e+00
1.282533645629882812e+00
3.870325469970703125e+01
5.712175369262695312e-01
7.483034133911132812e-01
1.910667419433593750e-01
8.138935089111328125e+00
7.234659194946289062e+00
3.223091888427734375e+01
7.040324211120605469e+00
1.366080951690673828e+01
1.584627151489257812e+00
5.288753509521484375e-01
1.434752464294433594e+00
3.011356353759765625e+00
8.063173294067382812e-01
8.415613174438476562e-01
3.413286590576171875e+01
6.369495391845703125e-02
2.363510131835937500e+00
3.161725997924804688e-01
4.340438842773437500e-01
5.344591140747070312e-01
1.106309890747070312e-01
4.696762084960937500e+00
2.110899543762207031e+01
5.361642837524414062e-01
3.616659164428710938e+01
7.340915679931640625e+00
2.424374771118164062e+01
4.217409515380859375e+01
1.148957252502441406e+00
6.825370788574218750e-01
5.604190826416015625e-01
4.241838455200195312e-01
8.381919860839843750e-01
1.473183631896972656e+00
1.641352653503417969e+00
3.263893127441406250e-01
2.143417358398437500e+01
7.997037887573242188e+00
5.738450527191162109e+00
1.418226242065429688e+00
1.387887954711914062e+00
1.438554382324218750e+01
1.031408309936523438e+00
2.067201614379882812e+00
9.084900856018066406e+00
4.719975280761718750e+01
1.281320381164550781e+01
8.226108551025390625e-01
2.495658302307128906e+01
6.868772506713867188e-01
9.560632705688476562e-01
2.099270820617675781e+00
1.968524360656738281e+01
5.490917205810546875e+01
5.004912853240966797e+00
2.648030281066894531e+00
6.923446655273437500e+00
5.788660049438476562e-01
3.247664642333984375e+01
1.268986988067626953e+01
3.453138351440429688e+01
3.751624298095703125e+01
2.104815483093261719e+00
2.675933837890625000e-01
2.774182891845703125e+01
6.235694885253906250e-01
5.011081695556640625e-02
1.393950462341308594e+00
1.330516815185546875e+00
2.411938667297363281e+00
3.206157684326171875e-01
9.621477127075195312e-01
5.148619842529296875e+01
1.359818458557128906e+00
9.610662460327148438e-01
2.907064914703369141e+00
5.237830162048339844e+00
4.665463924407958984e+00
4.930773162841796875e+01
2.843138122558593750e+01
1.713495254516601562e-01
3.254474639892578125e+01
4.352741241455078125e+00
1.293239688873291016e+01
4.667859649658203125e+01
2.284809112548828125e+00
5.605292797088623047e+00
3.886334896087646484e+00
4.983466148376464844e+00
3.799658298492431641e+00
2.070836067199707031e+00
7.482999801635742188e+00
1.840962409973144531e+00
3.134452247619628906e+01
1.676108169555664062e+01
7.718296051025390625e-01
7.638995170593261719e+00
7.622394561767578125e-01
2.983974933624267578e+00
7.689377784729003906e+00
3.692873954772949219e+00
8.987121582031250000e-01
9.495706558227539062e-01
2.405613136291503906e+01
1.674991607666015625e+00
1.483152961730957031e+01
3.733243942260742188e-01
2.214022636413574219e+01
2.464418411254882812e-01
3.432707214355468750e+01
5.067700195312500000e+01
3.738405227661132812e+00
5.214664459228515625e+01
2.678483009338378906e+00
4.685592174530029297e+00
1.688149452209472656e+00
7.979781627655029297e+00
3.226315689086914062e+01
7.978831768035888672e+00
5.768074512481689453e+00
2.943014621734619141e+00
2.103325843811035156e+00
8.517770767211914062e-01
2.038568496704101562e+01
1.942658233642578125e+01
7.929769515991210938e+00
4.262275695800781250e-01
3.741812515258789062e+01
5.956643104553222656e+00
2.703127861022949219e+00
6.495180130004882812e-01
8.714358329772949219e+00
5.349107360839843750e+01
2.310960388183593750e+01
2.051371574401855469e+00
3.742469787597656250e+00
6.019497394561767578e+00
4.537611007690429688e-01
6.360177993774414062e-01
2.064618110656738281e+01
2.062315940856933594e+01
5.741355419158935547e+00
4.635295867919921875e+01
2.068156242370605469e+00
4.356784820556640625e-01
1.034523963928222656e+00
6.153717041015625000e-01
3.647440433502197266e+00
5.074604797363281250e+01
3.454026794433593750e+01
3.617286682128906250e-02
1.038385391235351562e+00
1.156564712524414062e+01
5.613394165039062500e+01
5.522796630859375000e+01
5.090228271484375000e+01
1.468391418457031250e+00
4.022229671478271484e+00
1.062923431396484375e+00
2.914811134338378906e+00
6.889228820800781250e-01
1.729850769042968750e-01
3.816738128662109375e-01
1.189794540405273438e-01
8.056980133056640625e+00
5.091352462768554688e-01
3.839784622192382812e+00
2.766874313354492188e+00
1.711125373840332031e+00
2.467368125915527344e+00
1.033018493652343750e+01
2.080411911010742188e+00
1.533006095886230469e+01
1.740767478942871094e+00
4.899978637695312500e-03
3.838015556335449219e+00
2.347549438476562500e+00
2.972221374511718750e-01
2.161783599853515625e+01
5.599164962768554688e-01
3.960700988769531250e+00
1.575206756591796875e+00
8.123195648193359375e+00
1.548453044891357422e+01
3.796034240722656250e+01
2.368507385253906250e-01
8.292160034179687500e-01
2.382436370849609375e+01
5.268515014648437500e+01
1.143162727355957031e+00
6.967363357543945312e-01
6.005821990966796875e+01
2.163381576538085938e+00
1.823520660400390625e-02
1.635341644287109375e-01
1.868039703369140625e+01
1.024932861328125000e+00
3.259745121002197266e+00
9.694366455078125000e-01
2.694480419158935547e+00
3.164743423461914062e+00
3.345197677612304688e+00
4.103641510009765625e-01
1.679811477661132812e-01
9.523897171020507812e-01
4.842186450958251953e+00
7.254226684570312500e+00
7.337303161621093750e-01
5.347824096679687500e-02
2.495098114013671875e-01
5.816538810729980469e+00
8.867083549499511719e+00
3.248267745971679688e+01
5.890817642211914062e-01
3.815417289733886719e+00
2.596662521362304688e+00
3.609370422363281250e+01
1.931464195251464844e+00
5.328419494628906250e+01
3.940113544464111328e+00
2.881467342376708984e+00
2.056485748291015625e+01
9.818172454833984375e-02
3.506514739990234375e+01
2.983590126037597656e+00
5.597107696533203125e+01
3.507479858398437500e+01
2.097510337829589844e+00
5.754985809326171875e-01
1.315024375915527344e+00
1.252022743225097656e+01
8.776426315307617188e+00
1.925646781921386719e+00
4.914419651031494141e+00
7.590923309326171875e-01
3.608760833740234375e-01
2.977247238159179688e-01
9.417772293090820312e+00
4.962149810791015625e+01
5.436229705810546875e-01
2.541906738281250000e+01
4.770252227783203125e+01
1.333272361755371094e+01
2.000326728820800781e+01
8.018186569213867188e+00
1.383282947540283203e+01
1.447199726104736328e+01
2.878420352935791016e+00
1.376357078552246094e+00
2.326307296752929688e+00
2.690544605255126953e+00
1.281096744537353516e+01
4.139387130737304688e+01
2.039613723754882812e+01
1.243957424163818359e+01
