7.423257827758789062e-01
6.633720397949218750e-01
3.650285243988037109e+00
8.514242172241210938e+00
4.374591350555419922e+00
-6.143474578857421875e-02
-9.394359588623046875e-02
6.216022872924804688e+01
3.018949508666992188e+01
4.298344135284423828e+00
2.226668357849121094e+00
3.156688308715820312e+01
1.485664367675781250e+00
5.548553466796875000e+00
7.006349563598632812e-01
1.694774627685546875e-02
3.999697685241699219e+00
2.350396347045898438e+01
1.161585807800292969e+00
1.958550643920898438e+01
2.078598785400390625e+01
3.934278488159179688e-01
1.218208885192871094e+01
3.985500335693359375e-01
-2.491569519042968750e-02
2.020133972167968750e+00
1.174034118652343750e+01
3.827471733093261719e+00
2.040973281860351562e+01
1.597401618957519531e+00
4.947092056274414062e+01
2.293502998352050781e+01
2.162693786621093750e+01
4.492044448852539062e-01
9.194116592407226562e-01
8.595457077026367188e+00
1.316061019897460938e+00
3.162945938110351562e+01
4.652563476562500000e+01
1.527872085571289062e-01
1.227773666381835938e+00
4.685484313964843750e+01
3.203059768676757812e+01
7.552514076232910156e+00
5.394176483154296875e+01
2.730432891845703125e+01
2.454166412353515625e-01
1.913679122924804688e+00
2.835799694061279297e+00
5.893434524536132812e+00
2.527536392211914062e+00
2.429053306579589844e+00
5.030002975463867188e+01
1.907739639282226562e-01
1.354806900024414062e+00
2.619089126586914062e+00
1.292224502563476562e+01
1.467973804473876953e+01
4.170846939086914062e-01
3.648566722869873047e+00
2.360281944274902344e+00
6.198921203613281250e-01
4.622457885742187500e+01
1.834611892700195312e-01
4.248539733886718750e+01
3.519021606445312500e+01
1.286087036132812500e+00
4.806529521942138672e+00
9.714145660400390625e-01
2.787401199340820312e+00
4.969408035278320312e+00
1.220334053039550781e+00
1.551883697509765625e+01
1.690987014770507812e+01
-3.546237945556640625e-02
2.103858947753906250e+01
3.550557327270507812e+01
1.085818290710449219e+00
4.152654647827148438e+00
1.950548171997070312e+00
5.630647659301757812e+00
1.126850128173828125e+00
1.209757804870605469e+00
3.550261306762695312e+01
2.396085739135742188e+01
2.855514049530029297e+00
3.796956253051757812e+01
1.391014862060546875e+01
2.063917160034179688e+00
2.861396789550781250e+00
2.750335216522216797e+00
2.521390914916992188e-01
3.710260391235351562e-01
4.931249618530273438e-01
9.956102371215820312e-01
1.902022933959960938e+01
3.806063079833984375e+01
7.920679092407226562e+00
6.407375335693359375e-01
1.096762657165527344e+00
4.834098815917968750e-01
3.418195247650146484e+00
6.121162414550781250e+00
1.171676635742187500e+00
-1.457357406616210938e-01
5.168794631958007812e+01
7.037979125976562500e+00
2.336023902893066406e+01
6.903915405273437500e-01
1.943197250366210938e-01
8.230686187744140625e-01
1.181067562103271484e+01
7.353897094726562500e-01
1.769135475158691406e+00
6.328611373901367188e-01
1.380896949768066406e+01
3.137579441070556641e+00
5.110887527465820312e+00
2.435341644287109375e+01
3.287853717803955078e+00
5.210126876831054688e+01
8.212728500366210938e-01
3.228416442871093750e-01
2.351721763610839844e+00
3.927712917327880859e+00
2.022211074829101562e+01
5.267307281494140625e+00
2.601226806640625000e+00
7.134804248809814453e+00
5.182398223876953125e+01
4.368104457855224609e+00
1.183823585510253906e+00
3.404032707214355469e+00
4.419482707977294922e+00
-1.004314422607421875e-01
5.260266304016113281e+00
7.159646034240722656e+00
1.152979087829589844e+01
1.933826446533203125e+00
1.525240230560302734e+01
2.348804473876953125e-01
7.292184829711914062e-01
1.227690219879150391e+01
1.927584457397460938e+01
8.108543395996093750e+00
2.111513137817382812e+01
5.340937137603759766e+00
3.655311107635498047e+00
5.901212692260742188e-01
3.987107753753662109e+00
3.241889953613281250e+01
4.996577072143554688e+01
5.889606475830078125e-01
4.765729904174804688e-01
2.165288925170898438e-01
3.019396781921386719e+00
5.270000457763671875e+00
3.455820083618164062e-01
1.039609909057617188e-01
7.798459053039550781e+00
1.038227081298828125e+00
6.201107501983642578e+00
4.923922729492187500e+01
1.029370307922363281e+01
7.524347305297851562e-01
2.991073131561279297e+00
6.369829177856445312e-01
5.593537902832031250e+01
3.037336349487304688e+01
2.989850044250488281e+00
6.144838333129882812e-01
1.264165973663330078e+01
4.557974338531494141e+00
1.923150062561035156e+00
2.219361305236816406e+00
2.067856788635253906e+00
3.570997238159179688e+01
4.596800613403320312e+01
2.973976135253906250e-01
3.967995643615722656e+00
2.408790588378906250e-01
1.259686851501464844e+01
5.523759078979492188e+01
2.017590713500976562e+01
1.343429565429687500e+00
1.892963409423828125e+00
1.262359619140625000e-01
3.849025344848632812e+01
1.295337677001953125e+00
6.033228302001953125e+01
5.486097717285156250e+01
1.881621360778808594e+00
1.037343025207519531e+00
2.059704780578613281e+00
4.891204833984375000e-01
2.593590545654296875e+01
1.068876266479492188e+00
3.374811935424804688e+01
1.402130508422851562e+01
4.920258998870849609e+00
6.853652954101562500e+00
4.909167861938476562e+01
5.122108459472656250e-01
9.382152557373046875e-01
2.817160129547119141e+00
1.661236763000488281e+00
3.392694854736328125e+01
1.652458190917968750e+00
7.533540725708007812e-01
2.805134773254394531e+00
1.270389556884765625e-01
4.419794082641601562e-01
2.433204650878906250e-02
1.238814163208007812e+01
1.247076511383056641e+01
4.967578125000000000e+01
7.680664062500000000e+00
4.045381546020507812e+00
7.459020137786865234e+00
3.377590179443359375e-01
7.529821395874023438e-01
4.994309902191162109e+00
6.180057525634765625e-01
4.779890537261962891e+00
8.306313514709472656e+00
6.727027893066406250e-02
9.073772430419921875e+00
4.153985977172851562e+00
2.627943992614746094e+00
1.874284744262695312e+00
1.612230300903320312e+00
1.352843284606933594e+00
2.057186508178710938e+01
5.110549545288085938e+01
2.863324165344238281e+00
8.625764846801757812e+00
4.291391372680664062e-01
1.233968067169189453e+01
3.394100952148437500e+01
8.242845535278320312e-01
7.838357925415039062e+00
2.018016242980957031e+01
2.541038513183593750e+00
3.731998443603515625e+01
5.581064224243164062e+00
3.277289199829101562e+01
1.484601020812988281e+00
2.803945064544677734e+00
7.763570308685302734e+00
4.174840927124023438e+00
5.017080307006835938e-01
1.193831253051757812e+01
9.125061035156250000e-01
1.957856178283691406e+00
1.396847724914550781e+00
1.003815650939941406e+00
3.470023345947265625e+01
2.011680603027343750e+00
7.995449066162109375e+00
2.180421829223632812e+00
6.676406860351562500e-01
7.365617752075195312e-01
1.075874328613281250e+00
1.290106773376464844e+00
1.004317188262939453e+01
3.666009426116943359e+00
5.282802963256835938e+01
1.403612136840820312e+00
5.733919143676757812e-01
1.251406002044677734e+01
1.845935821533203125e+00
4.485712051391601562e-01
5.177869319915771484e+00
9.422111511230468750e-02
3.941781520843505859e+00
1.876725196838378906e+00
2.109499931335449219e+01
