3.624791145324707031e+00
5.035954666137695312e+01
5.414311408996582031e+00
2.294988632202148438e-01
1.009815216064453125e+00
9.028959274291992188e-01
1.419096469879150391e+01
6.235532760620117188e-01
3.444336700439453125e+01
3.749322509765625000e+01
1.151562023162841797e+01
2.125477218627929688e+01
4.584104537963867188e+00
1.754186630249023438e+00
8.868420600891113281e+00
8.786849975585937500e-01
1.234522151947021484e+01
5.198740005493164062e+01
5.701522827148437500e-01
6.407575607299804688e-01
-1.530838012695312500e-02
7.798290252685546875e-02
1.344373703002929688e+00
5.567580223083496094e+00
3.246952438354492188e+01
2.455468750000000000e+01
1.403029441833496094e+01
2.116656112670898438e+01
8.926118850708007812e+00
6.013144969940185547e+00
-4.854679107666015625e-02
5.077780532836914062e+01
1.370536136627197266e+01
4.494594192504882812e+01
2.369596481323242188e+01
3.341329097747802734e+00
5.526056289672851562e+01
7.846878051757812500e+00
2.040062904357910156e+00
1.393203735351562500e+00
3.280403137207031250e+01
4.945368766784667969e+00
1.927866935729980469e+00
3.928995132446289062e+00
3.513903808593750000e+01
6.014823913574218750e-01
5.206757545471191406e+00
4.094676971435546875e-01
1.743767738342285156e+00
2.931859970092773438e+00
4.314689636230468750e-01
1.404650688171386719e+00
4.791011810302734375e-01
1.190184974670410156e+01
2.846212387084960938e-01
4.107675552368164062e+00
1.579625129699707031e+00
2.164857864379882812e+00
4.292030334472656250e-01
2.894824981689453125e+00
4.169777393341064453e+00
1.103012084960937500e+00
2.392633819580078125e+01
5.125372409820556641e+00
6.642065048217773438e-01
3.818040466308593750e+01
8.626174926757812500e-01
7.883156776428222656e+00
2.017195320129394531e+01
1.090021133422851562e+00
1.979598045349121094e+00
1.282999038696289062e+00
8.645975112915039062e+00
1.864177894592285156e+01
7.290204048156738281e+00
5.491610717773437500e+01
2.306202697753906250e+01
1.950718879699707031e+00
3.063987255096435547e+00
7.681436538696289062e-01
5.811296939849853516e+00
8.208072662353515625e+00
7.463479995727539062e+00
4.267266464233398438e+01
3.228197097778320312e-01
4.471196174621582031e+00
1.303710937500000000e-01
5.208599472045898438e+01
3.378832817077636719e+00
3.007065963745117188e+01
4.224365234375000000e+00
4.688682556152343750e-01
6.703906536102294922e+00
4.311410427093505859e+00
1.401363372802734375e+00
4.380707740783691406e+00
1.761064529418945312e-01
7.636499404907226562e+00
1.575301170349121094e+00
1.525294303894042969e+00
-6.413936614990234375e-02
2.180130004882812500e+00
2.591027259826660156e+00
5.407672882080078125e+01
1.105514526367187500e+00
6.213926696777343750e+01
8.841161727905273438e-01
1.455247688293457031e+01
6.893310546875000000e-01
3.164561271667480469e+00
-9.294509887695312500e-02
2.441996574401855469e+00
3.955020904541015625e-01
9.965476989746093750e-01
3.149115371704101562e+01
1.341119766235351562e+00
8.462333679199218750e-01
4.339551925659179688e-01
4.958715438842773438e-01
6.914632797241210938e+00
2.896280288696289062e-01
6.072252655029296875e+01
2.035066795349121094e+01
3.769221496582031250e+01
1.919475555419921875e+00
5.637175750732421875e+01
1.079254150390625000e+00
5.354151153564453125e+01
1.664624214172363281e+00
1.429413795471191406e+00
6.521186828613281250e-01
5.504140853881835938e-01
2.158924865722656250e+01
3.189191341400146484e+00
5.071601486206054688e+01
9.918861389160156250e-01
2.219858741760253906e+01
1.669097900390625000e+00
3.708362579345703125e-01
2.222703933715820312e+00
5.016475296020507812e+01
1.399265193939208984e+01
1.751327514648437500e-01
2.093699645996093750e+01
3.548539733886718750e+01
-1.121540069580078125e-01
5.215207290649414062e+01
3.842212200164794922e+00
6.935977935791015625e-02
1.437630653381347656e+00
6.378278732299804688e-01
4.612255096435546875e-01
3.702640533447265625e-02
3.006772994995117188e-01
5.455331802368164062e-01
2.763061523437500000e-01
9.814252853393554688e-01
3.408285140991210938e+01
1.273639678955078125e+01
1.634009933471679688e+01
3.783025741577148438e+01
3.258238315582275391e+00
2.731547355651855469e+00
8.278312683105468750e-01
3.394440078735351562e+01
1.083936691284179688e+00
2.292725372314453125e+01
4.193841934204101562e+01
5.040705490112304688e+01
1.176564216613769531e+00
-3.871822357177734375e-02
2.287157058715820312e+00
1.005874919891357422e+01
8.019672393798828125e+00
6.561107635498046875e-01
2.313213348388671875e-01
3.908004760742187500e+00
5.985409259796142578e+00
2.752375602722167969e+00
2.247982978820800781e+00
7.931491374969482422e+00
3.509139060974121094e+00
2.170764923095703125e+00
5.693748092651367188e+01
4.523115158081054688e-01
1.632030487060546875e+00
9.666347503662109375e-01
-2.183599472045898438e-01
2.569369506835937500e+01
2.602510452270507812e-01
3.423853874206542969e+00
1.181171894073486328e+01
2.040297317504882812e+01
1.286173343658447266e+01
2.756032943725585938e+01
7.157611846923828125e-01
1.485500335693359375e-01
5.745632648468017578e+00
1.481892585754394531e+00
2.898788452148437500e+00
3.009924888610839844e+00
1.743271827697753906e+00
2.473333358764648438e+00
3.331993484497070312e+01
1.546449661254882812e-01
1.968537902832031250e+01
4.727298736572265625e+01
-3.237047195434570312e-01
7.381603717803955078e+00
3.336531448364257812e+01
1.119950294494628906e+00
2.042719841003417969e+00
8.594613075256347656e+00
5.389666080474853516e+00
8.687412261962890625e+00
1.689293861389160156e+00
7.770845413208007812e+00
8.266429901123046875e-01
6.207355022430419922e+00
3.059723281860351562e+01
3.035864830017089844e+00
1.937665939331054688e-01
5.204911231994628906e+00
8.300106048583984375e+00
-5.587577819824218750e-03
3.152994155883789062e+00
4.749827861785888672e+00
2.116830825805664062e+00
7.319262981414794922e+00
2.614753723144531250e+00
2.422921180725097656e+00
4.853010177612304688e-01
3.531290435791015625e+01
1.134645462036132812e+00
2.560895919799804688e+00
1.180753135681152344e+01
1.396971321105957031e+01
4.958164691925048828e+00
9.505929946899414062e-01
3.500426864624023438e+01
6.286172866821289062e-01
1.916778945922851562e+01
3.733423233032226562e+00
7.413682937622070312e-01
1.283593177795410156e+00
4.933969879150390625e+01
1.270938491821289062e+01
1.711563110351562500e+00
1.490707397460937500e+00
5.033803176879882812e+01
4.693751907348632812e+01
4.665845108032226562e+01
2.810321807861328125e+00
2.713614463806152344e+00
1.849372863769531250e+00
1.421267509460449219e+00
1.705084800720214844e+00
2.930860519409179688e-01
1.499202156066894531e+01
6.247177124023437500e-01
5.814095020294189453e+00
8.983535766601562500e+00
3.895528793334960938e+00
7.100486755371093750e-01
8.395462036132812500e-01
4.438617229461669922e+00
2.105322074890136719e+01
1.636838912963867188e-01
5.758237838745117188e-01
4.258799076080322266e+00
3.393154525756835938e+01
3.754034042358398438e-01
1.984873771667480469e+00
3.218812942504882812e+01
2.643683433532714844e+00
8.899307250976562500e-02
2.142911148071289062e+01
