1.543571662902832031e+01
5.357008934020996094e+00
4.676480484008789062e+01
1.002578735351562500e+00
1.515729808807373047e+01
3.553252220153808594e+00
7.792844772338867188e-01
3.557021617889404297e+00
2.242203712463378906e+00
2.018041610717773438e-01
4.492177963256835938e-01
1.177348995208740234e+01
4.111293315887451172e+00
7.390356063842773438e-01
1.315093040466308594e+00
1.345780372619628906e+00
3.237354278564453125e+00
1.449435234069824219e+00
8.569231033325195312e-01
8.354578018188476562e-01
2.004754829406738281e+01
1.232302093505859375e+01
1.300279235839843750e+01
2.122434616088867188e+01
8.024458885192871094e+00
-4.202556610107421875e-02
1.224728012084960938e+01
3.916281700134277344e+00
5.662624835968017578e+00
1.365219116210937500e+00
7.656984329223632812e-01
1.160634040832519531e+00
1.722527694702148438e+01
9.083309173583984375e-01
6.534337997436523438e-01
3.267805480957031250e+01
5.719037628173828125e+01
5.529801177978515625e+01
1.406008434295654297e+01
9.082481384277343750e+00
1.102643966674804688e+00
1.816480636596679688e+00
1.158043861389160156e+00
4.011297225952148438e-01
1.340065956115722656e+00
2.529869079589843750e+00
2.128822708129882812e+01
8.691459655761718750e+00
2.956881046295166016e+00
8.785247802734375000e-03
5.054536819458007812e+00
2.746763229370117188e-01
3.128652572631835938e-01
1.864484786987304688e+00
2.716100692749023438e+00
1.985843658447265625e+00
4.979705810546875000e-01
5.269813537597656250e-01
1.906595230102539062e-01
4.868211746215820312e-01
2.550919532775878906e+00
4.513954639434814453e+00
2.201773643493652344e+00
5.419050598144531250e+01
1.272000694274902344e+01
4.901535034179687500e+01
3.503128051757812500e+01
1.404039001464843750e+01
8.373880386352539062e-01
5.470368194580078125e+01
2.052271842956542969e+00
2.135869026184082031e+00
9.913387298583984375e-01
2.476200485229492188e+01
2.469730377197265625e-01
1.449937820434570312e+01
8.174734115600585938e-01
3.283825683593750000e+01
2.458324432373046875e-01
2.091455459594726562e+00
1.548748016357421875e-01
2.088538360595703125e+01
5.918727874755859375e+00
1.186653804779052734e+01
2.462567329406738281e+00
2.257945251464843750e+01
7.262172698974609375e-01
7.148866653442382812e-01
5.649513626098632812e+01
7.202028274536132812e+00
4.990848541259765625e+00
8.571765899658203125e+00
2.328398704528808594e+00
1.343231201171875000e+00
9.049666404724121094e+00
3.239251708984375000e+01
5.581798553466796875e-01
3.388179779052734375e+01
2.576483917236328125e+01
1.031589508056640625e+00
7.045811653137207031e+00
4.233908176422119141e+00
1.609854698181152344e+00
1.172525405883789062e+00
6.132663726806640625e+01
1.255420398712158203e+01
7.647153854370117188e+00
4.156131744384765625e-01
3.822762298583984375e+01
8.222224235534667969e+00
2.394467353820800781e+00
6.233561706542968750e+01
5.297340393066406250e+00
4.998769760131835938e+01
1.225696563720703125e+00
4.944973468780517578e+00
2.431576538085937500e+01
1.169749259948730469e+00
7.989034652709960938e-01
2.164935111999511719e+00
1.960094451904296875e+00
3.497862243652343750e+01
2.049448013305664062e+01
3.590135574340820312e-01
3.508840942382812500e+01
1.555768966674804688e+00
5.152464675903320312e+01
3.718077087402343750e+01
1.678675651550292969e+00
2.777295112609863281e+00
8.140033721923828125e+00
3.805367469787597656e+00
7.726545810699462891e+00
5.098796081542968750e+01
4.739141464233398438e-01
9.117889404296875000e-01
3.663282394409179688e-01
4.077163219451904297e+00
1.461514472961425781e+01
3.523139953613281250e-01
4.027888774871826172e+00
7.864985466003417969e+00
1.302371883392333984e+01
3.602205657958984375e+01
2.102785110473632812e-01
5.133934020996093750e-01
5.346597671508789062e+00
3.574159622192382812e+00
6.213443756103515625e+00
1.958341598510742188e+01
3.361396789550781250e-01
1.018002510070800781e+00
4.985845184326171875e+01
1.069778442382812500e+00
5.831527709960937500e-01
4.288626098632812500e+01
2.090860366821289062e+00
3.869787597656250000e+01
5.736201477050781250e+01
3.463729858398437500e+00
2.344274520874023438e-01
3.433952713012695312e+01
8.607931137084960938e+00
1.497717857360839844e+00
1.087762832641601562e+00
2.052973175048828125e+01
1.872521400451660156e+00
7.102039813995361328e+00
3.919703006744384766e+00
3.308496475219726562e-01
7.015228271484375000e-01
2.777156352996826172e+00
2.818227767944335938e+00
2.160336303710937500e+01
4.835347366333007812e+01
1.281519889831542969e+00
5.361590576171875000e+01
2.610902786254882812e-01
3.014220046997070312e+01
6.004901409149169922e+00
2.377038192749023438e+01
2.646529197692871094e+00
6.286993980407714844e+00
5.480194091796875000e-01
3.426958560943603516e+00
3.448638534545898438e+01
2.306750106811523438e+01
3.554955005645751953e+00
5.088608169555664062e+01
8.104829788208007812e-01
9.538259506225585938e-01
1.967954635620117188e+00
3.332962512969970703e+00
1.216954803466796875e+01
1.969146728515625000e-01
8.610811233520507812e+00
4.128370285034179688e-01
1.893105506896972656e+00
1.912130355834960938e+00
2.127506065368652344e+01
5.131293869018554688e+01
4.925957202911376953e+00
1.067094802856445312e-01
6.767294883728027344e+00
9.785223007202148438e-01
6.594839096069335938e-01
5.004128646850585938e+01
1.018994998931884766e+01
2.029665946960449219e+00
1.422054290771484375e+00
4.891635417938232422e+00
6.113176345825195312e-01
2.780000209808349609e+00
4.641191482543945312e+00
4.037227630615234375e-01
7.911548614501953125e-01
3.205187320709228516e+00
6.046190261840820312e-01
4.774526977539062500e+01
7.064132690429687500e-01
4.541082382202148438e-01
2.004318237304687500e+01
7.560462951660156250e+00
7.907699584960937500e+00
3.856145858764648438e+01
2.870587348937988281e+00
1.243643760681152344e+00
1.268989562988281250e+01
5.383787155151367188e+00
2.456665039062500000e-01
1.290491867065429688e+01
5.175789356231689453e+00
2.859308719635009766e+00
3.106097221374511719e+00
1.062788009643554688e+00
1.943863487243652344e+01
3.058767318725585938e-01
1.268271255493164062e+01
2.216091156005859375e-01
5.643418312072753906e+00
3.661423206329345703e+00
3.221811676025390625e+01
5.340088844299316406e+00
1.657269477844238281e+00
4.625825881958007812e-01
2.779999732971191406e+01
4.867305755615234375e-01
8.394641876220703125e+00
9.450798988342285156e+00
3.364266204833984375e+01
1.641963958740234375e+00
9.174461364746093750e-01
7.793495655059814453e+00
6.679172515869140625e-01
4.605266952514648438e+01
1.252359390258789062e+00
2.226034545898437500e+01
7.502756118774414062e-01
4.338369369506835938e+00
1.000099182128906250e-01
3.014833450317382812e+00
1.328243064880371094e+01
5.825303554534912109e+00
1.503899765014648438e+01
2.641363143920898438e+00
4.014439105987548828e+00
6.651411056518554688e-01
2.822303295135498047e+00
1.461730003356933594e+00
6.560258865356445312e-01
3.982659912109375000e+01
8.091081619262695312e+00
-6.164264678955078125e-02
2.277479171752929688e-01
2.777889728546142578e+00
3.680065631866455078e+00
6.317230701446533203e+00
