4.070661544799804688e+00
6.099008083343505859e+00
1.656105995178222656e+00
7.431983947753906250e-01
1.142259597778320312e+00
4.988772583007812500e+01
1.984439849853515625e+01
7.424163818359375000e-02
5.086531639099121094e+00
8.641868591308593750e+00
1.194574165344238281e+01
8.223686218261718750e-01
-1.609716415405273438e-01
2.680669403076171875e+01
5.113045692443847656e+00
6.675345420837402344e+00
3.223661041259765625e+01
2.406208992004394531e+00
3.409448623657226562e+00
2.558855056762695312e+00
2.047409057617187500e+01
1.000082969665527344e+00
4.256782054901123047e+00
5.070780277252197266e+00
3.478167343139648438e+01
8.923181533813476562e+00
1.210570621490478516e+01
2.480010032653808594e+00
-2.436084747314453125e-01
2.784825325012207031e+00
4.955428314208984375e+01
5.467100143432617188e-01
1.454297065734863281e+01
7.501602172851562500e-03
3.308450698852539062e+01
8.532428741455078125e-02
1.667766571044921875e-01
-4.237136840820312500e-01
7.623384475708007812e+00
8.088275909423828125e+00
1.302646636962890625e+00
1.731039047241210938e+00
3.563451766967773438e-01
6.922489166259765625e+00
2.368629837036132812e+01
4.234021377563476562e+01
8.574474334716796875e+00
1.282753562927246094e+01
1.257789421081542969e+01
5.520584106445312500e+01
3.897361755371093750e-01
1.704674720764160156e+00
5.459508895874023438e-01
1.013332366943359375e+00
3.683738708496093750e-01
8.040846824645996094e+00
3.512396335601806641e+00
3.689708709716796875e-01
2.055062103271484375e+01
1.882731437683105469e+00
1.267603492736816406e+01
2.304407119750976562e+00
4.620040893554687500e+01
2.411620140075683594e+00
3.366691589355468750e+00
9.491844177246093750e-01
5.172729492187500000e-02
1.318953514099121094e+00
3.510946750640869141e+00
2.009569168090820312e+00
5.147024154663085938e+00
2.422618865966796875e-01
1.891632080078125000e-01
2.797828674316406250e+00
1.522660255432128906e+00
1.237290859222412109e+01
3.487218475341796875e+01
7.188949584960937500e-01
2.106060028076171875e+01
5.482797622680664062e-01
4.406843185424804688e-01
1.655840873718261719e+00
1.483263969421386719e+00
2.280362319946289062e+01
2.090721321105957031e+01
5.245614242553710938e+01
3.947287082672119141e+00
3.784055328369140625e+01
7.053834438323974609e+00
2.112151145935058594e+00
1.212532043457031250e+00
4.377069473266601562e-01
6.340378761291503906e+00
1.622604370117187500e+00
3.803758239746093750e+01
1.924896240234375000e-01
5.270557022094726562e+01
9.652633666992187500e-01
3.256946563720703125e+01
5.719692707061767578e+00
1.058561325073242188e+00
5.590168952941894531e+00
9.068698883056640625e-01
1.592594146728515625e+01
5.586500930786132812e+01
1.592599868774414062e+00
2.138191223144531250e+00
1.275848388671875000e+00
1.136301994323730469e+00
4.362650871276855469e+00
2.065676116943359375e+01
2.153133392333984375e+01
2.717504501342773438e-01
3.173875808715820312e-01
2.752962589263916016e+00
1.851498603820800781e+00
2.004684448242187500e+00
6.100405502319335938e+01
5.079884529113769531e+00
2.405176353454589844e+01
3.268858909606933594e+00
7.804594039916992188e-01
2.089189529418945312e+01
4.290500164031982422e+00
4.933777618408203125e+01
2.558740615844726562e+01
2.108278274536132812e-01
3.937176704406738281e+00
4.965390777587890625e+01
2.069499969482421875e+00
4.102830886840820312e-01
1.252872467041015625e+00
2.075979232788085938e+01
6.464776992797851562e-01
3.362649536132812500e+01
1.700979232788085938e+00
1.393143272399902344e+01
4.531554222106933594e+00
3.530311584472656250e-02
1.287981986999511719e+00
3.542464065551757812e+01
7.521915435791015625e-01
6.185073852539062500e-01
2.015894889831542969e+01
3.068708419799804688e+00
6.510585308074951172e+00
1.330825424194335938e+01
1.332361221313476562e+00
3.785175800323486328e+00
5.137314605712890625e+01
1.489015579223632812e+00
4.272329711914062500e+01
1.274736118316650391e+01
2.317705535888671875e+01
1.117727279663085938e+00
1.243756294250488281e+00
-1.355800628662109375e-01
1.234454154968261719e+00
-5.574035644531250000e-02
4.132105350494384766e+00
5.881696701049804688e+00
2.322771072387695312e+00
3.743169784545898438e+01
3.741448211669921875e+01
3.382445812225341797e+00
3.727376937866210938e+00
1.142927169799804688e+00
2.380608558654785156e+00
2.355794906616210938e-01
3.427629852294921875e+01
2.897242546081542969e+00
8.551838874816894531e+00
3.230146789550781250e+01
-1.800537109375000000e-03
9.340600967407226562e-01
8.602895736694335938e-01
3.479601287841796875e+01
5.512128448486328125e+01
8.909161567687988281e+00
6.501588821411132812e-01
7.120152473449707031e+00
7.300225734710693359e+00
1.951572227478027344e+01
8.758964538574218750e-01
2.983669662475585938e+01
8.994112014770507812e-01
7.537855148315429688e+00
5.048545360565185547e+00
2.372114181518554688e+00
8.524940490722656250e+00
1.202951240539550781e+01
1.175660133361816406e+00
3.303259372711181641e+00
8.270072937011718750e-02
1.367504501342773438e+01
5.117076110839843750e+01
8.371982574462890625e-01
3.339596176147460938e+01
2.298521614074707031e+01
2.748646259307861328e+00
1.700067520141601562e+00
3.451985359191894531e+00
6.700923919677734375e+00
3.482537078857421875e+01
8.853878974914550781e+00
2.436164855957031250e+00
7.604670047760009766e+00
1.180515289306640625e+00
7.755912303924560547e+00
-2.247428894042968750e-01
1.082479476928710938e+00
-1.667928695678710938e-01
1.548329353332519531e+00
1.975312232971191406e+00
-1.495389938354492188e-01
1.672840118408203125e+00
2.575613498687744141e+00
2.728054523468017578e+00
2.067925453186035156e+00
1.512938976287841797e+01
5.135335922241210938e-01
4.839281082153320312e+00
4.672910690307617188e+01
4.947862625122070312e-01
2.143123626708984375e+00
5.320905208587646484e+00
4.700437927246093750e+01
9.290933609008789062e-01
1.185341453552246094e+01
1.837502479553222656e+00
3.144204330444335938e+01
1.312019348144531250e+00
1.048015594482421875e+01
1.877758598327636719e+01
7.773914337158203125e-01
5.260381698608398438e-01
5.823364257812500000e-01
3.240791702270507812e+01
6.012477874755859375e-01
-1.043815612792968750e-01
1.367471504211425781e+01
1.299319648742675781e+01
1.470646858215332031e+00
3.038700485229492188e+01
2.061064147949218750e+01
4.802603149414062500e+01
5.655550003051757812e+00
1.351508903503417969e+01
2.183593750000000000e+00
2.593622207641601562e-01
1.226999759674072266e+01
8.260940551757812500e+00
2.303201103210449219e+01
3.147162437438964844e+00
2.597228050231933594e+00
3.908792972564697266e+00
1.346717739105224609e+01
2.801921367645263672e+00
4.195871353149414062e-01
6.048256683349609375e+01
2.343921661376953125e-01
7.684307098388671875e-01
1.950946807861328125e+00
1.281270027160644531e+00
9.313459396362304688e-01
1.493721008300781250e+00
5.822317600250244141e+00
5.957231521606445312e-01
1.708985328674316406e+00
1.425416946411132812e+00
3.439556598663330078e+00
5.023065185546875000e+01
3.866529464721679688e-01
8.316707611083984375e-01
1.525506973266601562e-01
8.325967788696289062e-01
4.118547439575195312e-01
