1.641915321350097656e+00
8.188314437866210938e+00
2.442734718322753906e+00
7.489862442016601562e-01
8.895082473754882812e-01
3.861846923828125000e+00
4.237810134887695312e+01
1.696432113647460938e+00
5.192603588104248047e+00
1.219400405883789062e+00
3.494748306274414062e+01
1.497280120849609375e+00
9.859619140625000000e-01
8.401767730712890625e+00
1.096480369567871094e+00
1.601801490783691406e+01
1.845911979675292969e+00
4.107606410980224609e+00
4.698070526123046875e+01
6.090624332427978516e+00
1.483793258666992188e+01
5.876200199127197266e+00
4.896221160888671875e-01
1.606668472290039062e+00
2.741493701934814453e+00
7.756853103637695312e-01
2.349134445190429688e+00
4.013977050781250000e-01
5.968380928039550781e+00
4.545043563842773438e+01
3.675947189331054688e-01
1.929782867431640625e+00
1.477954101562500000e+01
5.080795288085937500e-02
1.268692111968994141e+01
9.000864028930664062e-01
4.429626464843750000e-01
3.680537700653076172e+00
2.466027259826660156e+00
2.035121154785156250e+01
5.136032485961914062e+01
1.212403297424316406e+01
5.859088897705078125e-01
5.508356094360351562e-01
1.991625213623046875e+01
5.065385818481445312e+01
3.147794723510742188e+00
9.711961746215820312e-01
7.252441406250000000e+00
2.750662994384765625e+01
2.417940902709960938e+01
7.314544200897216797e+00
2.363049507141113281e+00
6.080434417724609375e+01
3.410997390747070312e-01
2.880095005035400391e+00
2.899463653564453125e+00
4.212215042114257812e+01
5.362625122070312500e-01
1.658302307128906250e+00
9.560890197753906250e-01
8.025074005126953125e-02
1.432914733886718750e-01
1.064777374267578125e+00
5.880536079406738281e+00
3.219413375854492188e+01
3.364494323730468750e+01
5.418844223022460938e-01
3.070603370666503906e+00
5.974143981933593750e+00
2.624912261962890625e-01
3.800993347167968750e+01
2.096279144287109375e+00
3.966119766235351562e+00
3.764718627929687500e+01
1.183338165283203125e-01
1.233562469482421875e+00
3.607116222381591797e+00
2.977682113647460938e+00
3.030768966674804688e+01
9.833383560180664062e-01
1.754534721374511719e+00
5.064323902130126953e+00
1.590269088745117188e+00
1.491747856140136719e+00
1.370291709899902344e+00
5.096592426300048828e+00
5.440740585327148438e-01
3.144563293457031250e+01
1.191700172424316406e+01
1.997737884521484375e-01
5.511208057403564453e+00
3.626445293426513672e+00
3.302932739257812500e+01
7.650840759277343750e+00
8.174791336059570312e-01
5.713860988616943359e+00
3.609215259552001953e+00
3.124170303344726562e-01
4.943807601928710938e+01
9.390264511108398438e+00
2.845691204071044922e+00
1.920872688293457031e+00
1.980589675903320312e+01
3.048479080200195312e+00
3.932463169097900391e+00
1.068385124206542969e+00
1.599168777465820312e-01
1.370111942291259766e+01
4.528028106689453125e+01
6.214475631713867188e+01
2.007493972778320312e-01
9.471406936645507812e-01
2.716735839843750000e+00
3.214694213867187500e+01
1.891527938842773438e+01
4.767715930938720703e+00
2.422008514404296875e-01
4.076091766357421875e+00
1.404618549346923828e+01
1.672830581665039062e+00
3.200471496582031250e+01
4.120202541351318359e+00
5.619263076782226562e+01
3.686584472656250000e+00
2.243161773681640625e+01
4.273727893829345703e+00
2.652656555175781250e+00
1.567916870117187500e+00
2.112529373168945312e+01
1.946935653686523438e-01
4.269530773162841797e+00
1.649644851684570312e+00
2.393750190734863281e+01
6.507492065429687500e-01
1.324590682983398438e+01
5.871562957763671875e-01
2.256832122802734375e+00
3.878355026245117188e-01
2.811900615692138672e+00
5.559105682373046875e+01
7.804460525512695312e-01
2.120230484008789062e+01
5.745294094085693359e+00
7.029123306274414062e-01
1.480051422119140625e+01
2.719545364379882812e-01
2.697237014770507812e+00
4.885023117065429688e+01
4.462641239166259766e+00
7.383384704589843750e+00
1.845948219299316406e+00
7.320384979248046875e-01
5.736198425292968750e-01
3.535299301147460938e-01
1.688859939575195312e+00
1.232264041900634766e+01
7.524377822875976562e+00
1.902885437011718750e-01
2.055987548828125000e+01
3.028005123138427734e+00
1.848533630371093750e+00
1.065953254699707031e+00
9.691219329833984375e-01
2.688379287719726562e+00
2.525637626647949219e+00
9.325895309448242188e-01
1.271553039550781250e+00
1.279346466064453125e+00
1.182403564453125000e+00
1.249089431762695312e+01
2.081270408630371094e+01
-1.602354049682617188e-01
7.044316291809082031e+00
2.079351425170898438e+00
8.114229202270507812e+00
3.084451293945312500e+01
8.698339462280273438e-01
3.404608154296875000e+01
1.433582305908203125e+00
2.652334213256835938e+00
2.211625099182128906e+00
2.022087669372558594e+01
2.190272903442382812e+01
4.829874038696289062e-01
2.001432800292968750e+01
5.080864334106445312e+01
6.858535766601562500e+00
5.374372863769531250e+01
2.325780487060546875e+01
2.306851387023925781e+00
3.481066131591796875e+01
1.163190841674804688e+00
8.651039123535156250e+00
1.298733329772949219e+01
2.897157669067382812e-01
4.228250503540039062e+00
2.573274612426757812e+00
9.581537246704101562e-01
2.014585494995117188e+00
8.422737121582031250e-01
1.202218055725097656e+00
2.477876663208007812e+00
3.709808731079101562e+01
9.464931488037109375e-01
1.208872795104980469e+00
1.040151882171630859e+01
3.768900299072265625e+01
1.191763877868652344e+00
1.648318290710449219e+00
1.405386161804199219e+01
5.697317123413085938e-01
5.829688549041748047e+00
3.272385025024414062e+01
1.282049179077148438e+00
8.912761688232421875e+00
1.930649948120117188e+01
5.107617378234863281e+00
5.433768463134765625e+01
4.815753936767578125e+00
3.423505783081054688e+01
2.187303924560546875e+01
-1.721229553222656250e-01
1.319364547729492188e+00
5.749311447143554688e-01
6.268072128295898438e-01
8.778305053710937500e-01
1.126159667968750000e+00
4.727560806274414062e+01
8.022195816040039062e+00
1.179857444763183594e+01
4.931230545043945312e-01
3.221846580505371094e+00
2.634992599487304688e-01
2.198366165161132812e+00
3.189332008361816406e+00
3.281698226928710938e+00
1.319885540008544922e+01
7.910919189453125000e-02
1.031903266906738281e+00
5.130537796020507812e+01
1.702548027038574219e+00
4.656225204467773438e+00
6.768321990966796875e-01
2.046847152709960938e+01
7.448842048645019531e+00
3.519010066986083984e+00
7.796880722045898438e+00
8.062615394592285156e+00
5.026903533935546875e+01
1.928574562072753906e+00
4.232974529266357422e+00
4.885588073730468750e+01
5.452156066894531250e-01
1.233537673950195312e+01
1.560969352722167969e+00
-4.116535186767578125e-02
3.970740318298339844e+00
1.152846336364746094e+01
7.293720245361328125e-01
1.315404891967773438e+00
1.137291526794433594e+01
1.295446395874023438e+00
8.908798217773437500e+00
7.901487350463867188e-01
5.500899887084960938e+01
2.098371505737304688e+00
3.439567184448242188e+01
2.189565658569335938e+00
6.322755813598632812e-01
1.766422271728515625e+00
5.299219894409179688e+01
2.904246807098388672e+00
1.284996032714843750e+01
7.444498062133789062e+00
4.833004379272460938e+01
8.208103179931640625e+00
