7.189416885375976562e-01
2.842259407043457031e+00
1.479892730712890625e-01
4.359941482543945312e-01
4.317103385925292969e+00
1.594237804412841797e+01
7.022590637207031250e-01
1.214596748352050781e+00
-2.081966400146484375e-01
7.843321800231933594e+00
1.246147155761718750e-01
9.574556350708007812e-01
3.113034725189208984e+00
1.455987834930419922e+01
1.064640045166015625e+00
4.708642578125000000e+01
2.397747993469238281e+00
2.158554840087890625e+01
4.870916843414306641e+00
1.119024276733398438e+00
1.380631446838378906e+00
3.168238449096679688e+01
1.272339820861816406e+00
1.761932373046875000e-01
2.536846637725830078e+00
1.704988479614257812e+00
3.098087310791015625e-01
2.994097232818603516e+00
3.459321975708007812e+01
2.374494552612304688e+01
1.261444568634033203e+01
2.469526481628417969e+01
9.377086639404296875e+00
1.169880676269531250e+01
4.544987678527832031e+00
3.183362007141113281e+01
3.517025756835937500e+01
3.392469787597656250e+01
2.686472415924072266e+00
5.843687057495117188e-01
3.182078361511230469e+00
3.260466003417968750e+01
1.419706344604492188e-01
2.036069869995117188e+01
-4.857540130615234375e-02
3.274415588378906250e+01
4.513578414916992188e-01
8.211832046508789062e-01
5.649232864379882812e-01
1.368881702423095703e+01
1.298905563354492188e+01
1.300285053253173828e+01
1.187556266784667969e+00
1.278208541870117188e+01
1.250192070007324219e+01
3.323885440826416016e+00
1.806821823120117188e-01
9.385746955871582031e+00
7.280635833740234375e-01
4.535360813140869141e+00
1.189143943786621094e+01
3.695987701416015625e+01
5.278458023071289062e+01
8.770599365234375000e-01
2.309080123901367188e+00
6.364850997924804688e-01
1.165785789489746094e+00
7.141009807586669922e+00
6.691770553588867188e-01
1.293259716033935547e+01
4.919985580444335938e+01
2.838502407073974609e+00
-2.510051727294921875e-01
4.733442783355712891e+00
6.419489860534667969e+00
2.381310462951660156e+00
3.019655418395996094e+01
8.221212387084960938e+00
1.541328430175781250e-01
3.650726795196533203e+00
2.512029647827148438e+00
6.880674362182617188e-01
6.620449066162109375e+00
7.313184738159179688e-01
9.596347808837890625e-02
5.793203353881835938e+00
1.521568298339843750e+00
4.876670837402343750e-01
8.603534698486328125e-01
2.003517150878906250e+00
2.688787460327148438e+01
2.193879127502441406e+00
1.530615997314453125e+01
9.832754135131835938e-01
4.671894836425781250e+01
1.868438720703125000e+00
2.145150756835937500e+01
6.094508171081542969e+00
5.750677108764648438e+00
5.962452697753906250e+01
3.856579303741455078e+00
1.405481338500976562e+00
9.424839019775390625e-01
4.194828796386718750e+01
8.348436355590820312e-01
1.911849975585937500e-01
6.846504211425781250e-01
6.884164810180664062e-01
2.652959823608398438e-01
3.538144588470458984e+00
1.000312805175781250e+00
1.511180877685546875e+00
3.763369750976562500e+01
2.107459640502929688e+01
5.484599685668945312e+01
2.103570175170898438e+01
2.561719417572021484e+00
5.010449600219726562e+01
7.647008895874023438e-01
2.075351715087890625e+01
2.294119262695312500e+01
2.271582603454589844e+00
4.047899246215820312e-01
1.141701316833496094e+01
3.079379558563232422e+00
9.468660354614257812e-01
5.803763866424560547e+00
8.883781433105468750e-01
3.356053924560546875e+01
6.847727775573730469e+00
2.888311386108398438e+00
3.261931896209716797e+00
1.771259307861328125e-01
-1.573448181152343750e-01
3.534429168701171875e+01
1.339764881134033203e+01
4.304797172546386719e+00
3.676767349243164062e-01
3.575480461120605469e+00
5.997390747070312500e-01
5.045440673828125000e+01
7.554581165313720703e+00
1.489953994750976562e-01
4.536628723144531250e-02
1.283722877502441406e+00
1.370458602905273438e+00
1.220961570739746094e+00
1.363246917724609375e+00
4.881019592285156250e-01
8.179578781127929688e-01
1.706647872924804688e+00
5.621895790100097656e+00
1.388634109497070312e+01
4.578035354614257812e+00
5.146935653686523438e+01
8.991767883300781250e+00
1.327435684204101562e+01
6.003504943847656250e+01
1.477563571929931641e+01
2.074376106262207031e+00
9.815101623535156250e-01
2.572240352630615234e+00
3.828240966796875000e+01
1.085434913635253906e+00
1.255300617218017578e+01
7.833938598632812500e-01
6.704082489013671875e-01
3.752244949340820312e+00
1.540056228637695312e+00
7.547998428344726562e-01
1.917666435241699219e+00
3.244305610656738281e+00
9.370365142822265625e-01
6.865119934082031250e-01
5.555117416381835938e+01
5.237958431243896484e+00
2.104950904846191406e+00
1.950928688049316406e+01
4.071559906005859375e-01
5.310114860534667969e+00
2.974507713317871094e+01
1.544836997985839844e+00
9.900249481201171875e+00
4.544931888580322266e+00
1.399342536926269531e+00
1.231728553771972656e+00
1.145345687866210938e+00
8.282751083374023438e+00
1.298682785034179688e+01
5.861654281616210938e-01
9.429473876953125000e-01
1.648606300354003906e+00
5.115465641021728516e+00
5.595045089721679688e-01
1.160580635070800781e+00
3.450178146362304688e+00
3.364842987060546875e+01
4.324396133422851562e+00
5.646975994110107422e+00
4.205216884613037109e+00
9.957532882690429688e-01
2.052413940429687500e+00
1.325762367248535156e+01
5.311956405639648438e-01
4.962162494659423828e+00
8.029917716979980469e+00
3.822613716125488281e+00
4.554421997070312500e+01
7.074368000030517578e+00
8.893819808959960938e+00
-2.148246765136718750e-02
2.347077178955078125e+01
1.687632560729980469e+00
3.491255950927734375e+01
7.346051692962646484e+00
3.920293807983398438e+00
5.156997680664062500e+01
2.726291656494140625e+00
4.153171920776367188e+01
3.985252380371093750e-01
2.373830413818359375e+01
9.520587921142578125e-01
2.408108901977539062e+01
3.522461700439453125e+01
1.082595825195312500e+00
1.310447692871093750e+00
5.379456329345703125e+01
1.185170173645019531e+00
9.114308357238769531e+00
3.293170166015625000e+01
5.336532592773437500e-01
4.963792037963867188e+01
1.892668914794921875e+01
3.163594722747802734e+00
6.619071960449218750e-01
1.761192321777343750e+00
3.326933288574218750e+01
7.393140792846679688e-01
2.241459846496582031e+00
8.205203056335449219e+00
5.006592178344726562e+01
2.652966499328613281e+00
2.002166557312011719e+01
2.066973114013671875e+01
7.661942005157470703e+00
1.906160354614257812e+00
4.270794868469238281e+00
1.046442031860351562e+00
3.007409572601318359e+00
4.586524200439453125e+01
8.156491279602050781e+00
2.330238342285156250e+00
5.871200561523437500e-01
8.371194839477539062e+00
8.296948432922363281e+00
3.304195404052734375e-01
8.266275405883789062e+00
5.961183071136474609e+00
7.525806427001953125e-01
5.008303070068359375e+01
3.465586662292480469e+00
2.168427467346191406e+00
-3.017473220825195312e-01
1.915935516357421875e+00
5.292604827880859375e+01
1.306063652038574219e+00
1.405303287506103516e+01
1.231924057006835938e+00
4.807189941406250000e+00
4.898764610290527344e+00
9.418897628784179688e-01
2.692755699157714844e+00
2.110784339904785156e+01
1.960086822509765625e-01
6.850005149841308594e+00
-2.875843048095703125e-01
1.324268341064453125e+00
