1.297185897827148438e+00
1.190402984619140625e+00
1.125711441040039062e+00
2.127440643310546875e+01
7.831141471862792969e+00
3.748035430908203125e-02
5.038022994995117188e-01
2.464436531066894531e+00
5.357273101806640625e+00
3.765565872192382812e+00
1.404187011718750000e+01
3.316851043701171875e+01
4.713808441162109375e+01
3.044786453247070312e-01
-1.484270095825195312e-01
3.179124355316162109e+00
1.637256622314453125e+00
5.814180374145507812e-01
4.730926036834716797e+00
6.287307739257812500e-01
2.202911376953125000e-01
2.312149620056152344e+01
1.872377395629882812e-01
1.306379318237304688e+00
8.626213073730468750e+00
7.647550106048583984e+00
2.367065048217773438e+01
1.756512641906738281e+00
3.045023918151855469e+00
-8.397293090820312500e-02
3.756817245483398438e+01
5.578193664550781250e-01
3.322012710571289062e+01
4.687354564666748047e+00
7.797088623046875000e-01
2.391325950622558594e+00
8.445141792297363281e+00
9.283740043640136719e+00
3.085452556610107422e+00
1.266091346740722656e+00
8.130532264709472656e+00
1.709668159484863281e+00
1.754666328430175781e+00
3.751778125762939453e+00
5.988378524780273438e-01
1.094777107238769531e+00
1.709198951721191406e+00
3.818799972534179688e+00
2.514873504638671875e+00
4.244947433471679688e-01
2.113361740112304688e+01
9.317111968994140625e-01
4.158592224121093750e-02
5.103607940673828125e+01
4.536520385742187500e+01
2.009422302246093750e+01
4.949002075195312500e+01
3.816032409667968750e-02
2.823390960693359375e-01
9.945230484008789062e-01
-3.200531005859375000e-02
4.302241325378417969e+00
3.420076370239257812e-01
7.752141952514648438e-01
6.257005214691162109e+00
4.220514297485351562e-01
1.284919357299804688e+01
4.330828666687011719e+00
1.080507278442382812e+00
5.796289443969726562e+00
1.256837844848632812e-01
1.204497146606445312e+01
5.103826522827148438e-01
1.048629760742187500e+00
2.194578647613525391e+00
1.758342742919921875e+00
2.420944595336914062e+01
2.134542083740234375e+01
1.454515457153320312e+00
2.390264892578125000e+01
-5.022344589233398438e-01
3.431284904479980469e+00
2.415706634521484375e+01
1.891203880310058594e+00
-1.397752761840820312e-01
9.701538085937500000e-02
5.640792846679687500e-02
2.129394531250000000e+01
5.381467342376708984e+00
2.600032806396484375e+01
1.926043701171875000e+01
2.788524627685546875e-01
4.767579555511474609e+00
2.679031848907470703e+00
7.932834625244140625e-01
3.769994258880615234e+00
7.130088806152343750e+00
5.708484649658203125e-01
5.090195178985595703e+00
2.056007385253906250e+00
2.030218505859375000e+01
4.517819881439208984e+00
5.854588985443115234e+00
3.268336772918701172e+00
1.949357986450195312e-01
2.591142654418945312e-01
1.939313888549804688e+00
-5.686569213867187500e-02
3.213225936889648438e+01
5.177437973022460938e+01
7.618812561035156250e+00
4.209045410156250000e+01
5.598226928710937500e+01
2.121104240417480469e+00
5.010808563232421875e+01
-2.233476638793945312e-01
9.334974288940429688e-01
2.800734043121337891e+00
1.486152648925781250e+00
1.217331886291503906e+00
1.428426170349121094e+01
5.578794479370117188e-01
2.079284667968750000e+00
9.669920921325683594e+00
1.729699134826660156e+00
3.176750183105468750e+00
8.931961059570312500e-01
4.808235168457031250e-02
5.342373371124267578e+00
4.697780227661132812e+01
4.972388076782226562e+01
1.052869796752929688e+00
8.693027496337890625e+00
9.799203872680664062e-01
1.386091613769531250e+01
3.804025650024414062e-01
1.263042926788330078e+01
3.985923290252685547e+00
3.518221282958984375e+01
5.061635971069335938e+00
5.393149852752685547e+00
4.153432846069335938e-01
3.785494613647460938e+01
1.277899932861328125e+01
1.181599330902099609e+01
3.090019226074218750e-01
4.142419338226318359e+00
1.257379531860351562e+00
4.553184509277343750e-01
5.598087310791015625e-01
1.554124832153320312e+00
2.083993911743164062e+01
8.029079437255859375e-02
1.106158256530761719e+00
4.915637969970703125e-01
3.605943679809570312e+00
2.617763519287109375e+00
2.041839122772216797e+00
1.148183822631835938e+00
7.529773712158203125e-01
6.909580230712890625e-01
1.287818622589111328e+01
4.406477928161621094e+00
5.287494659423828125e-01
7.137050628662109375e-01
2.164989089965820312e+01
3.741350555419921875e+01
1.814264297485351562e+00
2.175011634826660156e+00
5.167643737792968750e+01
1.159670829772949219e+00
2.628046989440917969e+00
3.544370174407958984e+00
6.062262535095214844e+00
1.139814376831054688e+00
1.491429328918457031e+01
3.964245319366455078e+00
8.779726028442382812e-01
-4.651975631713867188e-01
3.267103576660156250e+01
3.399334430694580078e+00
2.930410385131835938e+00
9.321002960205078125e-01
3.869519710540771484e+00
2.949641227722167969e+00
1.980841445922851562e+01
2.864133358001708984e+00
3.481032180786132812e+01
7.791508197784423828e+00
2.072836303710937500e+01
1.481916427612304688e+00
4.091617584228515625e+00
2.323514938354492188e+01
1.385856723785400391e+01
6.266193389892578125e-01
1.625860214233398438e+00
5.567600250244140625e+01
1.923668861389160156e+00
2.750994873046875000e+01
7.605322837829589844e+00
8.925590515136718750e-01
3.228636169433593750e+01
6.052284240722656250e-01
2.837553977966308594e+00
2.542704105377197266e+00
1.088624763488769531e+01
7.401762008666992188e-01
2.729488849639892578e+00
3.160009002685546875e+01
1.014467239379882812e+00
1.040799140930175781e+00
2.885250091552734375e+00
3.761755466461181641e+00
3.509619522094726562e+01
9.273529052734375000e-01
3.411503982543945312e+01
6.879468917846679688e+00
6.062438201904296875e+01
4.554025650024414062e+00
1.057138442993164062e+00
5.343856430053710938e+01
8.065464973449707031e+00
3.507313156127929688e+01
7.979681015014648438e+00
8.141122817993164062e+00
-1.138114929199218750e-01
3.269109725952148438e-01
2.763704299926757812e+00
1.417033195495605469e+00
4.806213378906250000e-01
1.253718662261962891e+01
3.905296325683593750e-02
6.045942306518554688e-01
7.571158409118652344e+00
5.516214370727539062e-01
2.036365127563476562e+01
5.035331726074218750e+00
5.666181087493896484e+00
1.751901626586914062e+00
4.916698455810546875e+01
2.018851280212402344e+00
4.012791156768798828e+00
7.452192306518554688e+00
1.290051460266113281e+00
-1.151552200317382812e-01
1.660522460937500000e+00
7.135667800903320312e-01
5.690616607666015625e+00
2.892465591430664062e-01
7.078851699829101562e+00
1.268584346771240234e+01
5.332975769042968750e+01
1.222111701965332031e+01
5.398092269897460938e-01
9.734315872192382812e-01
1.483232498168945312e+00
1.062934875488281250e+00
6.850728988647460938e-01
1.835365295410156250e-01
3.176970005035400391e+00
2.944856643676757812e+01
1.218371009826660156e+01
1.423661041259765625e+01
2.213624954223632812e+00
4.983529281616210938e+01
6.638956069946289062e-01
4.194382190704345703e+00
1.639046669006347656e+01
1.733484268188476562e+00
6.262889480590820312e+01
3.930473327636718750e-02
1.290793228149414062e+01
-3.002567291259765625e-01
4.645250701904296875e+01
8.272943496704101562e-01
5.229253387451171875e+01
3.415258026123046875e+01
