2.386484146118164062e+00
2.316136550903320312e+01
5.883580207824707031e+00
1.147754669189453125e+00
2.637767791748046875e-01
4.032592010498046875e+01
2.703274726867675781e+00
1.509156799316406250e+01
4.676065444946289062e-01
1.840405464172363281e+00
8.526889801025390625e+00
9.115915298461914062e-01
1.156459808349609375e+00
4.951520919799804688e+01
7.445631027221679688e-01
5.239418792724609375e+01
8.262729644775390625e-02
2.026964950561523438e+01
3.569923877716064453e+00
8.011576652526855469e+00
3.057138919830322266e+00
3.431987380981445312e+01
5.396311569213867188e+01
-7.532024383544921875e-02
-3.802394866943359375e-02
6.632528305053710938e-01
5.149838638305664062e+01
8.124463081359863281e+00
1.108432769775390625e+00
1.254287719726562500e+00
1.050035476684570312e+00
3.563548088073730469e+00
2.886237144470214844e+00
3.817260265350341797e+00
4.464054107666015625e-01
5.191414356231689453e+00
3.493423461914062500e+01
3.076523399353027344e+01
1.566915798187255859e+01
2.596741676330566406e+00
7.880352973937988281e+00
7.271566390991210938e+00
3.612421798706054688e+01
3.434906005859375000e-01
6.653308868408203125e-02
3.683850288391113281e+00
4.939028930664062500e+01
1.681499481201171875e-01
1.544692993164062500e+00
1.126770019531250000e+00
3.963452339172363281e+00
1.437250137329101562e+00
2.723651885986328125e+00
2.022917556762695312e+01
1.509532928466796875e+00
4.804551315307617188e+01
4.010869979858398438e+00
3.300249099731445312e+00
3.686270904541015625e+01
2.820884704589843750e+00
-1.244220733642578125e-01
4.969106674194335938e+00
4.308187007904052734e+00
2.095796585083007812e+01
9.507369995117187500e-01
2.977371215820312500e-01
1.735894203186035156e+00
4.812882995605468750e+01
2.158741950988769531e+01
1.309683513641357422e+01
3.032273292541503906e+00
1.272874832153320312e+00
3.364973068237304688e-01
5.828298950195312500e+01
3.443231201171875000e+01
5.779933166503906250e+01
1.862374305725097656e+00
8.154039382934570312e+00
7.290897369384765625e+00
1.855421066284179688e-01
1.046362018585205078e+01
7.125873565673828125e-01
5.745277404785156250e-01
4.023904800415039062e-01
-4.549026489257812500e-02
2.153730392456054688e-01
7.563495635986328125e-02
5.036860275268554688e+01
9.012077331542968750e+00
1.189528942108154297e+01
2.548408508300781250e-01
7.605192184448242188e+00
5.246391296386718750e-01
6.510526180267333984e+00
3.457670593261718750e+01
9.243354797363281250e-01
3.360181808471679688e+00
2.062968444824218750e+01
6.743894100189208984e+00
2.620528221130371094e+00
3.186510086059570312e+01
5.295344829559326172e+00
8.795423507690429688e+00
7.855014801025390625e-01
2.151426696777343750e+01
1.115911483764648438e+00
1.475267410278320312e-01
4.960485458374023438e+01
9.384984970092773438e-01
1.433524894714355469e+01
2.656471252441406250e+00
2.096391677856445312e+00
6.692523956298828125e-01
5.811398506164550781e+00
1.910266876220703125e-01
1.266047477722167969e+00
3.100776672363281250e-01
2.163792037963867188e+01
3.250334548950195312e+01
2.019999885559082031e+01
1.005425453186035156e+00
-6.022453308105468750e-03
5.474147796630859375e-01
1.513148307800292969e+00
2.331034851074218750e+01
3.457952880859375000e+01
3.815460205078125000e-01
3.853831768035888672e+00
1.978781700134277344e+00
5.410873031616210938e+01
1.027827262878417969e+00
3.909337997436523438e+00
2.354300689697265625e+01
5.106518173217773438e+01
5.973606109619140625e-01
1.307518005371093750e+00
2.342410087585449219e+00
2.614818000793457031e+01
1.872248649597167969e+00
2.568912506103515625e-02
-6.457424163818359375e-02
1.998465156555175781e+01
5.294937133789062500e+00
1.962871551513671875e-01
2.745086669921875000e+00
7.982641220092773438e+00
-5.411911010742187500e-02
1.304718971252441406e+00
-9.666442871093750000e-03
5.790419101715087891e+00
6.575287342071533203e+00
8.055992126464843750e-01
2.793811798095703125e+00
7.259886741638183594e+00
3.817410945892333984e+00
-5.340862274169921875e-02
5.798116207122802734e+00
2.772040367126464844e+00
4.654285430908203125e+00
8.706173896789550781e+00
8.918847084045410156e+00
1.269318199157714844e+01
3.136653900146484375e-01
2.564897537231445312e+00
1.656350135803222656e+00
5.484891128540039062e+01
2.324206352233886719e+00
2.177794456481933594e+00
1.252711105346679688e+01
4.571504592895507812e-01
2.085744857788085938e+00
1.433937072753906250e+00
1.624547958374023438e+00
1.289451408386230469e+01
7.765655517578125000e-01
4.792060852050781250e-01
5.155441665649414062e+01
3.403025817871093750e+01
3.784210968017578125e+01
8.652143478393554688e-01
3.470340251922607422e+00
3.682483291625976562e+01
4.272450923919677734e+00
2.228384017944335938e-01
1.211037063598632812e+01
-1.049509048461914062e-01
8.491210937500000000e-01
6.043519973754882812e-01
1.559114456176757812e-01
5.325261592864990234e+00
4.315524101257324219e+00
2.795698165893554688e+00
5.249119758605957031e+00
5.155229187011718750e+01
6.491421699523925781e+00
7.643899917602539062e-01
1.265197467803955078e+01
4.833018875122070312e+01
7.775691986083984375e+00
4.083900451660156250e-01
2.158583068847656250e+01
3.569628524780273438e+01
7.046914100646972656e+00
3.346378707885742188e+01
8.353900909423828125e-01
-1.193342208862304688e-01
3.882975387573242188e+01
4.959754943847656250e-01
1.313439464569091797e+01
2.427516174316406250e+01
5.882577896118164062e-01
1.688181877136230469e+00
6.776361465454101562e-01
5.475749969482421875e+00
1.161983585357666016e+01
1.392830848693847656e+01
5.759372234344482422e+00
2.942760467529296875e+00
3.425204849243164062e+01
1.267566394805908203e+01
1.245558929443359375e+01
4.648419570922851562e+01
7.127571105957031250e-01
5.447436809539794922e+00
1.346712112426757812e+00
3.528763294219970703e+00
2.136219787597656250e+01
4.290103912353515625e-01
1.616139411926269531e+00
7.284688949584960938e-01
1.338796043395996094e+01
7.180128097534179688e-01
5.121570968627929688e+01
3.385126495361328125e+01
2.071204185485839844e+00
7.788749694824218750e+00
4.040021896362304688e-01
2.762038230895996094e+00
4.354629516601562500e-01
1.241817474365234375e-01
1.935725212097167969e+01
2.067432403564453125e-01
5.212335968017578125e+01
2.335910797119140625e+01
4.677869319915771484e+00
1.298469924926757812e+01
1.555661010742187500e+01
6.798992156982421875e-01
4.529755592346191406e+00
1.301718044281005859e+01
9.301147460937500000e-01
5.278132247924804688e+01
1.415290832519531250e-01
3.013905048370361328e+00
1.259350109100341797e+01
3.272635936737060547e+00
2.083464622497558594e+00
7.113409042358398438e+00
2.423870086669921875e+00
2.129324722290039062e+01
3.273954391479492188e-01
8.226594924926757812e+00
2.915382385253906250e-03
1.931978225708007812e+00
1.377678871154785156e+00
4.520301818847656250e-01
1.206836700439453125e-01
5.255814743041992188e+01
1.528720855712890625e-01
4.167737960815429688e-01
7.236413955688476562e-01
-1.401796340942382812e-01
2.575756072998046875e+00
5.582942962646484375e-01
3.250751495361328125e+01
2.310604476928710938e+01
5.344606399536132812e+00
