1.280826568603515625e+00
2.408803558349609375e+01
7.988595962524414062e-01
1.238815307617187500e+00
1.298689842224121094e+00
8.647947311401367188e-01
3.574255943298339844e+00
3.381967544555664062e+01
2.448446273803710938e+01
1.042466163635253906e+00
1.475593948364257812e+01
9.460182189941406250e-01
3.909173488616943359e+00
1.206096649169921875e+00
2.165870666503906250e+01
1.734449386596679688e+00
9.026279449462890625e-01
4.649934768676757812e-01
1.648709869384765625e+01
7.451716423034667969e+00
9.416303634643554688e-01
5.599846839904785156e+00
3.093805313110351562e+00
3.195840454101562500e+01
1.640218734741210938e+00
9.398690223693847656e+00
7.361392974853515625e-01
4.239143848419189453e+00
3.635590362548828125e+01
2.491273880004882812e+00
1.782990455627441406e+00
4.544736099243164062e+01
8.620104789733886719e+00
7.387600898742675781e+00
1.197580337524414062e+00
3.184709548950195312e-01
1.227683734893798828e+01
1.348432540893554688e+00
2.386004447937011719e+00
4.930328845977783203e+00
8.622312545776367188e-01
3.264596462249755859e+00
8.656101226806640625e-01
5.579700469970703125e-01
6.168654251098632812e+01
1.206143474578857422e+01
5.789833068847656250e-01
-1.987409591674804688e-01
3.077307891845703125e+01
1.005039215087890625e+00
5.938580989837646484e+00
1.302840995788574219e+01
4.010175704956054688e+00
1.293656158447265625e+01
4.590940475463867188e-01
3.092163085937500000e+00
2.075119018554687500e+00
8.834123611450195312e-01
4.724149703979492188e-01
1.946741104125976562e+00
2.377688217163085938e+01
3.237962722778320312e+01
3.708136749267578125e+01
3.266114425659179688e+01
5.984489440917968750e+00
1.142677307128906250e+00
1.322968482971191406e+00
4.917126655578613281e+00
6.756353378295898438e-01
3.321182250976562500e+00
1.512078285217285156e+00
2.075580406188964844e+01
7.160987854003906250e-01
4.718487262725830078e+00
1.932024002075195312e+00
9.270915985107421875e-01
3.867921829223632812e-01
4.373300552368164062e+00
3.273096084594726562e-01
3.704824447631835938e-01
1.320407676696777344e+01
1.025182723999023438e+00
8.235797882080078125e-01
3.272056579589843750e-01
6.558656692504882812e-01
7.396392822265625000e-01
4.711240386962890625e+01
6.953674316406250000e+00
1.937160301208496094e+01
1.095597267150878906e+00
2.741994857788085938e+00
2.047749519348144531e+00
4.862031555175781250e+01
3.209412097930908203e+00
4.368070125579833984e+00
2.699870300292968750e+01
1.714179992675781250e+00
4.950878524780273438e+01
8.336933135986328125e+00
3.544981765747070312e+01
5.553286552429199219e+00
3.130550861358642578e+00
5.122917556762695312e+01
5.950660705566406250e-01
2.049667739868164062e+01
3.350510406494140625e+01
6.223706722259521484e+00
2.153003692626953125e+00
1.687849044799804688e+00
1.238745498657226562e+01
5.687604904174804688e+00
6.109552383422851562e-01
5.262022018432617188e-01
4.951458930969238281e+00
4.968916320800781250e+01
4.698358535766601562e+01
2.308599472045898438e+00
1.565182685852050781e+01
7.043261528015136719e+00
5.915365219116210938e-01
3.790587234497070312e+01
6.026763916015625000e-01
3.450414657592773438e+00
1.163804054260253906e+00
2.152051925659179688e-01
7.156645774841308594e+00
4.720460891723632812e+00
5.099778747558593750e+01
2.638071060180664062e+00
7.300682067871093750e-01
1.842587471008300781e+00
2.164391708374023438e+01
2.128190040588378906e+00
2.956004619598388672e+00
1.566526412963867188e+00
2.734699249267578125e+00
2.101439285278320312e+01
1.510841369628906250e+00
2.380175590515136719e+00
2.070149421691894531e+01
5.297649860382080078e+00
5.416267013549804688e+01
5.186960697174072266e+00
5.212791442871093750e+01
3.379354095458984375e+01
1.851744651794433594e+00
-2.181310653686523438e-01
9.951601028442382812e-01
9.681444168090820312e-01
3.428180217742919922e+00
3.305780887603759766e+00
7.661445617675781250e+00
3.469705963134765625e+01
1.238061332702636719e+01
3.482425689697265625e+01
1.333905410766601562e+01
5.849132537841796875e+00
2.471930503845214844e+00
4.865451812744140625e+00
3.944807529449462891e+00
6.021551895141601562e+01
5.247848987579345703e+00
2.994863510131835938e+01
6.573728561401367188e+00
5.195183753967285156e+00
7.279500961303710938e-01
2.213899612426757812e+00
8.878174781799316406e+00
8.115491867065429688e-01
1.432837486267089844e+00
1.418970966339111328e+01
2.966697216033935547e+00
1.094289779663085938e+00
1.560196113586425781e+01
8.687591552734375000e+00
3.725621032714843750e+01
1.737688064575195312e+00
2.029396057128906250e+01
5.403285026550292969e+00
3.289525508880615234e+00
2.226824378967285156e+01
6.910190582275390625e-01
2.061022377014160156e+01
9.523134231567382812e-01
1.253527450561523438e+01
1.956545639038085938e+01
3.238510894775390625e+01
1.561175346374511719e+00
3.575639724731445312e-01
7.282314300537109375e-01
5.586662292480468750e-01
6.858959197998046875e-01
3.843924999237060547e+00
4.819186782836914062e+01
6.819963455200195312e-01
9.058196067810058594e+00
7.827568054199218750e-02
8.902362823486328125e+00
1.579573631286621094e+00
1.206454277038574219e+01
1.885613441467285156e+00
4.481086730957031250e-01
8.302465438842773438e+00
4.148539066314697266e+00
1.303586006164550781e+01
1.239824867248535156e+01
1.218706130981445312e+01
3.309771060943603516e+00
4.914968872070312500e+01
1.733167648315429688e+00
5.482149124145507812e-01
2.556390762329101562e+00
7.812862396240234375e+00
1.896286010742187500e-01
5.071660995483398438e+01
9.043426513671875000e-01
1.958596229553222656e+00
3.540653228759765625e+01
3.149490833282470703e+00
2.354602432250976562e+01
3.552818298339843750e-01
2.341919898986816406e+00
1.542689323425292969e+00
1.106974601745605469e+00
3.164473342895507812e+01
1.276442527770996094e+00
2.890723228454589844e+00
2.260513305664062500e-01
5.423382949829101562e+01
4.048442363739013672e+00
4.877548217773437500e-01
3.539191818237304688e+01
4.034800529479980469e+00
3.250828170776367188e+01
1.193744659423828125e+00
2.641766548156738281e+00
7.157551765441894531e+00
5.097548675537109375e+01
5.526948165893554688e+01
4.260457992553710938e+00
1.266036319732666016e+01
5.540636444091796875e+01
1.570177078247070312e+00
1.425308227539062500e+00
8.351173400878906250e-01
3.332193851470947266e+00
9.229459762573242188e-01
4.163127422332763672e+00
2.092624664306640625e+01
8.407955169677734375e-01
2.480525588989257812e+01
5.185041427612304688e-01
5.453362655639648438e+01
2.352651596069335938e+00
1.626300811767578125e-01
3.284667491912841797e+00
2.004083633422851562e+01
-6.153202056884765625e-02
2.212248802185058594e+01
1.845880508422851562e+00
5.874558925628662109e+00
1.411577224731445312e+00
2.462738990783691406e+00
2.316352844238281250e+00
8.187033653259277344e+00
1.306203842163085938e+00
8.031120300292968750e+00
2.397284507751464844e+00
2.640827178955078125e+00
5.145952606201171875e+01
8.103647232055664062e-01
1.092584609985351562e+00
2.443653106689453125e+00
4.146654129028320312e+01
1.287819862365722656e+00
3.773571968078613281e+00
6.301372051239013672e+00
