3.188559532165527344e+00
1.638922691345214844e+00
1.055747985839843750e+01
4.240216255187988281e+00
5.149803638458251953e+00
3.857086181640625000e+01
-4.876995086669921875e-01
3.008844757080078125e+01
6.981376647949218750e+00
1.781929969787597656e+00
4.315443038940429688e+00
2.185392379760742188e-01
3.282603454589843750e+01
-8.360099792480468750e-02
1.962439537048339844e+00
1.172037315368652344e+01
4.353453159332275391e+00
1.970763206481933594e+00
1.000074386596679688e+00
1.167702674865722656e+01
5.249204635620117188e-01
5.943730831146240234e+00
1.259683990478515625e+01
2.369422912597656250e+00
5.715967941284179688e+01
1.971849441528320312e+00
6.592092514038085938e-01
3.542203521728515625e+01
1.023257255554199219e+00
2.198979377746582031e+00
3.554567337036132812e+00
2.393508529663085938e+01
1.433829689025878906e+01
4.945827865600585938e+01
8.628759384155273438e-01
2.445390224456787109e+00
2.059253501892089844e+01
1.673610305786132812e+01
-4.449920654296875000e-01
5.587730407714843750e-01
5.567094802856445312e+01
1.148197174072265625e+00
8.478431701660156250e-01
8.637894630432128906e+00
2.071694374084472656e+00
6.151937007904052734e+00
8.378953933715820312e-01
4.914646148681640625e-01
-1.302700042724609375e-01
1.353502273559570312e-01
4.927996158599853516e+00
1.253686904907226562e+01
2.567183017730712891e+00
6.169147491455078125e-01
1.648397445678710938e-01
5.734288215637207031e+00
7.197256565093994141e+00
6.109003067016601562e+00
5.128345108032226562e+01
6.145069122314453125e+01
1.301898384094238281e+01
6.404061317443847656e+00
4.343037128448486328e+00
1.150321960449218750e-02
9.355754852294921875e-01
2.985135078430175781e+00
1.470499992370605469e+00
1.934869766235351562e+00
1.514568901062011719e+01
3.176901245117187500e+01
3.092994689941406250e-01
5.630355453491210938e+01
6.268968582153320312e-01
3.353303527832031250e+01
-3.195886611938476562e-01
4.916475296020507812e+00
1.405686378479003906e+00
1.917861938476562500e+00
4.816399097442626953e+00
3.435515594482421875e+01
7.229275703430175781e+00
6.399383544921875000e-01
-1.886224746704101562e-01
3.352226734161376953e+00
5.320787429809570312e+01
-3.152465820312500000e-02
1.014035224914550781e+00
2.733333110809326172e+00
3.459138870239257812e-01
4.409122467041015625e-02
7.155304431915283203e+00
4.273710250854492188e-01
-3.127384185791015625e-02
2.114200592041015625e-01
1.009127330780029297e+01
2.331439971923828125e+01
2.787634372711181641e+00
2.325844955444335938e+01
9.107589721679687500e-04
2.504244995117187500e+01
4.051494598388671875e-02
2.454861450195312500e+01
3.336163997650146484e+00
2.089809036254882812e+01
1.423447418212890625e+01
1.773729324340820312e-01
1.923748970031738281e+00
1.325124740600585938e+00
8.745654106140136719e+00
1.271434783935546875e+01
1.410019874572753906e+00
1.504037857055664062e+00
-2.980337142944335938e-01
1.808977127075195312e-01
8.682833671569824219e+00
-6.410312652587890625e-02
4.168257236480712891e+00
3.867492675781250000e+01
8.461642265319824219e+00
3.609101295471191406e+00
6.363250732421875000e+00
1.876470184326171875e+01
5.819902420043945312e-01
3.585551071166992188e+01
-3.426532745361328125e-01
1.880395889282226562e+00
2.998509407043457031e+01
1.830158233642578125e-01
3.160412311553955078e+00
2.653160095214843750e+00
3.825421142578125000e+01
1.456941604614257812e+00
1.345532226562500000e+01
2.992000579833984375e-01
4.033982753753662109e+00
2.349464416503906250e+01
3.194693088531494141e+00
1.065727233886718750e+00
8.765344619750976562e-01
4.154807090759277344e+00
1.300379848480224609e+01
-4.524278640747070312e-01
2.715554714202880859e+00
2.432111740112304688e+00
1.397474288940429688e+00
2.153095436096191406e+01
9.562810897827148438e+00
8.630403518676757812e+00
3.292310333251953125e+01
1.368551254272460938e+00
2.112237548828125000e+01
1.993880462646484375e+01
-6.033039093017578125e-02
2.247243499755859375e+01
3.417582702636718750e+01
3.065786361694335938e-01
7.072515487670898438e+00
1.600131988525390625e-01
5.589980316162109375e+01
2.811005115509033203e+00
9.610223770141601562e-01
4.114246368408203125e-01
2.588815689086914062e-01
2.738069057464599609e+00
8.342170715332031250e-02
3.998532295227050781e+00
8.773698806762695312e-01
4.795991134643554688e+01
8.226837158203125000e+00
-3.181743621826171875e-01
5.475034713745117188e-01
2.464380264282226562e-01
4.640261650085449219e+00
-2.890481948852539062e-01
2.769547939300537109e+00
-2.455329895019531250e-01
2.072337532043457031e+01
4.503190994262695312e+00
2.680398941040039062e+00
1.162233352661132812e+01
2.155006980895996094e+01
3.233195877075195312e+01
1.480799674987792969e+00
-5.322265625000000000e-02
1.220173645019531250e+01
2.409452056884765625e+01
3.308019638061523438e-01
1.675786018371582031e+00
6.308288574218750000e-01
4.246540069580078125e-01
1.228281974792480469e+00
1.131978034973144531e+00
1.026727676391601562e+00
1.278264045715332031e+00
1.824655532836914062e+00
6.930770874023437500e-01
2.142033576965332031e+00
3.078844070434570312e+00
3.514250183105468750e+01
1.358194732666015625e+01
4.549418258666992188e+01
2.842712879180908203e+00
4.296154022216796875e+01
1.716994285583496094e+00
6.112904357910156250e+01
1.294089317321777344e+00
8.892412185668945312e+00
5.622572898864746094e+00
3.506669998168945312e-01
8.554731369018554688e+00
3.319866561889648438e+01
1.337007522583007812e+00
5.074587249755859375e+01
6.581716537475585938e-01
7.111658573150634766e+00
-2.796850204467773438e-01
5.989747047424316406e+00
2.297344207763671875e+00
-6.463727951049804688e-01
9.624595642089843750e-01
7.585382461547851562e+00
1.358963108062744141e+01
6.737747192382812500e-01
-7.843627929687500000e-01
-5.496025085449218750e-02
2.615852355957031250e+00
5.871454715728759766e+00
1.535829544067382812e+00
5.655593872070312500e-01
9.711055755615234375e-01
7.249038696289062500e+00
1.547948837280273438e+01
9.881105422973632812e-01
1.282534599304199219e+01
3.007001876831054688e-01
1.438474273681640625e+01
5.189182662963867188e+01
1.026956558227539062e+00
1.549049377441406250e+00
-4.199562072753906250e-01
-1.112356185913085938e-01
2.135930061340332031e+00
1.180249214172363281e+00
-6.454954147338867188e-01
2.049143600463867188e+01
3.588657379150390625e+00
5.982589721679687500e-02
4.974835586547851562e+01
5.020838928222656250e+01
4.317340373992919922e+00
4.607057952880859375e+01
5.275738525390625000e+01
3.204154968261718750e-02
1.209612941741943359e+01
7.853253841400146484e+00
6.531229019165039062e-01
5.094985961914062500e-01
5.348317337036132812e+01
8.747415542602539062e-01
3.323149871826171875e+01
1.952304840087890625e+00
1.063073158264160156e+00
3.777997016906738281e+00
3.511437225341796875e+01
3.717924118041992188e+00
2.166182518005371094e+01
1.282688331604003906e+01
7.276062011718750000e+00
8.177843093872070312e-01
2.067018699645996094e+01
3.744421386718750000e+01
4.223554134368896484e+00
5.760145187377929688e-01
-4.154205322265625000e-03
4.962596893310546875e+01
7.761603355407714844e+00
-2.837867736816406250e-01
