1.907157897949218750e-02
3.157066822052001953e+00
4.048014640808105469e+00
-3.372917175292968750e-01
1.396662235260009766e+01
4.462827682495117188e+00
1.074012756347656250e+00
4.773486137390136719e+00
1.387243270874023438e-01
1.159759521484375000e+00
3.428833007812500000e+00
2.038587570190429688e+01
3.734994125366210938e+01
4.474715423583984375e+01
1.397772979736328125e+01
9.014587402343750000e-01
5.835351943969726562e-01
2.977246284484863281e+00
3.438596725463867188e-01
1.210551261901855469e+00
1.778812408447265625e+00
4.191029357910156250e+01
6.225780487060546875e+00
3.121076583862304688e+00
1.863090705871582031e+01
5.290784835815429688e-01
1.177655887603759766e+01
5.415128326416015625e+01
1.360079097747802734e+01
2.310082054138183594e+01
8.091392517089843750e-01
7.366371154785156250e-02
1.861005783081054688e+00
3.144848346710205078e+00
7.029673099517822266e+00
5.212564945220947266e+00
2.139195823669433594e+01
1.305702781677246094e+01
6.723527908325195312e-01
1.598777770996093750e+00
1.497304916381835938e+00
4.186641693115234375e+00
3.429811954498291016e+00
1.296855735778808594e+01
7.980051040649414062e-01
2.314015388488769531e+00
1.011917114257812500e+00
2.331186294555664062e+01
1.580563545227050781e+00
5.483859252929687500e+01
2.518877410888671875e+01
3.364878845214843750e+01
7.973437309265136719e+00
2.814167976379394531e+00
3.291158676147460938e-01
4.348234176635742188e+00
2.913764476776123047e+00
7.949886322021484375e+00
8.888154983520507812e+00
7.018709182739257812e-01
4.701673030853271484e+00
4.648199081420898438e-01
1.179736995697021484e+01
5.447433948516845703e+00
3.777596282958984375e+01
8.080987930297851562e-01
1.259254455566406250e+00
1.283448219299316406e+01
9.028911590576171875e-01
2.553248405456542969e+00
6.739568710327148438e-01
1.569299697875976562e+00
1.203627586364746094e+00
7.054943084716796875e+00
4.860358810424804688e+01
1.133542823791503906e+01
9.136714935302734375e-01
2.398600006103515625e+01
2.558706283569335938e+00
3.458057403564453125e+00
8.749246597290039062e-01
2.011936187744140625e+00
2.827997207641601562e-01
4.253988742828369141e+00
6.242456436157226562e-01
4.102277755737304688e-01
4.903511810302734375e+01
8.466304779052734375e+00
1.969018554687500000e+01
3.360949325561523438e+01
1.972446441650390625e+00
1.862695884704589844e+01
1.449566841125488281e+00
5.339356422424316406e+00
6.064414024353027344e+00
5.020999908447265625e-01
5.137360382080078125e+01
8.805899620056152344e+00
-3.387231826782226562e-01
3.401282501220703125e+01
4.262283325195312500e+00
4.693505764007568359e+00
2.222995758056640625e-01
1.378908157348632812e+00
2.701307296752929688e+00
1.265076732635498047e+01
-2.561807632446289062e-01
8.935813903808593750e-01
1.314456939697265625e+00
7.245017051696777344e+00
1.569319343566894531e+01
4.030943870544433594e+00
-2.867794036865234375e-02
1.321963310241699219e+00
4.924107360839843750e+01
4.402993679046630859e+00
3.438673019409179688e-01
6.363572120666503906e+00
3.675769424438476562e+01
3.126941204071044922e+00
3.497114181518554688e-01
6.089154815673828125e+01
5.217118072509765625e+01
2.050516891479492188e+01
4.854869842529296875e-02
3.997093200683593750e+00
2.319692611694335938e+00
7.733591079711914062e+00
1.194887161254882812e+00
1.280772018432617188e+01
1.506225395202636719e+01
7.748661041259765625e-01
4.927639961242675781e+00
1.958086013793945312e+00
4.230216503143310547e+00
3.719327926635742188e+00
2.085249137878417969e+01
2.699463653564453125e+01
6.777048110961914062e-01
4.650033950805664062e+01
-9.101295471191406250e-02
3.799481964111328125e+01
-3.655719757080078125e-02
2.888712406158447266e+00
8.391237258911132812e-01
2.296218872070312500e-01
5.761241912841796875e-02
9.840040206909179688e-01
5.574593734741210938e+01
1.077498435974121094e+00
1.288731575012207031e+00
5.342167377471923828e+00
1.705027580261230469e+00
-2.762241363525390625e-01
5.407618045806884766e+00
1.149168968200683594e+00
2.477681159973144531e+00
1.598547935485839844e+00
6.959829330444335938e-01
1.296876907348632812e+01
2.104128837585449219e+00
1.936070442199707031e+00
3.966617584228515625e-02
1.573191642761230469e+00
1.209511756896972656e+00
-2.762317657470703125e-01
5.274200820922851562e+01
4.922874832153320312e+01
5.532265090942382812e+01
4.203076553344726562e+01
1.068861007690429688e+00
2.076903152465820312e+01
2.734899520874023438e-01
4.121824264526367188e+00
1.648565673828125000e+01
3.452376556396484375e+01
3.486932754516601562e+01
3.585948944091796875e-01
3.170135879516601562e+01
5.624741554260253906e+00
5.323457717895507812e-01
2.790347099304199219e+00
5.928459167480468750e-01
3.362485408782958984e+00
-4.010601043701171875e-01
2.276607894897460938e+01
8.975169181823730469e+00
4.759992980957031250e+01
2.707687377929687500e+00
1.527560234069824219e+00
5.014199733734130859e+00
6.453256607055664062e-01
3.803489208221435547e+00
5.386638641357421875e-02
2.887952804565429688e+00
7.726530551910400391e+00
3.923308372497558594e+00
4.384502792358398438e+01
7.317505359649658203e+00
2.153127098083496094e+01
1.198525428771972656e+00
1.174664974212646484e+01
1.904808998107910156e+00
1.001834869384765625e-01
2.190332412719726562e-01
2.257490921020507812e+01
1.177942752838134766e+01
5.453302383422851562e+00
1.437162780761718750e+01
3.639125823974609375e-01
9.840774536132812500e-01
2.813682556152343750e-01
4.060325622558593750e-01
1.084912300109863281e+00
6.002122879028320312e+01
2.103499794006347656e+01
5.363129615783691406e+00
1.228018760681152344e+00
7.527662754058837891e+00
6.686410903930664062e-01
4.811048507690429688e+01
9.786863327026367188e-01
-2.724456787109375000e-02
2.074014472961425781e+01
6.391639709472656250e-01
2.035708427429199219e+00
3.382110595703125000e-02
8.499851226806640625e+00
3.195947265625000000e+01
3.970318317413330078e+00
2.071698760986328125e+01
1.023411178588867188e+01
1.247117996215820312e+00
7.723624229431152344e+00
3.853106975555419922e+00
7.588148117065429688e-01
3.491733169555664062e+01
6.539422035217285156e+00
3.013949394226074219e+00
2.872902679443359375e+01
2.981762313842773438e+01
5.255180835723876953e+00
3.205835342407226562e+01
2.017800331115722656e+00
4.795275878906250000e+01
5.288127899169921875e+01
8.161768913269042969e+00
7.799322128295898438e+00
1.341521263122558594e+00
5.914144515991210938e-01
1.255294799804687500e+00
5.868667125701904297e+00
3.228808593750000000e+01
6.916120529174804688e+00
7.589054107666015625e-02
1.043670654296875000e+00
3.300287246704101562e+01
3.859376907348632812e-01
2.057845115661621094e+00
2.980406761169433594e+00
3.381443023681640625e-02
9.877510070800781250e-01
4.487695693969726562e-01
3.676595687866210938e-01
4.830659866333007812e+01
6.539058685302734375e-01
2.428564262390136719e+01
6.156579494476318359e+00
2.663958549499511719e+00
2.050245285034179688e+00
7.728843688964843750e-01
6.539134979248046875e-01
2.061995697021484375e+01
1.898105621337890625e+00
3.223283004760742188e+01
9.639587402343750000e-01
3.352804565429687500e+01
