1.935087203979492188e+00
9.323997497558593750e-01
7.170009136199951172e+00
8.995042800903320312e+00
3.032960891723632812e-01
1.494139671325683594e+00
1.942729949951171875e+00
1.180377006530761719e+00
4.970885276794433594e+00
1.826808738708496094e+01
5.012576293945312500e+01
3.782382965087890625e+00
-1.009178161621093750e-01
4.501203536987304688e+01
1.442337036132812500e-01
5.190151596069335938e+01
3.234088420867919922e+00
1.512082290649414062e+01
4.995103073120117188e+01
1.381249809265136719e+01
4.903514480590820312e+01
2.142345809936523438e+01
2.675826072692871094e+00
3.241722869873046875e+01
8.669591903686523438e+00
3.490625762939453125e+01
3.904884338378906250e+00
2.084324264526367188e+01
3.399970626831054688e+01
1.229679203033447266e+01
1.202821922302246094e+01
7.603120803833007812e-01
2.074927330017089844e+00
4.220943450927734375e-01
8.755608558654785156e+00
5.643420791625976562e+01
1.883595466613769531e+00
2.560347557067871094e+00
6.048698425292968750e-01
3.554664611816406250e+00
9.451169967651367188e-01
1.849946975708007812e-01
4.103202819824218750e-01
5.876541137695312500e-02
2.744827270507812500e-01
1.661930084228515625e-01
-2.645025253295898438e-01
1.365662574768066406e+00
2.933501243591308594e+00
4.963871383666992188e+01
5.087852478027343750e-03
1.218188285827636719e+00
3.532581329345703125e-01
3.521070480346679688e-01
6.081121826171875000e+01
1.957146835327148438e+01
1.492886543273925781e+00
8.139043807983398438e+00
3.001867294311523438e+01
6.238387584686279297e+00
3.912092208862304688e+00
7.136811256408691406e+00
1.320371627807617188e-01
-1.802244186401367188e-01
7.007175445556640625e+00
2.005728721618652344e+00
3.814669036865234375e+01
9.844335556030273438e+00
7.136898040771484375e-01
1.530919075012207031e+00
4.283720397949218750e+01
1.433893680572509766e+01
5.408328533172607422e+00
2.173591232299804688e+01
3.350103378295898438e+01
7.529773712158203125e-01
2.114583969116210938e+00
1.324218750000000000e+00
1.453514099121093750e-01
4.057611942291259766e+00
2.494651222229003906e+01
2.273566246032714844e+00
4.232415199279785156e+00
2.686063766479492188e+00
3.787023925781250000e+01
2.695838928222656250e+00
3.367070770263671875e+01
2.056116104125976562e+00
1.961441040039062500e-01
1.947661209106445312e+01
3.405049514770507812e+01
6.544794559478759766e+00
2.103843307495117188e+01
1.336788177490234375e+00
1.195765209197998047e+01
3.393343353271484375e+01
8.009596824645996094e+00
1.371739387512207031e+01
1.218321514129638672e+01
1.400285720825195312e+00
1.144056320190429688e+00
4.660523414611816406e+00
6.163117599487304688e+01
5.060243606567382812e-01
2.080420494079589844e+01
1.277693748474121094e+00
2.769746780395507812e-01
4.458046436309814453e+00
1.022021198272705078e+01
2.206004333496093750e+01
1.029996871948242188e-01
1.021839141845703125e+00
5.191450119018554688e-01
8.298330307006835938e-01
4.988747787475585938e+01
3.124724864959716797e+00
7.507610321044921875e-02
1.038502693176269531e+00
-3.490257263183593750e-01
2.765615463256835938e+01
1.207088470458984375e+01
1.515969085693359375e+01
2.938478469848632812e+00
1.375087451934814453e+01
5.596894836425781250e+01
1.402572631835937500e+01
4.358693599700927734e+00
4.094282150268554688e+00
7.710634231567382812e+00
2.872159481048583984e+00
1.356119155883789062e+00
2.041751861572265625e+00
3.131180191040039062e+01
1.998634338378906250e+00
1.076630592346191406e+00
1.433563232421875000e-01
8.601900100708007812e+00
-3.001003265380859375e-01
7.788248062133789062e-01
3.871020317077636719e+00
5.564948081970214844e+00
3.220892906188964844e+00
3.020212173461914062e+00
3.790283203125000000e-01
3.339589595794677734e+00
7.494812011718750000e-01
5.480523681640625000e+01
1.479072570800781250e+00
7.691135406494140625e-01
2.904873371124267578e+00
3.395108032226562500e+01
5.037042140960693359e+00
1.237620162963867188e+01
2.083691978454589844e+01
2.594680786132812500e-01
2.217953681945800781e+00
1.608371734619140625e+00
2.364500045776367188e+01
4.615579605102539062e+01
4.067147731781005859e+00
8.412876129150390625e-01
2.960300445556640625e-02
3.202312850952148438e+01
1.617444992065429688e+00
-1.430025100708007812e-01
5.924754619598388672e+00
1.517051696777343750e+00
2.003925704956054688e+01
2.887792587280273438e+00
9.387283325195312500e-01
2.187018394470214844e+00
3.684539794921875000e-01
5.750379562377929688e-01
3.590917587280273438e-01
1.121684741973876953e+01
1.206806182861328125e+00
8.832345008850097656e+00
1.115958213806152344e+00
2.951917648315429688e-01
7.912406921386718750e+00
4.997625350952148438e-01
7.595370292663574219e+00
4.119368553161621094e+00
-4.977607727050781250e-02
1.534621238708496094e+00
4.500198364257812500e-01
2.674322128295898438e-01
8.164129257202148438e-01
9.598445892333984375e-02
5.163550376892089844e+00
1.377202987670898438e+00
2.465438842773437500e+00
-1.508741378784179688e-01
2.780325412750244141e+00
3.103223800659179688e+00
6.932675361633300781e+00
3.810498809814453125e+01
1.000564575195312500e+00
3.937959671020507812e-01
8.366842269897460938e-01
2.392571449279785156e+00
2.020215988159179688e+00
4.205551147460937500e-01
4.447765350341796875e-01
5.612902450561523438e+01
9.020261764526367188e-01
1.544523239135742188e+00
1.076091766357421875e+00
1.463152885437011719e+00
2.413067054748535156e+01
4.751803970336914062e+01
6.859834194183349609e+00
3.708260536193847656e+00
6.769113540649414062e-01
5.898833751678466797e+00
2.413326644897460938e+01
6.789474487304687500e-01
2.707500457763671875e-01
2.280810737609863281e+01
3.833977699279785156e+00
6.959838867187500000e-01
1.866581916809082031e+00
4.293231964111328125e-01
4.661166191101074219e+00
1.355134391784667969e+01
1.975766372680664062e+01
5.180949401855468750e+01
3.228009414672851562e+01
9.085507392883300781e+00
4.100754737854003906e+00
3.600876998901367188e+01
5.988185405731201172e+00
5.353881454467773438e+01
2.130236053466796875e+01
8.290719032287597656e+00
5.567340850830078125e-01
1.767799377441406250e+00
1.448729324340820312e+01
1.231809425354003906e+01
3.058705329895019531e+00
3.578279113769531250e+01
5.080209255218505859e+00
2.357517242431640625e+00
2.575153732299804688e+01
5.120299530029296875e+01
9.362363815307617188e-01
1.043043136596679688e+00
4.096441268920898438e-01
1.000148773193359375e+00
6.620731353759765625e-01
7.012481689453125000e-01
3.036066055297851562e+00
2.970347213745117188e+01
1.193914413452148438e-01
1.333208084106445312e-01
3.787228775024414062e+01
5.677509307861328125e-02
5.585496902465820312e+00
7.174491882324218750e-01
-7.004451751708984375e-02
2.802698135375976562e+00
6.268420696258544922e+00
3.677080154418945312e+00
3.459118652343750000e+01
1.290887641906738281e+01
-1.320886611938476562e-01
7.826983928680419922e+00
7.319154739379882812e-01
4.575828170776367188e+01
2.199749946594238281e+00
1.316217803955078125e+01
4.978993606567382812e+01
2.308873748779296875e+01
7.341695308685302734e+00
8.160623550415039062e+00
9.874000549316406250e-01
6.859655380249023438e-01
