1.342975902557373047e+01
1.906419372558593750e+01
1.869506263732910156e+01
3.601012420654296875e+01
1.235436439514160156e+01
1.550649929046630859e+01
7.127768516540527344e+00
1.134855747222900391e+01
3.556671905517578125e+01
3.302634429931640625e+01
1.342558860778808594e+01
1.600198936462402344e+01
2.861643981933593750e+01
1.349419021606445312e+01
1.053448581695556641e+01
2.875427055358886719e+01
1.307014560699462891e+01
1.056400966644287109e+01
2.102473831176757812e+01
2.876596069335937500e+01
1.556055450439453125e+01
1.116024398803710938e+01
3.569861984252929688e+01
2.947644615173339844e+01
4.042560577392578125e+01
1.535690498352050781e+01
2.976967239379882812e+01
3.221606445312500000e+01
1.399754333496093750e+01
1.868308258056640625e+01
1.675471115112304688e+01
1.815829849243164062e+01
1.259319972991943359e+01
3.275691604614257812e+01
1.140519332885742188e+01
3.139681816101074219e+01
1.462442111968994141e+01
1.712633323669433594e+01
2.547032356262207031e+01
1.292185878753662109e+01
2.847686576843261719e+01
1.278970623016357422e+01
1.262680053710937500e+01
1.085479068756103516e+01
1.735464096069335938e+01
1.409497642517089844e+01
1.401373481750488281e+01
3.232974624633789062e+01
1.275067996978759766e+01
3.645095062255859375e+01
3.565056610107421875e+01
3.258910751342773438e+01
2.860175323486328125e+01
3.608317565917968750e+01
1.223281574249267578e+01
1.048329925537109375e+01
3.257556152343750000e+01
3.282105636596679688e+01
1.552657222747802734e+01
8.938590049743652344e+00
3.861872100830078125e+01
1.712292671203613281e+01
3.681169509887695312e+01
1.464029407501220703e+01
1.311891365051269531e+01
1.301931476593017578e+01
1.272812938690185547e+01
1.181206417083740234e+01
3.572887420654296875e+01
1.046014499664306641e+01
1.558705139160156250e+01
3.274705505371093750e+01
1.282808494567871094e+01
1.507517147064208984e+01
1.474274444580078125e+01
1.061412048339843750e+01
1.706012725830078125e+01
2.848272705078125000e+01
2.416518020629882812e+01
1.445753192901611328e+01
2.886412811279296875e+01
1.217992687225341797e+01
1.237017536163330078e+01
3.197327804565429688e+01
1.081495475769042969e+01
3.642432022094726562e+01
1.293748760223388672e+01
1.197390747070312500e+01
2.896661758422851562e+01
1.403400039672851562e+01
1.279689121246337891e+01
3.651947784423828125e+01
1.411214160919189453e+01
2.434914779663085938e+01
1.532759284973144531e+01
2.894815063476562500e+01
1.057680988311767578e+01
1.163723945617675781e+01
2.481486701965332031e+01
2.825831985473632812e+01
1.868049240112304688e+01
2.682397270202636719e+01
1.450190544128417969e+01
2.605128479003906250e+01
1.390510272979736328e+01
1.118932342529296875e+01
2.962075614929199219e+01
4.164271545410156250e+01
1.297495460510253906e+01
1.296548366546630859e+01
2.895491218566894531e+01
2.805696105957031250e+01
1.463086318969726562e+01
3.172577285766601562e+01
1.520457744598388672e+01
1.333450412750244141e+01
1.457145500183105469e+01
2.322589492797851562e+01
1.413859653472900391e+01
1.203137683868408203e+01
3.272182464599609375e+01
1.286671447753906250e+01
1.928771781921386719e+01
1.394396400451660156e+01
1.541987037658691406e+01
2.416082191467285156e+01
1.589635944366455078e+01
5.717029571533203125e+00
2.550131034851074219e+01
1.423414039611816406e+01
3.200026702880859375e+01
1.433459091186523438e+01
4.183671569824218750e+01
3.969452667236328125e+01
2.575093460083007812e+01
3.168593788146972656e+01
2.380620956420898438e+01
1.460563278198242188e+01
1.392485141754150391e+01
1.500487899780273438e+01
3.977810668945312500e+01
3.629255676269531250e+01
5.645286560058593750e+00
2.565264892578125000e+01
1.719500732421875000e+01
2.639815902709960938e+01
1.486421966552734375e+01
1.068944358825683594e+01
1.449931907653808594e+01
1.807974624633789062e+01
4.084264373779296875e+01
1.305429553985595703e+01
2.370428276062011719e+01
2.587833595275878906e+01
2.632730865478515625e+01
1.662681007385253906e+01
1.560373497009277344e+01
1.266974449157714844e+01
3.269628906250000000e+01
2.855749511718750000e+01
1.487447929382324219e+01
3.648273849487304688e+01
3.614985656738281250e+01
1.661445426940917969e+01
1.484773445129394531e+01
2.932072830200195312e+01
2.931220436096191406e+01
2.055131721496582031e+01
6.830230712890625000e+00
1.655404090881347656e+01
3.654624557495117188e+01
2.449308204650878906e+01
1.524250984191894531e+01
1.518112373352050781e+01
3.615061187744140625e+01
2.874671936035156250e+01
1.267138576507568359e+01
2.915023994445800781e+01
1.285443973541259766e+01
3.278936386108398438e+01
1.559434890747070312e+01
1.387446308135986328e+01
1.270603752136230469e+01
1.126212310791015625e+01
1.248218536376953125e+01
2.627068710327148438e+01
1.053409957885742188e+01
1.276510620117187500e+01
2.603442573547363281e+01
3.588023757934570312e+01
1.304881477355957031e+01
1.445897960662841797e+01
2.631038093566894531e+01
3.241822052001953125e+01
2.397512435913085938e+01
2.725854682922363281e+01
3.293148040771484375e+01
1.220544719696044922e+01
3.637466430664062500e+01
3.927033615112304688e+01
1.478278636932373047e+01
1.876299667358398438e+01
2.902112579345703125e+01
3.572179794311523438e+01
8.823947906494140625e+00
2.877328109741210938e+01
1.686006927490234375e+01
2.577570915222167969e+01
3.527202606201171875e+01
2.837244987487792969e+01
1.111871337890625000e+01
1.981523323059082031e+01
1.538635444641113281e+01
2.437113952636718750e+01
2.551434898376464844e+01
2.337496376037597656e+01
3.921578216552734375e+01
1.923402404785156250e+01
1.057020378112792969e+01
1.273782444000244141e+01
1.727944564819335938e+01
1.064281940460205078e+01
1.641103553771972656e+01
1.194408035278320312e+01
1.467970657348632812e+01
1.420020675659179688e+01
3.573079681396484375e+01
1.131377124786376953e+01
2.818353843688964844e+01
1.492777061462402344e+01
2.847765350341796875e+01
1.072222232818603516e+01
1.033110713958740234e+01
3.161915969848632812e+01
2.376507949829101562e+01
1.270797252655029297e+01
3.968594360351562500e+01
1.718550872802734375e+01
3.246719360351562500e+01
3.630328369140625000e+01
3.263191986083984375e+01
1.891820144653320312e+01
1.187042617797851562e+01
1.283323097229003906e+01
2.373746299743652344e+01
3.270085144042968750e+01
1.227925872802734375e+01
2.617452239990234375e+01
1.335619926452636719e+01
4.202196502685546875e+01
5.804454803466796875e+00
2.586928749084472656e+01
3.645952224731445312e+01
1.412580871582031250e+01
4.197369384765625000e+01
1.129003143310546875e+01
6.647226333618164062e+00
2.591649055480957031e+01
1.399406528472900391e+01
2.390671730041503906e+01
1.175056076049804688e+01
1.471284580230712891e+01
1.248627376556396484e+01
1.045111560821533203e+01
3.187091827392578125e+01
1.189926147460937500e+01
1.190100669860839844e+01
3.277336883544921875e+01
2.375528335571289062e+01
1.059547805786132812e+01
1.270288276672363281e+01
3.916255187988281250e+01
2.871977615356445312e+01
3.257246398925781250e+01
1.537870597839355469e+01
1.302385997772216797e+01
3.633776092529296875e+01
1.059518814086914062e+01
3.260182571411132812e+01
2.390582847595214844e+01
2.909226036071777344e+01
3.606031036376953125e+01
1.759611511230468750e+01
3.678610229492187500e+01
3.631461715698242188e+01
8.798226356506347656e+00
2.879312324523925781e+01
1.462385272979736328e+01
1.651846313476562500e+01
2.580821990966796875e+01
1.543093299865722656e+01
3.946986770629882812e+01
2.856197738647460938e+01
1.513504028320312500e+01
3.651227188110351562e+01
2.959813308715820312e+01
3.702617263793945312e+01
1.456591224670410156e+01
1.731165695190429688e+01
1.282247638702392578e+01
1.607152748107910156e+01
1.105506706237792969e+01
4.133242034912109375e+01
5.779081344604492188e+00
3.678935623168945312e+01
2.663872337341308594e+01
1.665541267395019531e+01
4.207799530029296875e+01
1.414310741424560547e+01
2.873077392578125000e+01
3.637842559814453125e+01
3.247510910034179688e+01
1.701665496826171875e+01
1.446148872375488281e+01
1.856627655029296875e+01
2.458749771118164062e+01
1.945960044860839844e+01
2.889604187011718750e+01
4.098505020141601562e+01
3.553146362304687500e+01
2.823465156555175781e+01
1.881055831909179688e+01
4.257209014892578125e+01
1.413782691955566406e+01
1.249910259246826172e+01
2.594467926025390625e+01
3.581619262695312500e+01
2.384736633300781250e+01
3.461289596557617188e+01
1.131852626800537109e+01
2.916752052307128906e+01
1.243252754211425781e+01
1.559228324890136719e+01
3.990103149414062500e+01
1.432591056823730469e+01
1.198295402526855469e+01
3.117833709716796875e+01
4.160217285156250000e+01
2.645092010498046875e+01
1.659904670715332031e+01
2.571439170837402344e+01
1.242248058319091797e+01
2.370781326293945312e+01
3.883290100097656250e+01
1.436994457244873047e+01
3.268497085571289062e+01
1.489392757415771484e+01
2.404336166381835938e+01
1.392164802551269531e+01
3.226764297485351562e+01
1.237729740142822266e+01
1.554630661010742188e+01
1.202187728881835938e+01
1.520030021667480469e+01
3.164542579650878906e+01
2.874489021301269531e+01
3.260559082031250000e+01
1.944665718078613281e+01
2.933696556091308594e+01
1.286715888977050781e+01
1.262561416625976562e+01
1.659599876403808594e+01
3.275520324707031250e+01
3.705811309814453125e+01
2.943158912658691406e+01
3.280828475952148438e+01
2.502090263366699219e+01
2.873655128479003906e+01
3.891212081909179688e+01
1.262629985809326172e+01
2.850101852416992188e+01
2.905989074707031250e+01
3.254118347167968750e+01
1.028218078613281250e+01
3.012215805053710938e+01
1.762451934814453125e+01
3.636395645141601562e+01
3.319576263427734375e+01
1.479251098632812500e+01
2.930895805358886719e+01
1.658656501770019531e+01
1.817693901062011719e+01
1.651775550842285156e+01
1.229045581817626953e+01
3.282170486450195312e+01
1.121890735626220703e+01
1.096151351928710938e+01
1.645364952087402344e+01
1.454966545104980469e+01
2.849953460693359375e+01
1.455027008056640625e+01
3.631369781494140625e+01
2.960230255126953125e+01
1.775963973999023438e+01
3.285293579101562500e+01
4.166400146484375000e+01
3.929833984375000000e+01
1.386166763305664062e+01
3.241229248046875000e+01
2.656958770751953125e+01
2.359739875793457031e+01
2.861704254150390625e+01
1.109435176849365234e+01
3.195680999755859375e+01
1.760754394531250000e+01
1.774572181701660156e+01
1.338688850402832031e+01
3.629825592041015625e+01
3.297481536865234375e+01
1.454322719573974609e+01
3.687612152099609375e+01
1.550309562683105469e+01
3.224339675903320312e+01
3.293472290039062500e+01
3.924893188476562500e+01
1.235710048675537109e+01
3.157205963134765625e+01
1.209115409851074219e+01
1.065656185150146484e+01
2.299218368530273438e+01
1.433090782165527344e+01
2.832615661621093750e+01
3.727844238281250000e+01
1.583374500274658203e+01
1.082478237152099609e+01
2.872316360473632812e+01
4.033826446533203125e+01
2.897521972656250000e+01
7.384121894836425781e+00
1.183232212066650391e+01
1.440356063842773438e+01
1.623916053771972656e+01
1.452777481079101562e+01
1.527174568176269531e+01
2.463130187988281250e+01
2.588368415832519531e+01
1.438825511932373047e+01
1.473855209350585938e+01
5.831295013427734375e+00
1.257106113433837891e+01
2.399122047424316406e+01
2.893440055847167969e+01
1.814175796508789062e+01
1.253585910797119141e+01
1.159853839874267578e+01
1.262357807159423828e+01
1.231392097473144531e+01
1.454207229614257812e+01
4.194886779785156250e+01
2.392097854614257812e+01
2.399256134033203125e+01
2.817523193359375000e+01
1.543152046203613281e+01
1.806653976440429688e+01
1.050586318969726562e+01
1.432407379150390625e+01
1.408707141876220703e+01
3.219410705566406250e+01
2.900078773498535156e+01
1.139344692230224609e+01
1.122000885009765625e+01
2.426280784606933594e+01
2.859863281250000000e+01
3.983509063720703125e+01
1.313086795806884766e+01
2.670729827880859375e+01
2.848714447021484375e+01
1.329097843170166016e+01
3.698980712890625000e+01
3.328720855712890625e+01
1.383158397674560547e+01
2.365728378295898438e+01
4.284553146362304688e+01
1.051716518402099609e+01
1.038959980010986328e+01
3.968371963500976562e+01
2.953557968139648438e+01
4.034882736206054688e+01
1.140384864807128906e+01
2.353849411010742188e+01
1.225742816925048828e+01
3.590402603149414062e+01
3.211340332031250000e+01
1.155381584167480469e+01
3.301545715332031250e+01
1.288746070861816406e+01
3.279911422729492188e+01
1.274275970458984375e+01
1.485055732727050781e+01
1.025388050079345703e+01
1.574515151977539062e+01
1.429339313507080078e+01
1.535079956054687500e+01
1.322255802154541016e+01
1.103974056243896484e+01
1.285701465606689453e+01
2.582993888854980469e+01
1.553365802764892578e+01
3.232112121582031250e+01
1.732445526123046875e+01
3.734452819824218750e+01
1.209359931945800781e+01
1.183795547485351562e+01
1.105038452148437500e+01
2.980333709716796875e+01
1.335716819763183594e+01
2.626842117309570312e+01
1.527964210510253906e+01
3.947185134887695312e+01
1.247151660919189453e+01
1.953449440002441406e+01
2.824126434326171875e+01
3.919799804687500000e+01
3.613891220092773438e+01
1.467586898803710938e+01
1.459540748596191406e+01
1.516186428070068359e+01
1.110493659973144531e+01
4.027491378784179688e+01
3.167374801635742188e+01
3.696333312988281250e+01
2.068881034851074219e+01
3.671294403076171875e+01
3.907629776000976562e+01
1.134623241424560547e+01
1.677191925048828125e+01
1.390448188781738281e+01
1.129245471954345703e+01
1.315123367309570312e+01
2.958065414428710938e+01
1.404792690277099609e+01
1.614714431762695312e+01
3.967350387573242188e+01
3.260641479492187500e+01
1.290510368347167969e+01
1.698571395874023438e+01
4.214921569824218750e+01
4.195870208740234375e+01
2.654420661926269531e+01
2.871907806396484375e+01
1.513144111633300781e+01
4.173815155029296875e+01
2.688746452331542969e+01
1.097883129119873047e+01
2.632409095764160156e+01
1.085080432891845703e+01
1.040617179870605469e+01
1.136958122253417969e+01
1.027391433715820312e+01
2.682852554321289062e+01
3.505078506469726562e+01
1.129066658020019531e+01
1.212183284759521484e+01
3.895680236816406250e+01
1.604921722412109375e+01
7.359290122985839844e+00
2.901774978637695312e+01
1.124936580657958984e+01
3.626815032958984375e+01
1.669609832763671875e+01
1.019204330444335938e+01
2.391816139221191406e+01
1.244615173339843750e+01
3.945024871826171875e+01
1.176231384277343750e+01
1.946817207336425781e+01
1.300818347930908203e+01
2.909057426452636719e+01
4.242119598388671875e+01
1.117033100128173828e+01
1.301010036468505859e+01
1.430580329895019531e+01
3.250227355957031250e+01
3.937763214111328125e+01
1.236200332641601562e+01
3.608135223388671875e+01
3.177808570861816406e+01
3.977300262451171875e+01
2.833194732666015625e+01
2.843179130554199219e+01
1.459513854980468750e+01
1.310884761810302734e+01
2.312065505981445312e+01
1.670524597167968750e+01
1.439839172363281250e+01
3.235872650146484375e+01
1.437432098388671875e+01
1.676330566406250000e+01
1.489746284484863281e+01
5.661026000976562500e+00
1.270117378234863281e+01
1.442706680297851562e+01
3.628042984008789062e+01
3.221970748901367188e+01
3.648434448242187500e+01
2.858478355407714844e+01
1.100256347656250000e+01
1.909310913085937500e+01
3.007589721679687500e+01
1.230225658416748047e+01
2.901774978637695312e+01
3.640388488769531250e+01
2.428591918945312500e+01
2.864061927795410156e+01
2.552507209777832031e+01
1.270838737487792969e+01
1.021368408203125000e+01
1.066593742370605469e+01
3.694191741943359375e+01
2.685940551757812500e+01
3.950972747802734375e+01
6.883522987365722656e+00
1.181282424926757812e+01
3.237781906127929688e+01
2.370541763305664062e+01
1.226002597808837891e+01
2.924331283569335938e+01
1.465968894958496094e+01
1.027120685577392578e+01
3.932978057861328125e+01
2.915974998474121094e+01
3.231011962890625000e+01
3.663523101806640625e+01
1.864989852905273438e+01
1.122409439086914062e+01
3.279536437988281250e+01
4.209097290039062500e+01
2.540428161621093750e+01
4.011687088012695312e+01
1.454959487915039062e+01
1.121775817871093750e+01
2.958581352233886719e+01
3.265024948120117188e+01
3.280951309204101562e+01
1.747324180603027344e+01
3.705007171630859375e+01
3.617074203491210938e+01
3.998621749877929688e+01
1.646988677978515625e+01
1.053205013275146484e+01
1.159526634216308594e+01
2.903543090820312500e+01
1.157695102691650391e+01
1.524802589416503906e+01
3.967026901245117188e+01
1.389771842956542969e+01
4.154266357421875000e+01
1.468537425994873047e+01
4.133241271972656250e+01
1.513228988647460938e+01
3.278285217285156250e+01
1.634870338439941406e+01
2.439511871337890625e+01
2.612483978271484375e+01
3.301365661621093750e+01
4.043627548217773438e+01
2.943461608886718750e+01
1.239805126190185547e+01
1.288330745697021484e+01
2.390080451965332031e+01
3.183919143676757812e+01
2.900365447998046875e+01
1.266141986846923828e+01
2.524584007263183594e+01
1.154080677032470703e+01
1.113688659667968750e+01
1.122615718841552734e+01
2.833172225952148438e+01
1.086753082275390625e+01
1.306233024597167969e+01
1.481385040283203125e+01
3.871431732177734375e+01
1.531083488464355469e+01
1.318794918060302734e+01
3.246903228759765625e+01
2.852693557739257812e+01
1.689496421813964844e+01
3.289087677001953125e+01
1.519489955902099609e+01
1.220443725585937500e+01
1.657501411437988281e+01
2.827970886230468750e+01
1.414531993865966797e+01
1.529916572570800781e+01
1.890384101867675781e+01
3.277046203613281250e+01
2.409755897521972656e+01
3.974082946777343750e+01
1.400201129913330078e+01
3.285325241088867188e+01
3.229558181762695312e+01
