3.241681671142578125e+01
2.934396553039550781e+01
1.156293678283691406e+01
3.231589126586914062e+01
1.056184291839599609e+01
2.442865371704101562e+01
3.618772125244140625e+01
3.278871154785156250e+01
2.406812477111816406e+01
6.643028259277343750e+00
2.889564132690429688e+01
1.148608303070068359e+01
2.892578697204589844e+01
2.640547180175781250e+01
1.555751609802246094e+01
2.358193969726562500e+01
3.268087005615234375e+01
1.134149360656738281e+01
1.482758331298828125e+01
2.948842620849609375e+01
2.376744842529296875e+01
1.998386764526367188e+01
2.322711944580078125e+01
1.446811866760253906e+01
1.037922954559326172e+01
3.226030349731445312e+01
1.030640029907226562e+01
2.304643058776855469e+01
1.700204086303710938e+01
2.442071533203125000e+01
1.083540058135986328e+01
1.474211883544921875e+01
3.240721893310546875e+01
2.549627685546875000e+01
1.165468883514404297e+01
1.259406566619873047e+01
6.985345840454101562e+00
2.629363822937011719e+01
1.286484813690185547e+01
3.226482772827148438e+01
1.232867717742919922e+01
1.841551589965820312e+01
2.595349502563476562e+01
3.614025115966796875e+01
3.265368652343750000e+01
1.274360179901123047e+01
1.319906711578369141e+01
3.609373092651367188e+01
1.479079055786132812e+01
3.214203643798828125e+01
3.670719146728515625e+01
1.427147960662841797e+01
3.213105392456054688e+01
1.427051830291748047e+01
2.564456367492675781e+01
1.843991088867187500e+01
3.258044052124023438e+01
3.637585067749023438e+01
1.107203769683837891e+01
1.423344802856445312e+01
2.570240974426269531e+01
1.722735404968261719e+01
3.292216110229492188e+01
2.680701637268066406e+01
3.868947601318359375e+01
4.247688293457031250e+01
3.977142715454101562e+01
3.629102706909179688e+01
1.662549591064453125e+01
3.239973068237304688e+01
3.196762847900390625e+01
1.509853363037109375e+01
2.804121971130371094e+01
3.631964874267578125e+01
1.655701637268066406e+01
4.272090148925781250e+01
4.174252319335937500e+01
1.482991600036621094e+01
1.688403892517089844e+01
7.540367126464843750e+00
2.967819023132324219e+01
1.507431888580322266e+01
2.909608078002929688e+01
1.672310829162597656e+01
1.443552970886230469e+01
1.440774345397949219e+01
2.656727600097656250e+01
2.893204307556152344e+01
2.868443298339843750e+01
3.957073211669921875e+01
3.005809211730957031e+01
1.655556106567382812e+01
3.601941299438476562e+01
1.219068431854248047e+01
1.220615959167480469e+01
3.168465042114257812e+01
1.421500492095947266e+01
2.351472854614257812e+01
2.832117080688476562e+01
1.049725723266601562e+01
3.586281585693359375e+01
1.125297641754150391e+01
2.831283950805664062e+01
1.463183593750000000e+01
1.672772407531738281e+01
2.875726699829101562e+01
1.111538887023925781e+01
2.365033149719238281e+01
1.276516628265380859e+01
1.398736000061035156e+01
1.128519439697265625e+01
1.081987094879150391e+01
2.601798439025878906e+01
1.101465320587158203e+01
2.579546546936035156e+01
3.867675781250000000e+01
1.232847118377685547e+01
3.301823806762695312e+01
7.162214279174804688e+00
3.585268783569335938e+01
8.509158134460449219e+00
2.887557601928710938e+01
1.497392272949218750e+01
1.411394691467285156e+01
1.678656005859375000e+01
1.643853569030761719e+01
3.659083175659179688e+01
3.911482238769531250e+01
1.284721374511718750e+01
6.986483573913574219e+00
1.130401897430419922e+01
3.868433380126953125e+01
1.067430591583251953e+01
1.169268417358398438e+01
1.852196311950683594e+01
8.336938858032226562e+00
3.628971099853515625e+01
2.931936454772949219e+01
3.218532562255859375e+01
1.404194927215576172e+01
1.110159873962402344e+01
2.908624839782714844e+01
1.057769012451171875e+01
3.239375305175781250e+01
1.409133243560791016e+01
1.651523399353027344e+01
1.496747970581054688e+01
1.502409172058105469e+01
1.134473228454589844e+01
1.316761779785156250e+01
1.661032867431640625e+01
1.271044826507568359e+01
1.287169265747070312e+01
1.522531890869140625e+01
3.222520065307617188e+01
3.281578063964843750e+01
2.834477615356445312e+01
1.428704547882080078e+01
1.267799472808837891e+01
2.895913124084472656e+01
1.004077816009521484e+01
1.656565093994140625e+01
4.023478698730468750e+01
1.543420791625976562e+01
1.882622528076171875e+01
2.452745246887207031e+01
1.440030670166015625e+01
3.209318542480468750e+01
3.229857254028320312e+01
4.226332092285156250e+01
3.971942901611328125e+01
3.287887573242187500e+01
1.278532409667968750e+01
1.196814727783203125e+01
1.118011569976806641e+01
3.002886390686035156e+01
2.902761268615722656e+01
3.214627075195312500e+01
1.448185253143310547e+01
3.941859436035156250e+01
1.494223403930664062e+01
2.628022384643554688e+01
1.115399742126464844e+01
3.631151580810546875e+01
3.576749038696289062e+01
1.381188869476318359e+01
2.905194854736328125e+01
3.649662017822265625e+01
1.275754737854003906e+01
3.283140182495117188e+01
1.701290512084960938e+01
1.263484096527099609e+01
3.950405502319335938e+01
1.695318603515625000e+01
3.655356216430664062e+01
1.033296298980712891e+01
1.059705734252929688e+01
3.595460510253906250e+01
1.038078880310058594e+01
1.183874511718750000e+01
1.283677482604980469e+01
2.183250808715820312e+01
1.622177505493164062e+01
2.435984611511230469e+01
2.581960105895996094e+01
1.268725299835205078e+01
1.661381340026855469e+01
2.436915588378906250e+01
1.400886821746826172e+01
1.893357276916503906e+01
1.327328395843505859e+01
1.074251937866210938e+01
2.305499267578125000e+01
1.182591056823730469e+01
3.585737991333007812e+01
2.812086677551269531e+01
3.588019561767578125e+01
1.150298404693603516e+01
1.288107585906982422e+01
2.876825332641601562e+01
4.245741653442382812e+01
1.531709957122802734e+01
2.941595840454101562e+01
2.478773880004882812e+01
1.287836456298828125e+01
1.443744468688964844e+01
3.272643280029296875e+01
3.544216156005859375e+01
1.156792163848876953e+01
1.209744262695312500e+01
2.850831031799316406e+01
3.206178665161132812e+01
4.156080627441406250e+01
4.187338256835937500e+01
1.157120609283447266e+01
1.870276451110839844e+01
1.095651531219482422e+01
3.552640151977539062e+01
2.341512489318847656e+01
1.023365020751953125e+01
1.376116943359375000e+01
1.244670391082763672e+01
1.276489543914794922e+01
2.929048538208007812e+01
1.377973175048828125e+01
1.211571216583251953e+01
1.269492435455322266e+01
1.196204471588134766e+01
3.923894119262695312e+01
2.944075012207031250e+01
2.832630157470703125e+01
4.168748092651367188e+01
3.992730331420898438e+01
1.079243659973144531e+01
1.123081016540527344e+01
3.288343048095703125e+01
2.860831451416015625e+01
2.940704917907714844e+01
1.648706817626953125e+01
6.565105438232421875e+00
1.446232414245605469e+01
1.702909469604492188e+01
3.589622497558593750e+01
3.244855499267578125e+01
1.061933994293212891e+01
1.522912788391113281e+01
2.895095825195312500e+01
1.924009704589843750e+01
3.952712249755859375e+01
1.657470703125000000e+01
2.639598083496093750e+01
1.653710556030273438e+01
3.918744659423828125e+01
1.441128349304199219e+01
1.077620410919189453e+01
1.153453826904296875e+01
3.260986328125000000e+01
1.498296546936035156e+01
1.171286296844482422e+01
2.971952056884765625e+01
3.502488327026367188e+01
1.471687126159667969e+01
4.000803375244140625e+01
1.425052833557128906e+01
1.714031600952148438e+01
3.979471588134765625e+01
1.533918380737304688e+01
4.004335021972656250e+01
3.138188934326171875e+01
3.549512100219726562e+01
1.696340179443359375e+01
2.906077575683593750e+01
1.273929214477539062e+01
3.587027359008789062e+01
3.306970977783203125e+01
1.430567169189453125e+01
3.549742507934570312e+01
3.549869155883789062e+01
6.395002365112304688e+00
2.867882156372070312e+01
2.594063568115234375e+01
1.268617916107177734e+01
1.243324947357177734e+01
1.286119270324707031e+01
2.580088424682617188e+01
1.445196914672851562e+01
2.376824760437011719e+01
1.294661426544189453e+01
1.906679725646972656e+01
1.187319469451904297e+01
3.992456054687500000e+01
1.264416980743408203e+01
3.571545410156250000e+01
2.653475570678710938e+01
1.389108848571777344e+01
2.892914962768554688e+01
6.392096519470214844e+00
1.465809535980224609e+01
3.596317672729492188e+01
2.625723075866699219e+01
1.128831386566162109e+01
3.256919479370117188e+01
1.326558208465576172e+01
3.911365509033203125e+01
3.212906646728515625e+01
1.675841140747070312e+01
4.012273025512695312e+01
1.276685047149658203e+01
7.392958641052246094e+00
2.442821884155273438e+01
1.243264961242675781e+01
3.956911849975585938e+01
1.409705352783203125e+01
3.991132736206054688e+01
3.232147979736328125e+01
2.863288688659667969e+01
3.872335815429687500e+01
3.259975814819335938e+01
1.422391319274902344e+01
1.059006977081298828e+01
3.855767822265625000e+01
1.844311714172363281e+01
2.469646835327148438e+01
3.607635879516601562e+01
1.068091583251953125e+01
2.976075553894042969e+01
3.209094238281250000e+01
1.455170440673828125e+01
2.453001594543457031e+01
1.206429862976074219e+01
1.163541316986083984e+01
4.171401214599609375e+01
1.523294830322265625e+01
3.621885299682617188e+01
2.828149604797363281e+01
1.525656223297119141e+01
1.315135002136230469e+01
1.443146228790283203e+01
1.285116195678710938e+01
2.416083908081054688e+01
1.285548877716064453e+01
4.177013015747070312e+01
1.235688400268554688e+01
1.448600769042968750e+01
2.386550521850585938e+01
1.419233608245849609e+01
1.461274337768554688e+01
3.614087295532226562e+01
1.092270565032958984e+01
2.893647766113281250e+01
4.202815628051757812e+01
2.925667190551757812e+01
3.246148681640625000e+01
3.187785148620605469e+01
7.320739746093750000e+00
2.420315551757812500e+01
1.473884201049804688e+01
2.843531608581542969e+01
1.298314476013183594e+01
1.168740653991699219e+01
1.263176536560058594e+01
2.826180267333984375e+01
4.192224884033203125e+01
1.428820800781250000e+01
1.051400470733642578e+01
1.610277938842773438e+01
1.715110778808593750e+01
6.742265701293945312e+00
1.703063583374023438e+01
1.273139858245849609e+01
1.530673217773437500e+01
2.941098976135253906e+01
1.531587696075439453e+01
1.530954456329345703e+01
1.268942451477050781e+01
3.617652130126953125e+01
1.156140518188476562e+01
4.108278656005859375e+01
3.137588500976562500e+01
1.299939346313476562e+01
3.146051216125488281e+01
1.891941642761230469e+01
3.876989746093750000e+01
3.175955200195312500e+01
2.571075248718261719e+01
3.677980422973632812e+01
1.467333030700683594e+01
2.963171958923339844e+01
2.622335815429687500e+01
2.875079727172851562e+01
2.980894088745117188e+01
3.933847045898437500e+01
7.495147705078125000e+00
3.564979553222656250e+01
1.230473423004150391e+01
2.895598602294921875e+01
1.718013000488281250e+01
2.926683044433593750e+01
2.831817054748535156e+01
2.817278861999511719e+01
2.470206451416015625e+01
1.679392814636230469e+01
4.244933319091796875e+01
3.260883331298828125e+01
2.373939132690429688e+01
1.880193901062011719e+01
1.272145652770996094e+01
3.126980590820312500e+01
3.229386520385742188e+01
1.467988967895507812e+01
3.896706390380859375e+01
1.482209205627441406e+01
3.599536895751953125e+01
1.670112037658691406e+01
1.677740669250488281e+01
1.473639106750488281e+01
1.685191345214843750e+01
1.467901134490966797e+01
1.143922328948974609e+01
3.910460662841796875e+01
1.267428588867187500e+01
3.695620727539062500e+01
1.172325706481933594e+01
3.214366531372070312e+01
1.469916534423828125e+01
2.429756546020507812e+01
1.518483352661132812e+01
3.210925292968750000e+01
2.421305465698242188e+01
1.430641841888427734e+01
1.439577579498291016e+01
3.262074279785156250e+01
1.423140811920166016e+01
1.289227867126464844e+01
2.871375656127929688e+01
1.303190231323242188e+01
3.900027084350585938e+01
2.549584388732910156e+01
2.888039779663085938e+01
1.930593490600585938e+01
3.617294311523437500e+01
1.466267776489257812e+01
1.181050872802734375e+01
1.262037754058837891e+01
3.240979003906250000e+01
1.275560760498046875e+01
3.296593475341796875e+01
2.874016189575195312e+01
3.924680328369140625e+01
3.538815307617187500e+01
3.598019409179687500e+01
1.040342903137207031e+01
1.515126705169677734e+01
3.642421722412109375e+01
1.658125686645507812e+01
1.167543888092041016e+01
2.367606925964355469e+01
1.212397384643554688e+01
1.417387771606445312e+01
3.640583801269531250e+01
3.943761444091796875e+01
1.081507301330566406e+01
3.987152862548828125e+01
3.180578231811523438e+01
2.650208091735839844e+01
3.266069412231445312e+01
1.294034099578857422e+01
8.259825706481933594e+00
1.525533676147460938e+01
1.078545093536376953e+01
1.470075893402099609e+01
1.029097366333007812e+01
1.561883354187011719e+01
3.645357513427734375e+01
1.136202335357666016e+01
1.248946666717529297e+01
7.268697738647460938e+00
1.460149765014648438e+01
1.764710426330566406e+01
1.113008880615234375e+01
7.294157981872558594e+00
1.316169834136962891e+01
2.354129981994628906e+01
1.070381164550781250e+01
2.602161598205566406e+01
1.511474800109863281e+01
1.077482986450195312e+01
2.950553321838378906e+01
2.120119476318359375e+01
1.297093868255615234e+01
3.247052001953125000e+01
3.962897491455078125e+01
3.271905136108398438e+01
1.533130645751953125e+01
1.768169403076171875e+01
4.205143737792968750e+01
3.212134552001953125e+01
4.195565414428710938e+01
1.226867771148681641e+01
2.167014694213867188e+01
1.420618343353271484e+01
1.424910068511962891e+01
2.929589653015136719e+01
1.882269287109375000e+01
3.618247985839843750e+01
3.641703033447265625e+01
1.211569976806640625e+01
1.495691299438476562e+01
1.252830505371093750e+01
3.547389221191406250e+01
1.262144088745117188e+01
3.676653289794921875e+01
2.862236785888671875e+01
3.609960937500000000e+01
1.429266166687011719e+01
2.563105010986328125e+01
1.428697490692138672e+01
1.916501426696777344e+01
1.421504592895507812e+01
2.417373275756835938e+01
3.627596282958984375e+01
2.924786758422851562e+01
3.574073791503906250e+01
1.476845359802246094e+01
1.507560539245605469e+01
1.234368610382080078e+01
1.324957847595214844e+01
3.933888244628906250e+01
1.280556488037109375e+01
1.270258998870849609e+01
3.198884963989257812e+01
3.581184768676757812e+01
8.351077079772949219e+00
1.235237979888916016e+01
1.290946006774902344e+01
2.855682754516601562e+01
3.978645706176757812e+01
1.158419036865234375e+01
2.402810859680175781e+01
4.011570739746093750e+01
1.269747257232666016e+01
3.154060363769531250e+01
1.160102558135986328e+01
2.898220825195312500e+01
1.232997989654541016e+01
3.255326843261718750e+01
1.452502155303955078e+01
3.546881103515625000e+01
3.542960739135742188e+01
1.412977981567382812e+01
2.878063583374023438e+01
1.674807739257812500e+01
2.630656814575195312e+01
3.857109832763671875e+01
1.425667190551757812e+01
1.297767543792724609e+01
2.023752593994140625e+01
1.153551197052001953e+01
1.301117420196533203e+01
1.889382171630859375e+01
1.095602321624755859e+01
1.095923423767089844e+01
1.087268352508544922e+01
3.645616149902343750e+01
1.300617885589599609e+01
1.139217472076416016e+01
2.405780601501464844e+01
2.864375495910644531e+01
2.402007865905761719e+01
2.953557395935058594e+01
2.681244277954101562e+01
2.868290328979492188e+01
3.004793167114257812e+01
1.273675346374511719e+01
1.394560432434082031e+01
1.547827625274658203e+01
1.282731056213378906e+01
2.889468765258789062e+01
4.206609344482421875e+01
3.254983901977539062e+01
1.167168045043945312e+01
2.560252571105957031e+01
1.172296142578125000e+01
2.428582954406738281e+01
3.236151123046875000e+01
1.552730464935302734e+01
2.957828521728515625e+01
2.846076583862304688e+01
4.187242126464843750e+01
1.210466575622558594e+01
1.728184127807617188e+01
1.089395236968994141e+01
1.509042739868164062e+01
2.845312118530273438e+01
1.910586547851562500e+01
3.626390457153320312e+01
3.253094482421875000e+01
1.255545902252197266e+01
1.076345729827880859e+01
1.281548881530761719e+01
1.513869190216064453e+01
1.994099617004394531e+01
2.703019332885742188e+01
1.034645080566406250e+01
3.297156906127929688e+01
2.631068992614746094e+01
2.861656188964843750e+01
1.101837825775146484e+01
3.203345870971679688e+01
2.371800422668457031e+01
1.641766548156738281e+01
1.657196998596191406e+01
2.635931587219238281e+01
1.883261871337890625e+01
1.428192234039306641e+01
1.421712875366210938e+01
1.479744338989257812e+01
1.402982997894287109e+01
3.281320571899414062e+01
2.505050659179687500e+01
2.854689216613769531e+01
1.458333206176757812e+01
1.061914730072021484e+01
2.416747093200683594e+01
3.247114562988281250e+01
2.933977508544921875e+01
1.016027641296386719e+01
2.899555969238281250e+01
1.496392250061035156e+01
1.211823749542236328e+01
1.464797210693359375e+01
1.045803737640380859e+01
1.536145782470703125e+01
1.249442958831787109e+01
1.941218185424804688e+01
1.678582000732421875e+01
1.445893859863281250e+01
4.112532043457031250e+01
2.874361038208007812e+01
1.700582885742187500e+01
1.399881076812744141e+01
3.679208755493164062e+01
3.215202331542968750e+01
1.215724086761474609e+01
2.428678894042968750e+01
3.260725021362304688e+01
2.869698715209960938e+01
2.576117324829101562e+01
1.220639896392822266e+01
1.293231964111328125e+01
1.147312545776367188e+01
1.307100200653076172e+01
2.328820800781250000e+01
1.864344215393066406e+01
2.419317626953125000e+01
3.581591796875000000e+01
1.167226123809814453e+01
1.148900794982910156e+01
3.259550094604492188e+01
1.433558464050292969e+01
3.212257385253906250e+01
7.256434440612792969e+00
1.366393852233886719e+01
1.261557674407958984e+01
3.965402984619140625e+01
2.887829017639160156e+01
2.881616783142089844e+01
1.279158115386962891e+01
2.444713783264160156e+01
2.366132926940917969e+01
1.080992698669433594e+01
