1.449175834655761719e+01
1.311427688598632812e+01
1.053159713745117188e+01
1.570657730102539062e+01
3.224370574951171875e+01
1.477441692352294922e+01
3.602344894409179688e+01
1.615068626403808594e+01
1.079105377197265625e+01
9.866901397705078125e+00
1.080205059051513672e+01
1.101510906219482422e+01
5.666755676269531250e+00
2.589881515502929688e+01
2.889248466491699219e+01
1.095310974121093750e+01
3.188844299316406250e+01
3.186777114868164062e+01
3.215089416503906250e+01
1.905254364013671875e+01
2.381512260437011719e+01
3.523181533813476562e+01
3.943152999877929688e+01
2.950165176391601562e+01
2.606971549987792969e+01
1.542507362365722656e+01
5.711986541748046875e+00
3.601367568969726562e+01
3.299370574951171875e+01
3.124653244018554688e+01
2.809057426452636719e+01
1.422072315216064453e+01
1.264058971405029297e+01
1.233756351470947266e+01
2.884059906005859375e+01
1.351183986663818359e+01
2.876990509033203125e+01
2.789819335937500000e+01
1.563019180297851562e+01
2.561999511718750000e+01
1.032729434967041016e+01
1.487885856628417969e+01
3.219944000244140625e+01
1.404994869232177734e+01
1.116930484771728516e+01
3.156654357910156250e+01
1.345042514801025391e+01
2.929228210449218750e+01
2.338412094116210938e+01
1.670689964294433594e+01
4.154776763916015625e+01
3.517144012451171875e+01
3.208370208740234375e+01
1.198630905151367188e+01
1.103600311279296875e+01
3.909477996826171875e+01
6.552237510681152344e+00
2.883522224426269531e+01
1.547989654541015625e+01
2.628033065795898438e+01
1.335443973541259766e+01
1.466264629364013672e+01
1.506848907470703125e+01
1.886867904663085938e+01
3.591256713867187500e+01
3.256804656982421875e+01
1.538185501098632812e+01
3.541283416748046875e+01
1.075380420684814453e+01
1.068679332733154297e+01
2.356541633605957031e+01
1.094043922424316406e+01
1.389842796325683594e+01
3.198333930969238281e+01
3.210382843017578125e+01
3.229857254028320312e+01
1.508955192565917969e+01
8.487942695617675781e+00
1.128913784027099609e+01
1.212707901000976562e+01
1.879822731018066406e+01
4.258072662353515625e+01
4.174938201904296875e+01
2.351488113403320312e+01
3.170501708984375000e+01
3.148793029785156250e+01
1.715510940551757812e+01
1.467485427856445312e+01
1.360805988311767578e+01
2.850338745117187500e+01
2.245808792114257812e+01
2.856721496582031250e+01
3.884865188598632812e+01
3.844757461547851562e+01
1.743686103820800781e+01
1.218716335296630859e+01
1.230024051666259766e+01
2.912653541564941406e+01
2.848068618774414062e+01
2.561301231384277344e+01
1.319440269470214844e+01
1.260026645660400391e+01
1.837167739868164062e+01
1.097801971435546875e+01
2.810682868957519531e+01
1.096777820587158203e+01
2.554949569702148438e+01
1.437786483764648438e+01
4.157030487060546875e+01
1.621459388732910156e+01
1.761126899719238281e+01
2.864111518859863281e+01
1.448547172546386719e+01
1.459569072723388672e+01
6.033603668212890625e+00
4.199005508422851562e+01
1.525901699066162109e+01
2.990057945251464844e+01
1.302423858642578125e+01
3.471472167968750000e+01
1.539620399475097656e+01
3.561061096191406250e+01
1.241111183166503906e+01
1.196929168701171875e+01
1.309847164154052734e+01
1.199029254913330078e+01
1.146348667144775391e+01
4.050008392333984375e+01
2.417889976501464844e+01
2.326307487487792969e+01
1.457007408142089844e+01
3.243030929565429688e+01
1.349620914459228516e+01
3.169772529602050781e+01
1.551862335205078125e+01
3.235475921630859375e+01
1.958477210998535156e+01
1.050900363922119141e+01
2.877882003784179688e+01
2.977345466613769531e+01
2.763665008544921875e+01
1.300848579406738281e+01
1.425009059906005859e+01
1.415755748748779297e+01
1.515066719055175781e+01
3.561539840698242188e+01
4.201703643798828125e+01
2.642372703552246094e+01
2.322150993347167969e+01
2.300602722167968750e+01
1.215899372100830078e+01
1.020352172851562500e+01
3.622648620605468750e+01
1.114579010009765625e+01
1.522496604919433594e+01
1.281747627258300781e+01
2.421160125732421875e+01
2.371085548400878906e+01
9.820092201232910156e+00
3.946804046630859375e+01
1.446860027313232422e+01
3.251782226562500000e+01
2.878775596618652344e+01
1.467409133911132812e+01
6.250268936157226562e+00
3.560618591308593750e+01
3.184819602966308594e+01
1.493469524383544922e+01
1.861944007873535156e+01
3.218359375000000000e+01
3.216817474365234375e+01
1.643310356140136719e+01
2.477969932556152344e+01
3.555528259277343750e+01
1.564330673217773438e+01
2.567955017089843750e+01
1.051167297363281250e+01
1.085967159271240234e+01
2.855609130859375000e+01
1.070197105407714844e+01
2.362761306762695312e+01
1.402789497375488281e+01
2.823723411560058594e+01
2.886111640930175781e+01
2.011115264892578125e+01
1.556039428710937500e+01
2.328554725646972656e+01
2.600312423706054688e+01
1.218630123138427734e+01
2.361466407775878906e+01
1.703327941894531250e+01
2.746939086914062500e+01
2.633088302612304688e+01
1.415186309814453125e+01
2.678162002563476562e+01
1.444488716125488281e+01
3.239726257324218750e+01
2.847253036499023438e+01
1.224338340759277344e+01
1.449731159210205078e+01
1.475401115417480469e+01
2.788464736938476562e+01
1.807412719726562500e+01
1.107327842712402344e+01
3.227113723754882812e+01
1.542834186553955078e+01
2.852784538269042969e+01
3.214751434326171875e+01
1.009103965759277344e+01
1.301770687103271484e+01
1.096484661102294922e+01
2.912270545959472656e+01
3.869963073730468750e+01
1.050592136383056641e+01
2.803570556640625000e+01
6.428043365478515625e+00
2.564006614685058594e+01
2.651292991638183594e+01
3.990200042724609375e+01
1.432811260223388672e+01
2.322193908691406250e+01
1.103876399993896484e+01
1.095895290374755859e+01
2.346842384338378906e+01
2.901291275024414062e+01
2.853268241882324219e+01
2.910999107360839844e+01
3.211330795288085938e+01
9.972491264343261719e+00
2.376570892333984375e+01
2.849279022216796875e+01
6.285408020019531250e+00
1.416635036468505859e+01
1.448628425598144531e+01
1.040985679626464844e+01
1.220347213745117188e+01
3.948690795898437500e+01
1.273250293731689453e+01
3.611180877685546875e+01
1.663671684265136719e+01
3.552933502197265625e+01
1.458329772949218750e+01
3.555577850341796875e+01
2.332053947448730469e+01
3.227664566040039062e+01
1.675438499450683594e+01
2.878687667846679688e+01
3.206985855102539062e+01
2.901434516906738281e+01
1.175058460235595703e+01
9.949634552001953125e+00
2.883178710937500000e+01
1.237689685821533203e+01
2.612734794616699219e+01
1.282545280456542969e+01
2.932338714599609375e+01
2.775053024291992188e+01
1.087273788452148438e+01
3.540459442138671875e+01
3.220238113403320312e+01
3.499316024780273438e+01
2.867763137817382812e+01
2.390962409973144531e+01
1.498802375793457031e+01
2.896812629699707031e+01
1.235092544555664062e+01
3.811252975463867188e+01
1.632400512695312500e+01
1.986295700073242188e+01
1.307613086700439453e+01
2.810659980773925781e+01
2.872269821166992188e+01
1.451025962829589844e+01
4.104817581176757812e+01
1.451334857940673828e+01
3.922158813476562500e+01
1.437687301635742188e+01
1.204955101013183594e+01
1.109648227691650391e+01
1.094978618621826172e+01
1.457367324829101562e+01
3.858032989501953125e+01
1.372508144378662109e+01
1.375410652160644531e+01
1.684060859680175781e+01
1.483982276916503906e+01
3.598726272583007812e+01
1.255532169342041016e+01
3.548007202148437500e+01
3.209264755249023438e+01
1.703058815002441406e+01
1.643341445922851562e+01
3.659951019287109375e+01
1.261184501647949219e+01
1.518081188201904297e+01
1.682939529418945312e+01
1.103429985046386719e+01
1.053757286071777344e+01
1.406355857849121094e+01
1.276567935943603516e+01
3.818226623535156250e+01
6.267837524414062500e+00
3.147480010986328125e+01
3.941851043701171875e+01
1.421653556823730469e+01
1.842281341552734375e+01
1.179867839813232422e+01
2.540153121948242188e+01
3.144689941406250000e+01
1.268645381927490234e+01
1.670114326477050781e+01
4.104797363281250000e+01
1.255440235137939453e+01
1.570148086547851562e+01
1.209554672241210938e+01
2.786398696899414062e+01
3.188581085205078125e+01
1.263568401336669922e+01
1.209973430633544922e+01
3.236962127685546875e+01
3.212496185302734375e+01
3.517930221557617188e+01
1.612964248657226562e+01
1.464874839782714844e+01
1.510280418395996094e+01
1.140782260894775391e+01
1.924190521240234375e+01
2.880595779418945312e+01
1.271864891052246094e+01
1.442184829711914062e+01
1.170499515533447266e+01
1.317846298217773438e+01
3.551796340942382812e+01
3.544004058837890625e+01
3.831108093261718750e+01
2.787437438964843750e+01
2.904210281372070312e+01
2.610155487060546875e+01
1.461771488189697266e+01
2.371927261352539062e+01
3.212039947509765625e+01
3.134672546386718750e+01
9.988464355468750000e+00
1.866514968872070312e+01
1.645335006713867188e+01
3.544034194946289062e+01
1.548787307739257812e+01
3.615677261352539062e+01
1.012046623229980469e+01
1.300334167480468750e+01
4.229881286621093750e+01
1.637353897094726562e+01
2.784332466125488281e+01
1.478426170349121094e+01
3.221101760864257812e+01
8.183570861816406250e+00
1.293225669860839844e+01
1.328669834136962891e+01
2.600397491455078125e+01
3.227502441406250000e+01
4.186143493652343750e+01
1.204094886779785156e+01
1.646942901611328125e+01
3.136736297607421875e+01
7.118678092956542969e+00
1.211980628967285156e+01
1.437205314636230469e+01
1.029786682128906250e+01
4.156494140625000000e+01
1.729885673522949219e+01
3.905121612548828125e+01
1.198322105407714844e+01
1.214859294891357422e+01
1.433232879638671875e+01
3.923422241210937500e+01
1.131671714782714844e+01
1.559467697143554688e+01
1.283263015747070312e+01
3.580205154418945312e+01
1.249424648284912109e+01
1.127353382110595703e+01
3.832646179199218750e+01
1.047861766815185547e+01
3.848908233642578125e+01
1.880338859558105469e+01
1.034106922149658203e+01
1.390268802642822266e+01
2.363532638549804688e+01
3.970469284057617188e+01
1.252127456665039062e+01
1.448366451263427734e+01
3.117536354064941406e+01
1.653535652160644531e+01
2.860617828369140625e+01
1.073592090606689453e+01
1.297234058380126953e+01
1.478239345550537109e+01
3.574214553833007812e+01
1.427083206176757812e+01
1.246000480651855469e+01
1.214724826812744141e+01
3.838616943359375000e+01
1.270320701599121094e+01
2.546250152587890625e+01
1.473078060150146484e+01
3.836573791503906250e+01
2.818048667907714844e+01
2.373151588439941406e+01
2.634229660034179688e+01
1.384779071807861328e+01
1.327444934844970703e+01
1.545614051818847656e+01
6.978462219238281250e+00
2.796379470825195312e+01
3.525779724121093750e+01
2.878496170043945312e+01
1.394496631622314453e+01
2.594745063781738281e+01
3.565451812744140625e+01
1.232106876373291016e+01
3.553170394897460938e+01
1.388848876953125000e+01
3.659985351562500000e+01
3.564838790893554688e+01
3.192321777343750000e+01
3.544160079956054688e+01
1.596555709838867188e+01
2.623850631713867188e+01
1.629372406005859375e+01
3.595494079589843750e+01
3.219692993164062500e+01
1.426770782470703125e+01
2.372336578369140625e+01
1.240023899078369141e+01
3.532281494140625000e+01
3.208319091796875000e+01
1.347213077545166016e+01
1.909354400634765625e+01
3.205060958862304688e+01
2.350658416748046875e+01
1.422350311279296875e+01
5.621522903442382812e+00
3.236752700805664062e+01
2.376572036743164062e+01
3.196707153320312500e+01
2.295467567443847656e+01
3.242260742187500000e+01
2.574967575073242188e+01
1.402175235748291016e+01
1.122398471832275391e+01
1.409006023406982422e+01
2.585425758361816406e+01
1.418705749511718750e+01
1.227985191345214844e+01
2.879287338256835938e+01
2.880339431762695312e+01
1.134891986846923828e+01
1.210392284393310547e+01
1.487395286560058594e+01
3.183720970153808594e+01
3.236775970458984375e+01
1.445547676086425781e+01
1.242183113098144531e+01
2.793951416015625000e+01
2.550399017333984375e+01
2.384589958190917969e+01
2.901251220703125000e+01
2.351978683471679688e+01
1.643282699584960938e+01
1.094410133361816406e+01
1.913799476623535156e+01
2.384125137329101562e+01
1.251474094390869141e+01
1.253828620910644531e+01
9.975213050842285156e+00
3.529396438598632812e+01
1.223157310485839844e+01
4.199920654296875000e+01
1.433490180969238281e+01
1.484190559387207031e+01
1.089567852020263672e+01
1.334108257293701172e+01
1.076081371307373047e+01
1.449095535278320312e+01
1.555768966674804688e+01
1.411804485321044922e+01
2.860658264160156250e+01
1.536733818054199219e+01
1.456544494628906250e+01
1.431027793884277344e+01
2.627958106994628906e+01
1.054770088195800781e+01
1.093951225280761719e+01
3.657387924194335938e+01
3.198617553710937500e+01
3.193884277343750000e+01
1.822290420532226562e+01
1.943127441406250000e+01
1.496812248229980469e+01
1.336324977874755859e+01
4.017516326904296875e+01
1.360552120208740234e+01
2.313813591003417969e+01
2.903382682800292969e+01
3.505257034301757812e+01
1.661808586120605469e+01
1.488919734954833984e+01
1.194726276397705078e+01
2.369019317626953125e+01
3.228722763061523438e+01
2.860174751281738281e+01
1.012664413452148438e+01
3.481117630004882812e+01
1.149798870086669922e+01
1.254824161529541016e+01
1.105159950256347656e+01
1.011554813385009766e+01
3.211701583862304688e+01
3.936640930175781250e+01
7.969421386718750000e+00
1.120865058898925781e+01
3.528793716430664062e+01
1.256940650939941406e+01
3.934611892700195312e+01
1.232558441162109375e+01
1.077075481414794922e+01
1.640316581726074219e+01
3.622798538208007812e+01
1.939540863037109375e+01
2.953718566894531250e+01
2.618725013732910156e+01
3.950738143920898438e+01
3.670848083496093750e+01
1.399671268463134766e+01
2.351086044311523438e+01
1.474208641052246094e+01
1.128028583526611328e+01
2.853309631347656250e+01
3.610056304931640625e+01
3.811615753173828125e+01
1.658911705017089844e+01
1.513042545318603516e+01
1.410810756683349609e+01
1.662198257446289062e+01
1.085377693176269531e+01
3.212685394287109375e+01
1.101129436492919922e+01
1.213463115692138672e+01
3.563488769531250000e+01
2.292657470703125000e+01
1.069882869720458984e+01
1.499655532836914062e+01
1.038096809387207031e+01
3.557786178588867188e+01
1.333005142211914062e+01
1.194923210144042969e+01
1.549074172973632812e+01
1.226689910888671875e+01
1.665176963806152344e+01
1.483642005920410156e+01
1.195536518096923828e+01
3.273346328735351562e+01
3.984922027587890625e+01
1.896669769287109375e+01
3.178029632568359375e+01
1.106412792205810547e+01
1.078217124938964844e+01
4.164806747436523438e+01
2.634106826782226562e+01
3.547059631347656250e+01
1.395270538330078125e+01
1.304591941833496094e+01
1.138299942016601562e+01
2.918979644775390625e+01
1.180744647979736328e+01
1.054360103607177734e+01
1.210696983337402344e+01
5.576293945312500000e+00
3.589112472534179688e+01
2.384566879272460938e+01
3.191308212280273438e+01
1.216816806793212891e+01
1.184971523284912109e+01
1.399637794494628906e+01
2.797372055053710938e+01
1.110349273681640625e+01
3.844148635864257812e+01
3.211448287963867188e+01
1.973827362060546875e+01
1.014989376068115234e+01
2.930130386352539062e+01
2.801504516601562500e+01
2.612697219848632812e+01
1.499600028991699219e+01
2.832820129394531250e+01
1.296802902221679688e+01
3.218883514404296875e+01
2.875301742553710938e+01
1.709562301635742188e+01
4.127885437011718750e+01
1.048210334777832031e+01
3.504673004150390625e+01
2.865117263793945312e+01
3.825428771972656250e+01
2.593567848205566406e+01
1.475616264343261719e+01
3.508698272705078125e+01
1.309781455993652344e+01
1.538340854644775391e+01
1.034161376953125000e+01
2.799438285827636719e+01
2.371621513366699219e+01
7.152824401855468750e+00
2.343706703186035156e+01
1.473678398132324219e+01
2.849331283569335938e+01
3.997785949707031250e+01
3.608044815063476562e+01
3.544058990478515625e+01
1.410362243652343750e+01
1.412798404693603516e+01
1.554250907897949219e+01
1.865971565246582031e+01
3.194770812988281250e+01
2.626258659362792969e+01
2.910675048828125000e+01
2.543252563476562500e+01
1.944100570678710938e+01
1.414957809448242188e+01
1.651257514953613281e+01
2.366953277587890625e+01
1.911007881164550781e+01
4.247887039184570312e+01
2.570664596557617188e+01
1.892829513549804688e+01
1.635235595703125000e+01
1.488121986389160156e+01
3.601469039916992188e+01
3.254793548583984375e+01
3.853179931640625000e+01
1.309720230102539062e+01
1.462471771240234375e+01
2.934070777893066406e+01
1.165009117126464844e+01
1.432782936096191406e+01
4.221160507202148438e+01
2.852490997314453125e+01
3.172932815551757812e+01
2.365598678588867188e+01
3.557957458496093750e+01
1.260386848449707031e+01
1.336040115356445312e+01
2.331494903564453125e+01
1.102991485595703125e+01
2.378638458251953125e+01
1.163355636596679688e+01
2.577219772338867188e+01
2.645794296264648438e+01
3.914051055908203125e+01
1.695761871337890625e+01
3.243989181518554688e+01
1.245020294189453125e+01
2.372814559936523438e+01
1.571230506896972656e+01
2.848879241943359375e+01
3.293314743041992188e+01
3.589379882812500000e+01
3.498625564575195312e+01
4.152207946777343750e+01
2.573061180114746094e+01
2.295993232727050781e+01
1.366042041778564453e+01
1.484015464782714844e+01
1.683411788940429688e+01
3.182620048522949219e+01
2.772227859497070312e+01
1.083346843719482422e+01
3.173804473876953125e+01
1.722595596313476562e+01
1.155641269683837891e+01
2.932513809204101562e+01
1.008352375030517578e+01
4.162683105468750000e+01
2.577963066101074219e+01
3.201806259155273438e+01
1.247497749328613281e+01
2.901330947875976562e+01
3.207720947265625000e+01
4.186349105834960938e+01
2.796017646789550781e+01
1.503588104248046875e+01
