7.436724662780761719e+00
2.868291282653808594e+01
1.476473236083984375e+01
3.239595794677734375e+01
3.699909591674804688e+01
2.422251510620117188e+01
1.248999977111816406e+01
3.711779022216796875e+01
3.239241790771484375e+01
1.465977382659912109e+01
3.561288833618164062e+01
3.955304336547851562e+01
1.310805702209472656e+01
1.269788837432861328e+01
3.297324371337890625e+01
1.302243518829345703e+01
2.875968170166015625e+01
1.532942485809326172e+01
1.078624439239501953e+01
3.662767791748046875e+01
2.335228347778320312e+01
4.260092926025390625e+01
2.686733627319335938e+01
1.100493621826171875e+01
1.361612796783447266e+01
1.728285980224609375e+01
2.903666305541992188e+01
2.845964813232421875e+01
6.961703300476074219e+00
3.639278411865234375e+01
1.445467281341552734e+01
2.105559158325195312e+01
1.680902290344238281e+01
4.033287048339843750e+01
2.450857543945312500e+01
1.133546257019042969e+01
1.580730438232421875e+01
1.059572887420654297e+01
2.458890914916992188e+01
2.901293563842773438e+01
1.068481540679931641e+01
1.278127861022949219e+01
1.227050590515136719e+01
1.403863620758056641e+01
2.900199699401855469e+01
2.919768142700195312e+01
1.264450073242187500e+01
3.193716812133789062e+01
1.272612476348876953e+01
3.713832092285156250e+01
1.080029773712158203e+01
1.241372966766357422e+01
3.294215774536132812e+01
1.213566780090332031e+01
1.552626800537109375e+01
2.871726417541503906e+01
2.439511680603027344e+01
2.656811332702636719e+01
2.917699050903320312e+01
1.280081176757812500e+01
4.327079772949218750e+01
3.697872543334960938e+01
1.261500358581542969e+01
1.524460792541503906e+01
2.615482902526855469e+01
3.582768249511718750e+01
1.764192771911621094e+01
2.614428138732910156e+01
3.983876419067382812e+01
2.860806465148925781e+01
1.470976543426513672e+01
1.379656696319580078e+01
2.740372657775878906e+01
2.488627243041992188e+01
1.609249496459960938e+01
3.896424865722656250e+01
2.567025566101074219e+01
3.358605957031250000e+01
1.276174831390380859e+01
3.725676345825195312e+01
3.299866867065429688e+01
1.502140140533447266e+01
2.641901779174804688e+01
1.409169769287109375e+01
1.184313583374023438e+01
1.789164161682128906e+01
1.264538955688476562e+01
1.107380771636962891e+01
4.181041717529296875e+01
1.353572940826416016e+01
4.155195236206054688e+01
1.028960800170898438e+01
2.901983642578125000e+01
3.686251068115234375e+01
1.186093997955322266e+01
3.589886093139648438e+01
3.924913024902343750e+01
3.350064086914062500e+01
2.887256240844726562e+01
1.462405776977539062e+01
4.117056274414062500e+01
2.835709190368652344e+01
1.215320110321044922e+01
1.404585266113281250e+01
1.654134178161621094e+01
1.282034206390380859e+01
1.079514312744140625e+01
1.487143516540527344e+01
3.304621887207031250e+01
2.642358016967773438e+01
2.954940795898437500e+01
1.107185935974121094e+01
3.569824600219726562e+01
1.335706996917724609e+01
1.505134296417236328e+01
1.412184143066406250e+01
1.741843223571777344e+01
2.599442291259765625e+01
3.675881958007812500e+01
1.117107486724853516e+01
7.371996879577636719e+00
1.290494251251220703e+01
1.127371501922607422e+01
1.214061832427978516e+01
1.046829414367675781e+01
2.360098457336425781e+01
1.493862342834472656e+01
1.243870925903320312e+01
1.027726554870605469e+01
3.310762023925781250e+01
1.255169105529785156e+01
1.510711097717285156e+01
1.162407588958740234e+01
2.598704147338867188e+01
4.292129898071289062e+01
4.236544799804687500e+01
1.656011199951171875e+01
2.851947402954101562e+01
3.281427383422851562e+01
3.274468231201171875e+01
1.236908531188964844e+01
1.316695785522460938e+01
2.611245346069335938e+01
1.480346679687500000e+01
1.313201427459716797e+01
1.867603111267089844e+01
4.073995971679687500e+01
2.879922485351562500e+01
1.325411319732666016e+01
6.720499038696289062e+00
2.365124893188476562e+01
1.328224945068359375e+01
1.577811431884765625e+01
1.150692081451416016e+01
1.307587337493896484e+01
3.335435485839843750e+01
1.725151062011718750e+01
1.232590484619140625e+01
1.500138950347900391e+01
1.205304241180419922e+01
1.359678745269775391e+01
4.271514892578125000e+01
3.649948883056640625e+01
2.424567794799804688e+01
3.285177993774414062e+01
2.351326179504394531e+01
3.703762817382812500e+01
2.953164672851562500e+01
3.301318359375000000e+01
2.635634994506835938e+01
1.318942070007324219e+01
1.257287788391113281e+01
3.639640045166015625e+01
1.082818508148193359e+01
3.194293975830078125e+01
1.266644859313964844e+01
1.270027160644531250e+01
1.490110397338867188e+01
3.242903518676757812e+01
1.204417896270751953e+01
2.911089897155761719e+01
1.022398853302001953e+01
4.124558258056640625e+01
1.113039779663085938e+01
1.757423973083496094e+01
2.994870376586914062e+01
1.475653266906738281e+01
2.529117965698242188e+01
4.068252563476562500e+01
1.874225425720214844e+01
1.311679267883300781e+01
1.706858253479003906e+01
1.287091922760009766e+01
1.451950645446777344e+01
4.230164337158203125e+01
3.241812896728515625e+01
2.887956428527832031e+01
3.301917648315429688e+01
2.361362075805664062e+01
8.728979110717773438e+00
3.216183471679687500e+01
1.667800140380859375e+01
3.305046844482421875e+01
1.035704135894775391e+01
1.281919574737548828e+01
6.527733802795410156e+00
2.399208831787109375e+01
2.922115516662597656e+01
4.256244659423828125e+01
3.229298400878906250e+01
3.981379318237304688e+01
2.931044006347656250e+01
1.194851875305175781e+01
3.279988861083984375e+01
1.493697166442871094e+01
2.467596817016601562e+01
2.875844955444335938e+01
1.260453701019287109e+01
2.318468475341796875e+01
1.124803733825683594e+01
1.308176136016845703e+01
2.997641944885253906e+01
2.665496063232421875e+01
1.422786331176757812e+01
1.356879138946533203e+01
1.437468147277832031e+01
1.453633308410644531e+01
2.926285552978515625e+01
1.434881210327148438e+01
1.134712123870849609e+01
1.103304672241210938e+01
2.580396080017089844e+01
1.708254623413085938e+01
1.883854866027832031e+01
1.276797294616699219e+01
3.599634933471679688e+01
1.502715206146240234e+01
2.661127090454101562e+01
2.934202575683593750e+01
3.319148635864257812e+01
1.463113212585449219e+01
4.022485351562500000e+01
1.206474304199218750e+01
1.777003097534179688e+01
3.259374618530273438e+01
1.654067230224609375e+01
2.608268165588378906e+01
1.158187484741210938e+01
1.336916732788085938e+01
1.671821594238281250e+01
1.093176174163818359e+01
1.099322795867919922e+01
3.726736450195312500e+01
3.048683166503906250e+01
1.239439773559570312e+01
2.903294372558593750e+01
2.862676239013671875e+01
1.506239032745361328e+01
1.071247673034667969e+01
3.297771072387695312e+01
3.256350708007812500e+01
1.203825092315673828e+01
3.737066650390625000e+01
1.965642166137695312e+01
1.633232498168945312e+01
1.608547401428222656e+01
1.283724880218505859e+01
1.450604438781738281e+01
6.967262268066406250e+00
4.215918731689453125e+01
3.278921508789062500e+01
2.610390472412109375e+01
1.093337440490722656e+01
1.986168670654296875e+01
2.358131599426269531e+01
2.091681671142578125e+01
1.065274810791015625e+01
1.521004676818847656e+01
1.536765480041503906e+01
8.627014160156250000e+00
1.569606208801269531e+01
1.681378746032714844e+01
1.499356269836425781e+01
3.672524261474609375e+01
2.859551811218261719e+01
1.457466316223144531e+01
3.038274192810058594e+01
1.439017677307128906e+01
1.214062023162841797e+01
1.282724285125732422e+01
3.589470672607421875e+01
1.719185256958007812e+01
7.051191329956054688e+00
1.215824985504150391e+01
3.573767852783203125e+01
3.344155502319335938e+01
1.339730262756347656e+01
2.413529014587402344e+01
1.118895053863525391e+01
2.880184555053710938e+01
1.487804031372070312e+01
3.587153625488281250e+01
1.085053730010986328e+01
2.576972389221191406e+01
1.053792667388916016e+01
1.061886692047119141e+01
1.519677352905273438e+01
2.915613746643066406e+01
1.645207023620605469e+01
1.133710384368896484e+01
1.137812709808349609e+01
1.459837913513183594e+01
2.999893760681152344e+01
2.623101806640625000e+01
1.695441246032714844e+01
1.543296623229980469e+01
1.131680774688720703e+01
2.923276710510253906e+01
1.453971290588378906e+01
2.654945564270019531e+01
1.376480674743652344e+01
3.706427001953125000e+01
3.313259506225585938e+01
2.901955032348632812e+01
3.296626281738281250e+01
1.498472213745117188e+01
1.057297515869140625e+01
4.014925003051757812e+01
7.333690643310546875e+00
1.054648113250732422e+01
4.117297363281250000e+01
1.090479755401611328e+01
1.479640007019042969e+01
2.450476074218750000e+01
4.099508666992187500e+01
1.640817070007324219e+01
2.870111846923828125e+01
3.962348175048828125e+01
1.261479949951171875e+01
4.073304367065429688e+01
2.853216552734375000e+01
1.096383857727050781e+01
1.299623298645019531e+01
1.471469879150390625e+01
1.538356208801269531e+01
3.246591186523437500e+01
6.956142425537109375e+00
3.698361968994140625e+01
2.600151252746582031e+01
2.664110946655273438e+01
1.436008453369140625e+01
1.656730079650878906e+01
1.284885406494140625e+01
1.635736274719238281e+01
1.193169212341308594e+01
1.921562385559082031e+01
3.226968765258789062e+01
3.612050628662109375e+01
3.291226196289062500e+01
1.388742065429687500e+01
3.246321105957031250e+01
1.239610290527343750e+01
3.280406951904296875e+01
3.286964035034179688e+01
1.928090095520019531e+01
4.244295501708984375e+01
3.614418792724609375e+01
1.453888893127441406e+01
2.915550804138183594e+01
3.324408721923828125e+01
1.752663230895996094e+01
1.464239215850830078e+01
1.534242820739746094e+01
3.306429672241210938e+01
1.425428771972656250e+01
3.991034317016601562e+01
3.721173095703125000e+01
3.328218078613281250e+01
3.919164276123046875e+01
1.080304241180419922e+01
2.978496742248535156e+01
2.881948089599609375e+01
1.533302116394042969e+01
2.864566421508789062e+01
2.898342132568359375e+01
1.289467716217041016e+01
2.412324142456054688e+01
1.490302085876464844e+01
1.476425361633300781e+01
2.890250778198242188e+01
1.043681335449218750e+01
1.091412544250488281e+01
4.318156814575195312e+01
1.150300788879394531e+01
3.708776473999023438e+01
1.896379852294921875e+01
2.665295028686523438e+01
1.524673938751220703e+01
1.070602893829345703e+01
4.195368957519531250e+01
1.596901702880859375e+01
1.441858768463134766e+01
3.721010971069335938e+01
2.854604721069335938e+01
2.949918365478515625e+01
3.323180770874023438e+01
1.547212982177734375e+01
3.294847106933593750e+01
1.034342288970947266e+01
2.864358901977539062e+01
1.475606346130371094e+01
3.923094940185546875e+01
4.037943267822265625e+01
3.289640808105468750e+01
3.007147598266601562e+01
1.239471340179443359e+01
2.351167488098144531e+01
3.317496490478515625e+01
4.298963928222656250e+01
2.669042205810546875e+01
3.322956848144531250e+01
1.533469390869140625e+01
1.628065490722656250e+01
3.271267700195312500e+01
3.286172485351562500e+01
1.862077713012695312e+01
1.156835937500000000e+01
3.341432189941406250e+01
2.918614387512207031e+01
1.228258800506591797e+01
1.957709121704101562e+01
1.351213645935058594e+01
1.526672363281250000e+01
1.764841842651367188e+01
1.502662658691406250e+01
1.067684078216552734e+01
6.931398391723632812e+00
2.883388328552246094e+01
2.555070114135742188e+01
1.446118164062500000e+01
1.183303833007812500e+01
1.092477607727050781e+01
1.730000114440917969e+01
1.220579338073730469e+01
3.916023254394531250e+01
1.474057769775390625e+01
1.454054069519042969e+01
1.162240409851074219e+01
2.941057968139648438e+01
1.636636352539062500e+01
3.653274917602539062e+01
3.262912750244140625e+01
1.121275901794433594e+01
2.417055702209472656e+01
1.275417041778564453e+01
1.460556602478027344e+01
1.387394618988037109e+01
3.309394073486328125e+01
1.533636474609375000e+01
3.279969024658203125e+01
1.218766593933105469e+01
3.577952194213867188e+01
1.849930191040039062e+01
1.084226512908935547e+01
2.948547363281250000e+01
1.517998886108398438e+01
1.428817844390869141e+01
3.929158782958984375e+01
3.238367843627929688e+01
2.637579727172851562e+01
3.959622192382812500e+01
4.087135314941406250e+01
1.201146697998046875e+01
1.749296188354492188e+01
1.280103015899658203e+01
1.069130039215087891e+01
4.121384811401367188e+01
2.856568145751953125e+01
1.098499965667724609e+01
1.273198413848876953e+01
4.125255584716796875e+01
2.912463951110839844e+01
1.302591896057128906e+01
4.206736373901367188e+01
6.334964752197265625e+00
1.094430637359619141e+01
2.884883499145507812e+01
1.086649131774902344e+01
2.944796180725097656e+01
1.318170833587646484e+01
1.493779563903808594e+01
2.917065048217773438e+01
1.887773895263671875e+01
2.899661636352539062e+01
2.476863861083984375e+01
1.807153701782226562e+01
2.442587471008300781e+01
3.571870040893554688e+01
3.231240081787109375e+01
2.469323921203613281e+01
1.618212127685546875e+01
2.623817062377929688e+01
3.241516494750976562e+01
1.517573547363281250e+01
3.193288040161132812e+01
1.485086822509765625e+01
1.552572059631347656e+01
1.682572746276855469e+01
1.429513931274414062e+01
1.435841369628906250e+01
2.950833892822265625e+01
3.719818496704101562e+01
1.054033470153808594e+01
3.278108978271484375e+01
3.719528198242187500e+01
1.120847702026367188e+01
1.312419414520263672e+01
1.490097427368164062e+01
3.696601867675781250e+01
1.104967498779296875e+01
2.896228790283203125e+01
2.937212562561035156e+01
4.001511764526367188e+01
1.072245597839355469e+01
3.612887954711914062e+01
3.700174331665039062e+01
1.940868568420410156e+01
2.999412536621093750e+01
3.642309188842773438e+01
1.390587711334228516e+01
3.252617263793945312e+01
7.405642509460449219e+00
1.921612167358398438e+01
2.923432731628417969e+01
1.030376052856445312e+01
2.572832298278808594e+01
2.912337875366210938e+01
4.077693939208984375e+01
2.461027526855468750e+01
1.302021789550781250e+01
1.420569038391113281e+01
1.634009552001953125e+01
1.872146987915039062e+01
3.647049713134765625e+01
3.288469696044921875e+01
2.901552963256835938e+01
3.903006744384765625e+01
1.489827346801757812e+01
1.060717868804931641e+01
1.134063816070556641e+01
2.873595428466796875e+01
1.529567241668701172e+01
1.448054313659667969e+01
2.030198669433593750e+01
2.326298713684082031e+01
3.743465805053710938e+01
2.602491569519042969e+01
1.222819709777832031e+01
1.379697990417480469e+01
1.484619522094726562e+01
1.753326797485351562e+01
3.279000854492187500e+01
3.232544708251953125e+01
2.313634490966796875e+01
1.038353538513183594e+01
2.999972724914550781e+01
2.402380752563476562e+01
1.459768486022949219e+01
3.185416030883789062e+01
1.438738632202148438e+01
7.243960380554199219e+00
1.464577102661132812e+01
1.461025238037109375e+01
3.233933258056640625e+01
1.094610881805419922e+01
1.233272075653076172e+01
1.297318649291992188e+01
2.700607872009277344e+01
1.724682235717773438e+01
1.376491451263427734e+01
1.625574111938476562e+01
1.074669456481933594e+01
2.408018493652343750e+01
4.318153381347656250e+01
2.436445808410644531e+01
1.304544830322265625e+01
1.896364784240722656e+01
1.014272022247314453e+01
2.681737327575683594e+01
2.684989166259765625e+01
1.274205112457275391e+01
2.477331352233886719e+01
1.225314903259277344e+01
1.094378471374511719e+01
1.134001636505126953e+01
1.662274742126464844e+01
3.604950714111328125e+01
1.688250541687011719e+01
3.542593002319335938e+01
3.331571197509765625e+01
2.470245933532714844e+01
2.388761711120605469e+01
1.397009277343750000e+01
1.130416679382324219e+01
1.362697029113769531e+01
1.250953388214111328e+01
1.118163013458251953e+01
2.931758117675781250e+01
3.574823379516601562e+01
1.524335861206054688e+01
3.210529708862304688e+01
2.852879524230957031e+01
1.474482440948486328e+01
1.530665016174316406e+01
1.737355422973632812e+01
1.279029273986816406e+01
2.875851058959960938e+01
1.415264797210693359e+01
1.803104782104492188e+01
2.424840545654296875e+01
2.636898231506347656e+01
1.297702217102050781e+01
2.972390365600585938e+01
1.230958461761474609e+01
3.253614044189453125e+01
2.457390403747558594e+01
1.541507911682128906e+01
2.909088325500488281e+01
3.642742156982421875e+01
2.981912040710449219e+01
1.517962741851806641e+01
1.054125213623046875e+01
3.278179168701171875e+01
2.554236412048339844e+01
3.609074401855468750e+01
1.244300937652587891e+01
6.858426094055175781e+00
1.454907321929931641e+01
2.862348175048828125e+01
1.235575485229492188e+01
1.349264812469482422e+01
3.323896789550781250e+01
1.490822887420654297e+01
1.885433387756347656e+01
1.525832271575927734e+01
3.650253295898437500e+01
1.469317531585693359e+01
3.348590469360351562e+01
1.273464393615722656e+01
1.698396492004394531e+01
4.010960006713867188e+01
2.463774490356445312e+01
3.951450729370117188e+01
3.704390716552734375e+01
4.198325729370117188e+01
3.300024414062500000e+01
1.744514846801757812e+01
3.976954269409179688e+01
1.257243442535400391e+01
4.095180511474609375e+01
4.289382171630859375e+01
3.232073974609375000e+01
3.685301208496093750e+01
4.009048461914062500e+01
4.078995513916015625e+01
1.295712566375732422e+01
2.685085678100585938e+01
1.258070850372314453e+01
2.657275390625000000e+01
6.907977104187011719e+00
3.294235610961914062e+01
1.350267601013183594e+01
2.434473800659179688e+01
2.382246017456054688e+01
1.106270694732666016e+01
2.629685783386230469e+01
1.888528060913085938e+01
1.297887516021728516e+01
1.506642532348632812e+01
1.423336219787597656e+01
1.100150203704833984e+01
2.906278610229492188e+01
1.297090339660644531e+01
1.283408641815185547e+01
1.243276882171630859e+01
3.574536514282226562e+01
2.461533737182617188e+01
1.536932945251464844e+01
2.415501785278320312e+01
1.258135032653808594e+01
4.107629013061523438e+01
