1.220967006683349609e+01
2.866731834411621094e+01
3.548568344116210938e+01
3.867114639282226562e+01
3.455145263671875000e+01
1.640720748901367188e+01
1.472693824768066406e+01
2.793572998046875000e+01
1.454585838317871094e+01
2.547367095947265625e+01
1.459614467620849609e+01
3.233335113525390625e+01
2.525959968566894531e+01
1.493510532379150391e+01
1.263507938385009766e+01
3.908667373657226562e+01
2.887474060058593750e+01
1.459299087524414062e+01
1.388488960266113281e+01
3.276042938232421875e+01
2.531204223632812500e+01
1.039354801177978516e+01
2.365569686889648438e+01
1.831224441528320312e+01
1.504416370391845703e+01
3.475568771362304688e+01
1.632514190673828125e+01
1.218491458892822266e+01
4.118611145019531250e+01
1.390068244934082031e+01
3.253700637817382812e+01
3.587010192871093750e+01
1.142684555053710938e+01
1.435547924041748047e+01
2.611575698852539062e+01
4.104160308837890625e+01
1.817910003662109375e+01
1.160736751556396484e+01
3.906568145751953125e+01
1.465467453002929688e+01
3.638789367675781250e+01
1.111476993560791016e+01
8.182063102722167969e+00
1.473893928527832031e+01
1.107676696777343750e+01
1.526898765563964844e+01
1.815281486511230469e+01
2.591056823730468750e+01
3.520504760742187500e+01
3.849693298339843750e+01
1.136353397369384766e+01
3.188140869140625000e+01
1.073461341857910156e+01
1.435997772216796875e+01
2.913935279846191406e+01
2.853015518188476562e+01
3.522087860107421875e+01
2.883103752136230469e+01
1.215840435028076172e+01
1.506068038940429688e+01
1.208405876159667969e+01
2.347842407226562500e+01
2.331851005554199219e+01
2.881915855407714844e+01
2.876144981384277344e+01
3.933263015747070312e+01
2.603874397277832031e+01
1.454304027557373047e+01
3.175285339355468750e+01
1.269106769561767578e+01
2.595323181152343750e+01
1.421738052368164062e+01
1.457776451110839844e+01
3.172518348693847656e+01
1.434467506408691406e+01
2.411547470092773438e+01
2.919699096679687500e+01
3.261518478393554688e+01
1.407095241546630859e+01
2.438350677490234375e+01
1.166473770141601562e+01
2.882705879211425781e+01
1.452922534942626953e+01
2.938845825195312500e+01
1.441639900207519531e+01
4.020866394042968750e+01
3.946512603759765625e+01
3.666176605224609375e+01
1.412267971038818359e+01
1.272592353820800781e+01
2.836419296264648438e+01
2.368146133422851562e+01
1.136106586456298828e+01
3.521032714843750000e+01
1.435347080230712891e+01
3.142946434020996094e+01
1.121727466583251953e+01
2.622350502014160156e+01
1.033122730255126953e+01
2.820894241333007812e+01
3.284873962402343750e+01
1.450737762451171875e+01
2.382291030883789062e+01
1.215508460998535156e+01
1.354414272308349609e+01
1.252196502685546875e+01
2.376671409606933594e+01
2.789744949340820312e+01
2.352352905273437500e+01
3.614475250244140625e+01
3.980079650878906250e+01
1.464046669006347656e+01
2.576295852661132812e+01
1.210528373718261719e+01
3.593792343139648438e+01
1.061893558502197266e+01
3.644681549072265625e+01
3.239421081542968750e+01
3.208351135253906250e+01
1.429157066345214844e+01
2.582316398620605469e+01
2.836462020874023438e+01
1.411037158966064453e+01
2.624570846557617188e+01
3.903613281250000000e+01
1.453213977813720703e+01
1.014727783203125000e+01
2.894319152832031250e+01
1.103908920288085938e+01
1.611196136474609375e+01
4.220066070556640625e+01
1.090315437316894531e+01
3.179594230651855469e+01
4.138018035888671875e+01
6.722073554992675781e+00
3.254827880859375000e+01
2.409125709533691406e+01
1.082641124725341797e+01
3.846459197998046875e+01
1.479484462738037109e+01
1.496381282806396484e+01
2.329558753967285156e+01
1.577290725708007812e+01
1.671692276000976562e+01
1.452220344543457031e+01
2.911860466003417969e+01
1.055788993835449219e+01
3.691739654541015625e+01
3.630364227294921875e+01
1.440309047698974609e+01
1.264017105102539062e+01
2.640047836303710938e+01
2.833967781066894531e+01
4.181660842895507812e+01
1.467262840270996094e+01
1.856826019287109375e+01
3.605696105957031250e+01
1.214582443237304688e+01
3.952563476562500000e+01
1.643087768554687500e+01
1.686779022216796875e+01
2.840522575378417969e+01
3.182224655151367188e+01
1.435710144042968750e+01
3.194075775146484375e+01
1.273869705200195312e+01
3.201316452026367188e+01
3.657677459716796875e+01
1.584586143493652344e+01
1.604529190063476562e+01
1.492777061462402344e+01
3.617279052734375000e+01
3.942874908447265625e+01
1.680560302734375000e+01
1.154158782958984375e+01
3.250336456298828125e+01
1.195404720306396484e+01
3.835242462158203125e+01
3.863446044921875000e+01
1.704277038574218750e+01
2.897457504272460938e+01
1.079631042480468750e+01
2.858031654357910156e+01
2.824343109130859375e+01
3.225574493408203125e+01
1.058692550659179688e+01
1.141843795776367188e+01
2.861897659301757812e+01
1.241138076782226562e+01
1.487192535400390625e+01
1.257632637023925781e+01
3.503806686401367188e+01
3.294952011108398438e+01
2.322547721862792969e+01
1.201636886596679688e+01
3.186835098266601562e+01
6.747442245483398438e+00
3.600637817382812500e+01
1.011611652374267578e+01
4.014850234985351562e+01
1.808894920349121094e+01
3.606158828735351562e+01
1.826454925537109375e+01
1.312634468078613281e+01
1.667274284362792969e+01
1.519772338867187500e+01
3.281423950195312500e+01
1.133567810058593750e+01
1.308362007141113281e+01
1.290771484375000000e+01
3.906230545043945312e+01
2.584576606750488281e+01
2.920423889160156250e+01
1.272181320190429688e+01
1.060293197631835938e+01
3.899013519287109375e+01
1.257431316375732422e+01
2.860376167297363281e+01
1.283253479003906250e+01
2.652126884460449219e+01
2.535038757324218750e+01
1.442632007598876953e+01
2.797988128662109375e+01
8.164793014526367188e+00
2.396906852722167969e+01
2.812868690490722656e+01
2.405319976806640625e+01
4.005110931396484375e+01
1.475038433074951172e+01
1.828040313720703125e+01
3.269993972778320312e+01
1.541524600982666016e+01
1.243048954010009766e+01
4.040216445922851562e+01
2.423037719726562500e+01
2.807441329956054688e+01
1.221164703369140625e+01
2.663314247131347656e+01
4.177133941650390625e+01
1.251895332336425781e+01
3.145231246948242188e+01
3.219217681884765625e+01
2.557481193542480469e+01
3.189797782897949219e+01
1.392096710205078125e+01
1.074565029144287109e+01
1.878714561462402344e+01
1.046994304656982422e+01
1.916918945312500000e+01
2.890279006958007812e+01
2.365897178649902344e+01
6.338228225708007812e+00
1.477261543273925781e+01
1.226266193389892578e+01
1.576543521881103516e+01
1.084578227996826172e+01
3.473333740234375000e+01
1.398926925659179688e+01
3.269631576538085938e+01
3.142072296142578125e+01
1.237145519256591797e+01
1.304089450836181641e+01
2.837983894348144531e+01
4.184350967407226562e+01
1.399707031250000000e+01
1.265237998962402344e+01
2.344096755981445312e+01
2.594806671142578125e+01
3.221191787719726562e+01
3.189795875549316406e+01
2.559375762939453125e+01
3.282844924926757812e+01
1.487836074829101562e+01
1.606538009643554688e+01
6.201181411743164062e+00
2.865115547180175781e+01
3.249886322021484375e+01
1.229511356353759766e+01
2.427979278564453125e+01
2.904825973510742188e+01
1.366975116729736328e+01
2.895857620239257812e+01
1.480830287933349609e+01
3.274217987060546875e+01
1.126910114288330078e+01
1.243591213226318359e+01
3.577783584594726562e+01
1.840930557250976562e+01
1.601754379272460938e+01
1.631279182434082031e+01
1.442954254150390625e+01
1.087626838684082031e+01
2.809695243835449219e+01
1.254466056823730469e+01
3.275238037109375000e+01
1.227575588226318359e+01
2.004657173156738281e+01
2.795631408691406250e+01
1.446684074401855469e+01
1.463757514953613281e+01
1.260184955596923828e+01
3.296361923217773438e+01
1.237950038909912109e+01
3.148933792114257812e+01
1.471343803405761719e+01
7.308200836181640625e+00
1.440263748168945312e+01
2.912125778198242188e+01
3.672192764282226562e+01
3.641313552856445312e+01
3.586311721801757812e+01
1.059492874145507812e+01
7.176636695861816406e+00
1.976732826232910156e+01
6.771620750427246094e+00
1.469120788574218750e+01
1.462051963806152344e+01
4.136625289916992188e+01
2.414676666259765625e+01
4.168796539306640625e+01
1.413043498992919922e+01
1.243613338470458984e+01
2.849764633178710938e+01
2.825522804260253906e+01
2.919101142883300781e+01
1.428333854675292969e+01
3.807435226440429688e+01
1.482690143585205078e+01
1.263369560241699219e+01
1.483335304260253906e+01
3.211644744873046875e+01
1.379535961151123047e+01
3.974063110351562500e+01
3.297871780395507812e+01
1.228670024871826172e+01
1.436798381805419922e+01
2.596945953369140625e+01
3.259769439697265625e+01
3.913447570800781250e+01
2.613379096984863281e+01
2.874637603759765625e+01
1.078309631347656250e+01
1.233451843261718750e+01
3.945309448242187500e+01
3.261045837402343750e+01
1.095691967010498047e+01
1.148421669006347656e+01
1.635110664367675781e+01
1.443682861328125000e+01
3.223298645019531250e+01
2.583691978454589844e+01
2.881030654907226562e+01
1.472990226745605469e+01
3.217321777343750000e+01
2.388810348510742188e+01
1.061093330383300781e+01
2.793008232116699219e+01
3.157035827636718750e+01
3.206612014770507812e+01
1.621837615966796875e+01
1.592312622070312500e+01
2.334450912475585938e+01
3.995646667480468750e+01
1.096052455902099609e+01
4.074562454223632812e+01
1.287999534606933594e+01
3.944973754882812500e+01
3.263188934326171875e+01
2.888022613525390625e+01
2.816206741333007812e+01
2.320830345153808594e+01
1.243806838989257812e+01
3.611627197265625000e+01
2.404073524475097656e+01
1.448693466186523438e+01
1.129200839996337891e+01
1.114945316314697266e+01
2.890344429016113281e+01
2.372640800476074219e+01
1.641297721862792969e+01
1.663088226318359375e+01
1.216016387939453125e+01
1.251327705383300781e+01
3.218376922607421875e+01
1.462037277221679688e+01
1.238662719726562500e+01
1.867805862426757812e+01
2.001737022399902344e+01
1.042471027374267578e+01
3.957342147827148438e+01
1.231052303314208984e+01
2.821148490905761719e+01
1.404266262054443359e+01
2.585968780517578125e+01
1.482135200500488281e+01
1.430880641937255859e+01
3.134453773498535156e+01
2.635259246826171875e+01
4.191568374633789062e+01
1.233527755737304688e+01
2.883988952636718750e+01
1.461797904968261719e+01
1.431027412414550781e+01
2.853184127807617188e+01
1.025483226776123047e+01
1.214175224304199219e+01
8.381866455078125000e+00
4.097868347167968750e+01
1.102630424499511719e+01
2.903949165344238281e+01
1.022367191314697266e+01
1.129528903961181641e+01
3.224472045898437500e+01
1.679669189453125000e+01
2.555621910095214844e+01
1.091156196594238281e+01
3.959762573242187500e+01
3.258247375488281250e+01
1.715373229980468750e+01
1.433727169036865234e+01
1.843850517272949219e+01
4.145235443115234375e+01
1.624009704589843750e+01
1.198520851135253906e+01
1.261309146881103516e+01
3.290644073486328125e+01
3.575867843627929688e+01
2.828887176513671875e+01
1.651362228393554688e+01
2.828100967407226562e+01
1.506081390380859375e+01
2.623178482055664062e+01
3.614181900024414062e+01
2.375364875793457031e+01
1.799880027770996094e+01
2.521785736083984375e+01
7.097681999206542969e+00
2.623020172119140625e+01
2.897585296630859375e+01
1.236324405670166016e+01
1.364499473571777344e+01
2.335252380371093750e+01
2.873213195800781250e+01
1.075365352630615234e+01
2.809305000305175781e+01
1.243312072753906250e+01
2.867559432983398438e+01
2.838139343261718750e+01
1.882831954956054688e+01
4.096347808837890625e+01
1.450791740417480469e+01
2.587701416015625000e+01
2.604953193664550781e+01
1.046168327331542969e+01
1.455009078979492188e+01
3.631406784057617188e+01
2.893149185180664062e+01
3.286436462402343750e+01
1.456625938415527344e+01
3.222734069824218750e+01
1.603192520141601562e+01
2.820600128173828125e+01
1.205930805206298828e+01
1.104840373992919922e+01
3.237107849121093750e+01
3.218904495239257812e+01
1.456751632690429688e+01
3.294115447998046875e+01
1.632895660400390625e+01
3.208498382568359375e+01
2.419618225097656250e+01
1.247945117950439453e+01
1.490762329101562500e+01
3.659465026855468750e+01
6.269704818725585938e+00
3.179277801513671875e+01
2.921014404296875000e+01
1.249841499328613281e+01
1.071526432037353516e+01
1.790864562988281250e+01
1.460364818572998047e+01
3.274969482421875000e+01
6.144165039062500000e+00
1.528963661193847656e+01
3.643438720703125000e+01
1.058359050750732422e+01
3.607041931152343750e+01
1.502218532562255859e+01
3.218511199951171875e+01
1.027428913116455078e+01
1.263442325592041016e+01
1.096893215179443359e+01
1.456704425811767578e+01
3.554021453857421875e+01
3.599135971069335938e+01
1.496143436431884766e+01
3.251366043090820312e+01
1.276355171203613281e+01
1.184076118469238281e+01
1.423147583007812500e+01
1.073764801025390625e+01
1.277834701538085938e+01
1.415859508514404297e+01
3.625389099121093750e+01
1.217144966125488281e+01
1.225571060180664062e+01
1.245897579193115234e+01
1.687646102905273438e+01
1.663256263732910156e+01
1.843923377990722656e+01
3.193695449829101562e+01
1.518619155883789062e+01
2.882651519775390625e+01
1.548558235168457031e+01
1.878787422180175781e+01
1.210234832763671875e+01
1.228194618225097656e+01
1.510072517395019531e+01
3.610519409179687500e+01
2.877289962768554688e+01
1.093660354614257812e+01
1.429287624359130859e+01
1.088836860656738281e+01
1.090437412261962891e+01
3.660160064697265625e+01
1.573490142822265625e+01
1.037049674987792969e+01
1.503418922424316406e+01
2.370394706726074219e+01
1.078841304779052734e+01
3.939292144775390625e+01
3.250838088989257812e+01
3.619332122802734375e+01
1.130369758605957031e+01
2.613452720642089844e+01
3.167078399658203125e+01
2.439865684509277344e+01
1.118054676055908203e+01
1.337735462188720703e+01
1.212392425537109375e+01
1.254522991180419922e+01
3.642051696777343750e+01
3.309058761596679688e+01
2.369560623168945312e+01
2.343401908874511719e+01
3.611672973632812500e+01
1.253698730468750000e+01
1.333470535278320312e+01
1.431322765350341797e+01
2.856222152709960938e+01
1.069591140747070312e+01
1.865360260009765625e+01
3.961757659912109375e+01
1.123791790008544922e+01
4.217967224121093750e+01
2.814138984680175781e+01
2.833042526245117188e+01
2.542112350463867188e+01
3.496007156372070312e+01
2.877190971374511719e+01
3.217849349975585938e+01
3.954841613769531250e+01
1.565156364440917969e+01
2.626205444335937500e+01
3.818553924560546875e+01
1.612395668029785156e+01
1.104709243774414062e+01
8.134692192077636719e+00
3.628406906127929688e+01
5.701631546020507812e+00
3.641710662841796875e+01
1.036238861083984375e+01
1.427341747283935547e+01
1.620637512207031250e+01
6.311353683471679688e+00
2.358387756347656250e+01
1.522301959991455078e+01
1.712879180908203125e+01
1.089637088775634766e+01
5.814626693725585938e+00
1.195845413208007812e+01
2.839888572692871094e+01
3.459045028686523438e+01
4.130801010131835938e+01
2.306463432312011719e+01
1.402178668975830078e+01
4.230683898925781250e+01
1.389621353149414062e+01
4.185858917236328125e+01
2.299602508544921875e+01
1.235591220855712891e+01
2.776321601867675781e+01
3.137658119201660156e+01
1.289613342285156250e+01
3.890497589111328125e+01
3.986096191406250000e+01
1.463252162933349609e+01
1.466509437561035156e+01
1.240512561798095703e+01
1.660803985595703125e+01
3.500288772583007812e+01
2.590531539916992188e+01
3.499906921386718750e+01
1.045831108093261719e+01
1.365847492218017578e+01
2.904552650451660156e+01
2.461474227905273438e+01
1.293736553192138672e+01
1.329197978973388672e+01
2.884363174438476562e+01
3.852680587768554688e+01
1.512860488891601562e+01
3.204071426391601562e+01
3.292153930664062500e+01
3.958955001831054688e+01
1.597058486938476562e+01
1.456547641754150391e+01
1.187765216827392578e+01
3.206047439575195312e+01
1.112317657470703125e+01
3.602652359008789062e+01
1.912757492065429688e+01
1.251032829284667969e+01
1.124632549285888672e+01
1.452765846252441406e+01
1.460486030578613281e+01
1.452844238281250000e+01
3.271549987792968750e+01
3.161092758178710938e+01
1.105739688873291016e+01
3.544668579101562500e+01
2.426994323730468750e+01
1.050110530853271484e+01
3.859897613525390625e+01
1.485451698303222656e+01
1.533330917358398438e+01
1.118438720703125000e+01
1.310472393035888672e+01
2.845978164672851562e+01
1.269947433471679688e+01
4.008833694458007812e+01
1.028599262237548828e+01
1.486366939544677734e+01
2.584129524230957031e+01
1.121523094177246094e+01
2.841403579711914062e+01
1.438782310485839844e+01
2.862653350830078125e+01
1.643991661071777344e+01
1.454970932006835938e+01
2.373163414001464844e+01
1.263784408569335938e+01
1.259018039703369141e+01
1.402182006835937500e+01
2.568899726867675781e+01
4.115377044677734375e+01
1.831032752990722656e+01
1.076165580749511719e+01
2.347160339355468750e+01
3.605535888671875000e+01
1.448993492126464844e+01
1.900374412536621094e+01
3.992112350463867188e+01
3.533934783935546875e+01
3.552468109130859375e+01
1.617573356628417969e+01
1.447894287109375000e+01
1.046670246124267578e+01
1.072964572906494141e+01
3.271034240722656250e+01
2.830058670043945312e+01
1.589424991607666016e+01
1.236470985412597656e+01
3.227964401245117188e+01
1.275684642791748047e+01
1.529472351074218750e+01
1.228828811645507812e+01
2.333683776855468750e+01
1.270796489715576172e+01
1.278150749206542969e+01
2.876802444458007812e+01
2.626369094848632812e+01
1.228577041625976562e+01
3.215591812133789062e+01
2.565200233459472656e+01
2.448690986633300781e+01
1.132907581329345703e+01
1.425213623046875000e+01
1.456930255889892578e+01
1.262895774841308594e+01
2.796378326416015625e+01
