2.087675666809082031e+01
1.111003303527832031e+01
3.263501739501953125e+01
2.653085136413574219e+01
1.656368064880371094e+01
2.997544670104980469e+01
3.650705718994140625e+01
1.400222873687744141e+01
1.319141674041748047e+01
1.116631984710693359e+01
1.619321441650390625e+01
3.243098449707031250e+01
3.240826416015625000e+01
3.888532257080078125e+01
1.619876861572265625e+01
2.424773979187011719e+01
1.283077144622802734e+01
2.812331390380859375e+01
1.558853530883789062e+01
2.626680374145507812e+01
7.330519676208496094e+00
1.442735099792480469e+01
3.165641784667968750e+01
1.699942779541015625e+01
1.419790363311767578e+01
1.438986015319824219e+01
1.979739189147949219e+01
2.882385253906250000e+01
3.903310775756835938e+01
1.406261348724365234e+01
2.126599121093750000e+01
1.166457557678222656e+01
3.896939086914062500e+01
4.161463165283203125e+01
2.841523361206054688e+01
3.234225463867187500e+01
2.690316963195800781e+01
2.785862350463867188e+01
4.207551956176757812e+01
1.450208950042724609e+01
4.171338272094726562e+01
1.089556884765625000e+01
1.438486862182617188e+01
1.424494743347167969e+01
1.264725017547607422e+01
1.663623046875000000e+01
8.699390411376953125e+00
1.037725162506103516e+01
1.873767089843750000e+01
1.640367889404296875e+01
4.162045288085937500e+01
1.113223075866699219e+01
3.265386962890625000e+01
3.523241806030273438e+01
2.854424667358398438e+01
4.080966186523437500e+01
6.490804672241210938e+00
2.893642044067382812e+01
2.396589279174804688e+01
1.648025131225585938e+01
3.257101440429687500e+01
1.464483642578125000e+01
1.255214309692382812e+01
1.427688980102539062e+01
3.211368942260742188e+01
3.191055679321289062e+01
3.599183654785156250e+01
1.053437709808349609e+01
3.929697418212890625e+01
1.215744686126708984e+01
1.868620300292968750e+01
1.638567924499511719e+01
2.804700851440429688e+01
2.395753479003906250e+01
3.879483795166015625e+01
3.234271240234375000e+01
2.872847938537597656e+01
1.228857040405273438e+01
2.837777137756347656e+01
3.199040985107421875e+01
3.263404464721679688e+01
1.423238849639892578e+01
1.469132232666015625e+01
1.493665790557861328e+01
1.671085739135742188e+01
1.049598979949951172e+01
2.550720405578613281e+01
3.571741485595703125e+01
1.135329723358154297e+01
2.552316474914550781e+01
2.420006370544433594e+01
1.441479492187500000e+01
1.715555381774902344e+01
1.639657402038574219e+01
1.450810146331787109e+01
2.425634002685546875e+01
1.241555309295654297e+01
2.909801101684570312e+01
3.299002838134765625e+01
1.252123737335205078e+01
1.095799636840820312e+01
1.128764915466308594e+01
2.982764434814453125e+01
2.648785400390625000e+01
2.631582450866699219e+01
1.170219802856445312e+01
2.820755767822265625e+01
1.241324806213378906e+01
1.583320999145507812e+01
2.397511863708496094e+01
3.220539855957031250e+01
1.648590278625488281e+01
3.193012809753417969e+01
2.375874519348144531e+01
1.276890087127685547e+01
2.885952949523925781e+01
1.253913497924804688e+01
2.420140075683593750e+01
3.233827590942382812e+01
1.422800827026367188e+01
2.416955375671386719e+01
3.238260269165039062e+01
1.237507534027099609e+01
1.511523532867431641e+01
1.303840065002441406e+01
1.270181274414062500e+01
1.310692977905273438e+01
2.664741516113281250e+01
3.906766510009765625e+01
1.246787643432617188e+01
1.410072803497314453e+01
1.181567955017089844e+01
1.214971446990966797e+01
1.746416854858398438e+01
1.447090625762939453e+01
2.865493392944335938e+01
1.505308341979980469e+01
1.865628814697265625e+01
3.204848480224609375e+01
2.159230422973632812e+01
2.316372680664062500e+01
1.040470886230468750e+01
3.640415191650390625e+01
3.584545898437500000e+01
2.802987480163574219e+01
2.601722335815429688e+01
2.917367553710937500e+01
1.275792789459228516e+01
1.458585357666015625e+01
2.883059120178222656e+01
3.245419311523437500e+01
3.302723693847656250e+01
1.811733245849609375e+01
3.236932754516601562e+01
1.204444694519042969e+01
3.227227020263671875e+01
1.063699436187744141e+01
1.176016902923583984e+01
2.916100883483886719e+01
3.920723724365234375e+01
1.442238235473632812e+01
3.245746231079101562e+01
1.407216835021972656e+01
2.858378982543945312e+01
3.206739044189453125e+01
3.592009353637695312e+01
1.455577850341796875e+01
1.096672630310058594e+01
1.143071746826171875e+01
2.640244674682617188e+01
3.958017349243164062e+01
3.116423797607421875e+01
1.151355171203613281e+01
1.725846099853515625e+01
1.499921607971191406e+01
3.699758148193359375e+01
1.294627475738525391e+01
3.650675201416015625e+01
3.597828292846679688e+01
1.089934730529785156e+01
2.496984672546386719e+01
1.395991992950439453e+01
3.607595825195312500e+01
1.411833477020263672e+01
2.939599609375000000e+01
4.010761260986328125e+01
1.844531822204589844e+01
1.403230953216552734e+01
2.877704620361328125e+01
1.170447349548339844e+01
1.683810424804687500e+01
2.637983703613281250e+01
1.117328643798828125e+01
3.175079154968261719e+01
3.264200592041015625e+01
3.576222991943359375e+01
2.821379661560058594e+01
1.524648666381835938e+01
3.241790771484375000e+01
1.923718643188476562e+01
1.152689933776855469e+01
2.394417953491210938e+01
4.141455459594726562e+01
1.286017036437988281e+01
1.156926250457763672e+01
2.858424377441406250e+01
1.467941665649414062e+01
1.868936347961425781e+01
3.236242294311523438e+01
2.646918106079101562e+01
3.249195098876953125e+01
2.325715637207031250e+01
4.176667022705078125e+01
2.721586799621582031e+01
1.304479980468750000e+01
2.367670822143554688e+01
3.586651229858398438e+01
1.448731803894042969e+01
1.297319030761718750e+01
1.479052066802978516e+01
1.983264732360839844e+01
3.217950820922851562e+01
1.839002227783203125e+01
1.797385406494140625e+01
2.838836669921875000e+01
3.558016204833984375e+01
3.559017944335937500e+01
2.977220535278320312e+01
1.426169490814208984e+01
4.261542510986328125e+01
1.088703632354736328e+01
1.542793369293212891e+01
1.401998901367187500e+01
1.163995361328125000e+01
2.432395744323730469e+01
1.234229755401611328e+01
1.459626770019531250e+01
2.504114913940429688e+01
2.922579765319824219e+01
2.884949684143066406e+01
1.514974021911621094e+01
2.305451393127441406e+01
3.599805068969726562e+01
3.621965789794921875e+01
1.563632583618164062e+01
3.580183410644531250e+01
1.139784240722656250e+01
2.566373825073242188e+01
1.394322681427001953e+01
1.456965351104736328e+01
1.319451427459716797e+01
2.337876319885253906e+01
1.231829643249511719e+01
4.050286865234375000e+01
1.561876201629638672e+01
2.557542800903320312e+01
3.981710815429687500e+01
1.646871185302734375e+01
1.288364315032958984e+01
1.296950054168701172e+01
2.956196975708007812e+01
2.625390434265136719e+01
3.558719635009765625e+01
3.673498153686523438e+01
3.631216812133789062e+01
1.247296333312988281e+01
1.646007156372070312e+01
1.057173252105712891e+01
3.238438415527343750e+01
1.423220729827880859e+01
3.522882080078125000e+01
3.722595214843750000e+01
2.942943572998046875e+01
1.638779067993164062e+01
3.883424758911132812e+01
1.338619136810302734e+01
1.253549766540527344e+01
2.417908668518066406e+01
4.022817230224609375e+01
1.544721412658691406e+01
1.397864723205566406e+01
2.758238220214843750e+01
3.272782135009765625e+01
4.231092071533203125e+01
2.955904197692871094e+01
2.431501579284667969e+01
2.828337478637695312e+01
1.143757629394531250e+01
1.241561698913574219e+01
2.363370323181152344e+01
1.129906558990478516e+01
7.081007003784179688e+00
2.910853958129882812e+01
3.234205627441406250e+01
1.495744800567626953e+01
1.125338840484619141e+01
1.443453407287597656e+01
1.633352088928222656e+01
1.127459049224853516e+01
1.235893821716308594e+01
1.257184886932373047e+01
1.461097908020019531e+01
2.895960617065429688e+01
2.821374130249023438e+01
2.894099044799804688e+01
1.649264717102050781e+01
1.288972187042236328e+01
1.442980384826660156e+01
1.450021171569824219e+01
3.597285842895507812e+01
2.485406112670898438e+01
1.166211032867431641e+01
1.134570026397705078e+01
1.254505920410156250e+01
1.287869358062744141e+01
1.418878555297851562e+01
1.709698104858398438e+01
1.282740592956542969e+01
2.821908378601074219e+01
3.264527130126953125e+01
2.411103057861328125e+01
1.425321865081787109e+01
3.294564056396484375e+01
1.430244922637939453e+01
1.123559761047363281e+01
2.825606536865234375e+01
1.094413661956787109e+01
1.695804405212402344e+01
2.429610824584960938e+01
2.890434837341308594e+01
1.594177722930908203e+01
2.974783515930175781e+01
2.368391418457031250e+01
3.230876922607421875e+01
2.834739685058593750e+01
1.290935802459716797e+01
1.149536132812500000e+01
3.019672012329101562e+01
2.928499412536621094e+01
2.861832427978515625e+01
1.554781150817871094e+01
1.229802989959716797e+01
2.941276550292968750e+01
8.753134727478027344e+00
3.914500427246093750e+01
3.518087005615234375e+01
1.289548110961914062e+01
1.279342365264892578e+01
1.161784267425537109e+01
3.208076477050781250e+01
1.588467597961425781e+01
1.596240997314453125e+01
1.322618198394775391e+01
1.027663326263427734e+01
1.532675170898437500e+01
2.937933158874511719e+01
2.938472557067871094e+01
2.419860267639160156e+01
3.609529113769531250e+01
2.873283958435058594e+01
6.005018234252929688e+00
4.189730834960937500e+01
1.465315437316894531e+01
1.414363861083984375e+01
1.718794059753417969e+01
3.598642730712890625e+01
2.858024406433105469e+01
1.332853031158447266e+01
3.889686584472656250e+01
3.915907287597656250e+01
1.067938613891601562e+01
1.163686943054199219e+01
3.543690109252929688e+01
3.697660827636718750e+01
2.564224624633789062e+01
2.416484260559082031e+01
3.184540939331054688e+01
6.474235534667968750e+00
3.243023300170898438e+01
3.588462066650390625e+01
1.453999137878417969e+01
1.423591518402099609e+01
1.285628986358642578e+01
3.163757705688476562e+01
1.420836257934570312e+01
1.310213851928710938e+01
3.660215759277343750e+01
1.512141132354736328e+01
1.329137611389160156e+01
1.462358379364013672e+01
1.639113044738769531e+01
1.854358100891113281e+01
1.124422931671142578e+01
3.183694839477539062e+01
3.583964920043945312e+01
2.392971611022949219e+01
3.244021606445312500e+01
2.877705192565917969e+01
2.904812622070312500e+01
2.520922279357910156e+01
3.211125946044921875e+01
3.882604980468750000e+01
1.276219081878662109e+01
6.573159217834472656e+00
2.591986465454101562e+01
3.958735656738281250e+01
1.214991760253906250e+01
2.925844192504882812e+01
2.586909866333007812e+01
1.306674766540527344e+01
1.145406818389892578e+01
2.880199432373046875e+01
4.228620147705078125e+01
1.049535942077636719e+01
3.968213653564453125e+01
2.596426200866699219e+01
2.835957336425781250e+01
1.254087257385253906e+01
1.073057079315185547e+01
2.889155578613281250e+01
3.246237564086914062e+01
1.542428112030029297e+01
1.493584632873535156e+01
2.539522552490234375e+01
3.205753326416015625e+01
3.267033386230468750e+01
2.387322235107421875e+01
2.935324478149414062e+01
2.922987747192382812e+01
2.376902770996093750e+01
1.514996910095214844e+01
1.244682025909423828e+01
1.525353527069091797e+01
1.467203712463378906e+01
1.069513893127441406e+01
4.171977615356445312e+01
1.227660655975341797e+01
3.635895538330078125e+01
1.287540912628173828e+01
1.462467479705810547e+01
3.212525177001953125e+01
2.826773452758789062e+01
1.223902130126953125e+01
1.208662796020507812e+01
3.616054916381835938e+01
2.406625366210937500e+01
2.472338294982910156e+01
1.129613685607910156e+01
1.431196403503417969e+01
1.507955360412597656e+01
1.041393756866455078e+01
1.309645080566406250e+01
3.903607177734375000e+01
1.482140731811523438e+01
2.430496025085449219e+01
3.269439697265625000e+01
2.924304580688476562e+01
3.557175445556640625e+01
1.336341953277587891e+01
2.926727294921875000e+01
3.975689697265625000e+01
3.206073379516601562e+01
1.443374443054199219e+01
2.423226737976074219e+01
1.046071910858154297e+01
1.281837844848632812e+01
1.185507965087890625e+01
3.915997314453125000e+01
1.149506282806396484e+01
2.363512802124023438e+01
2.839949226379394531e+01
1.269251537322998047e+01
3.217203521728515625e+01
3.203371810913085938e+01
4.248492431640625000e+01
3.976407623291015625e+01
1.426329231262207031e+01
3.164623260498046875e+01
3.862463378906250000e+01
1.311806106567382812e+01
3.236216735839843750e+01
1.450220203399658203e+01
3.247262191772460938e+01
2.660371208190917969e+01
4.201153564453125000e+01
1.510280036926269531e+01
1.797356033325195312e+01
2.809873580932617188e+01
1.428505039215087891e+01
1.656718444824218750e+01
3.234242248535156250e+01
1.409291648864746094e+01
4.153845214843750000e+01
3.852053070068359375e+01
1.876429557800292969e+01
3.590962982177734375e+01
2.337507247924804688e+01
2.881991195678710938e+01
1.049078559875488281e+01
1.629726219177246094e+01
1.048950481414794922e+01
3.149440765380859375e+01
1.273803615570068359e+01
3.176220893859863281e+01
1.590472221374511719e+01
1.080283927917480469e+01
3.655352783203125000e+01
1.844529151916503906e+01
1.417428493499755859e+01
2.851784896850585938e+01
4.013264465332031250e+01
2.833397293090820312e+01
7.251698493957519531e+00
1.090833759307861328e+01
1.808167266845703125e+01
1.264076614379882812e+01
4.103368759155273438e+01
1.143376731872558594e+01
3.926074981689453125e+01
2.838974571228027344e+01
1.817783355712890625e+01
3.935675811767578125e+01
8.739408493041992188e+00
3.686462402343750000e+01
1.447242164611816406e+01
1.244855880737304688e+01
2.616480827331542969e+01
1.052447414398193359e+01
1.089862632751464844e+01
1.313484287261962891e+01
1.214232349395751953e+01
1.224517250061035156e+01
1.325644207000732422e+01
1.507322883605957031e+01
1.146969032287597656e+01
3.668061828613281250e+01
1.167477035522460938e+01
1.681162071228027344e+01
1.496485614776611328e+01
1.051374244689941406e+01
1.246244239807128906e+01
1.241979598999023438e+01
1.249142932891845703e+01
1.822070121765136719e+01
1.098815536499023438e+01
1.160108280181884766e+01
1.152528858184814453e+01
3.237721633911132812e+01
3.213401031494140625e+01
1.234855842590332031e+01
3.933917236328125000e+01
3.629359054565429688e+01
1.643875694274902344e+01
3.236193084716796875e+01
1.451578330993652344e+01
3.613800048828125000e+01
2.389116096496582031e+01
3.242848968505859375e+01
3.585842514038085938e+01
3.958308792114257812e+01
1.230080699920654297e+01
1.402533912658691406e+01
1.143079280853271484e+01
1.263144779205322266e+01
1.158243370056152344e+01
1.457959556579589844e+01
6.165370941162109375e+00
1.133865356445312500e+01
3.903921508789062500e+01
1.228893280029296875e+01
1.451166343688964844e+01
2.946225929260253906e+01
1.687442779541015625e+01
3.613239669799804688e+01
1.259501934051513672e+01
1.671045875549316406e+01
1.557381057739257812e+01
6.434146881103515625e+00
1.654257583618164062e+01
1.257401466369628906e+01
2.872845458984375000e+01
1.516862106323242188e+01
1.545028114318847656e+01
1.224340629577636719e+01
2.442951774597167969e+01
3.989526367187500000e+01
3.960987854003906250e+01
1.299598693847656250e+01
2.892169952392578125e+01
1.098737335205078125e+01
1.282765865325927734e+01
3.595207214355468750e+01
1.655657577514648438e+01
3.218905258178710938e+01
1.530589199066162109e+01
1.334012985229492188e+01
1.500889778137207031e+01
1.158624839782714844e+01
3.528898620605468750e+01
1.866624450683593750e+01
1.595547962188720703e+01
3.173184394836425781e+01
6.181451797485351562e+00
2.887563133239746094e+01
2.669153404235839844e+01
2.569558715820312500e+01
3.914834976196289062e+01
1.268210792541503906e+01
1.455307769775390625e+01
2.800880050659179688e+01
2.602336120605468750e+01
1.271000766754150391e+01
2.886086082458496094e+01
1.132632064819335938e+01
1.088045406341552734e+01
2.851194572448730469e+01
3.885997772216796875e+01
1.647308349609375000e+01
1.431088352203369141e+01
1.279212379455566406e+01
1.504751300811767578e+01
1.552521514892578125e+01
1.248095035552978516e+01
3.693149566650390625e+01
3.577727508544921875e+01
1.657550048828125000e+01
1.247475242614746094e+01
3.955844116210937500e+01
1.628363609313964844e+01
3.598680877685546875e+01
1.231619834899902344e+01
1.124440097808837891e+01
3.573258209228515625e+01
1.029521656036376953e+01
2.844388961791992188e+01
1.509711837768554688e+01
1.442343330383300781e+01
3.264181518554687500e+01
1.249580287933349609e+01
1.316133689880371094e+01
3.991159057617187500e+01
2.825242805480957031e+01
3.650098037719726562e+01
1.122844028472900391e+01
7.241174697875976562e+00
2.877445602416992188e+01
4.217139434814453125e+01
1.154196834564208984e+01
4.159126663208007812e+01
1.288862800598144531e+01
2.660251426696777344e+01
7.208950042724609375e+00
3.227089309692382812e+01
3.273450469970703125e+01
1.224752998352050781e+01
1.159450340270996094e+01
3.988544464111328125e+01
1.215141010284423828e+01
3.494532775878906250e+01
1.645248413085937500e+01
8.684497833251953125e+00
3.250272369384765625e+01
2.901797866821289062e+01
3.606900024414062500e+01
1.462501335144042969e+01
1.272171115875244141e+01
1.118030071258544922e+01
4.186882019042968750e+01
2.410395812988281250e+01
2.910330772399902344e+01
3.244988632202148438e+01
1.270836639404296875e+01
1.323449039459228516e+01
3.584331893920898438e+01
3.235615921020507812e+01
1.259786224365234375e+01
1.692644500732421875e+01
1.465796089172363281e+01
1.744357872009277344e+01
1.459238815307617188e+01
7.304789543151855469e+00
1.225613403320312500e+01
3.240440368652343750e+01
2.332503700256347656e+01
2.919896697998046875e+01
1.848616027832031250e+01
2.989823722839355469e+01
7.277411460876464844e+00
1.877711105346679688e+01
2.616587448120117188e+01
1.054284763336181641e+01
