1.689345550537109375e+01
3.699478912353515625e+01
1.089603805541992188e+01
4.114051818847656250e+01
3.299144363403320312e+01
1.482729148864746094e+01
4.027849197387695312e+01
9.948683738708496094e+00
3.542590713500976562e+01
3.887871932983398438e+01
4.180713653564453125e+01
2.340399932861328125e+01
1.130309104919433594e+01
2.561825180053710938e+01
1.464090919494628906e+01
3.590238571166992188e+01
1.130793476104736328e+01
1.301002788543701172e+01
1.665423965454101562e+01
1.460724639892578125e+01
2.397124481201171875e+01
1.555762863159179688e+01
2.886704063415527344e+01
1.256924247741699219e+01
3.205293273925781250e+01
1.775777053833007812e+01
2.835098457336425781e+01
1.199134635925292969e+01
1.285416221618652344e+01
4.256164550781250000e+01
2.819121551513671875e+01
2.933236885070800781e+01
3.962429046630859375e+01
1.721843528747558594e+01
3.998890304565429688e+01
4.034196472167968750e+01
1.749777984619140625e+01
1.423066425323486328e+01
3.490824890136718750e+01
7.632454872131347656e+00
1.236897277832031250e+01
3.312666702270507812e+01
9.432072639465332031e+00
1.362921237945556641e+01
1.303917598724365234e+01
1.431435680389404297e+01
2.970720481872558594e+01
1.557610511779785156e+01
1.934090995788574219e+01
1.658695220947265625e+01
2.356741523742675781e+01
1.756189346313476562e+01
2.297573471069335938e+01
3.271275329589843750e+01
1.647475624084472656e+01
2.886789512634277344e+01
1.576758956909179688e+01
1.129022312164306641e+01
2.613199996948242188e+01
3.249803924560546875e+01
1.283755970001220703e+01
1.341707611083984375e+01
1.230639457702636719e+01
1.311775398254394531e+01
1.034479618072509766e+01
2.107611846923828125e+01
1.329723358154296875e+01
2.816906929016113281e+01
1.523264694213867188e+01
1.104962062835693359e+01
2.863181495666503906e+01
6.159669876098632812e+00
3.603184127807617188e+01
1.744254684448242188e+01
1.601338195800781250e+01
1.719051742553710938e+01
2.875126838684082031e+01
1.415451812744140625e+01
3.304990386962890625e+01
1.060512924194335938e+01
1.677038764953613281e+01
3.636030197143554688e+01
1.312255287170410156e+01
2.871076202392578125e+01
3.211446762084960938e+01
3.555585479736328125e+01
1.249119758605957031e+01
3.879106521606445312e+01
2.644681358337402344e+01
3.626541519165039062e+01
3.995729064941406250e+01
2.876053619384765625e+01
1.564422702789306641e+01
1.885538101196289062e+01
3.273768234252929688e+01
1.459665966033935547e+01
2.037420082092285156e+01
2.963553810119628906e+01
1.513869094848632812e+01
1.122469806671142578e+01
3.911178588867187500e+01
3.329024505615234375e+01
4.063155364990234375e+01
2.595229721069335938e+01
1.089826202392578125e+01
2.312184143066406250e+01
2.110581207275390625e+01
1.544098663330078125e+01
2.842038345336914062e+01
2.945015335083007812e+01
1.523432731628417969e+01
6.221166610717773438e+00
3.292741775512695312e+01
1.468553161621093750e+01
2.446850776672363281e+01
3.151462936401367188e+01
2.765697860717773438e+01
1.242811012268066406e+01
2.540805625915527344e+01
4.069502258300781250e+01
1.693040657043457031e+01
1.276732444763183594e+01
1.227797889709472656e+01
2.422886276245117188e+01
1.438794994354248047e+01
9.137548446655273438e+00
1.386911106109619141e+01
3.328985977172851562e+01
2.614589309692382812e+01
3.732325363159179688e+01
4.092114257812500000e+01
1.646481513977050781e+01
1.585235595703125000e+01
1.383984661102294922e+01
3.954460144042968750e+01
4.191311645507812500e+01
3.623635864257812500e+01
1.580895233154296875e+01
1.252771377563476562e+01
1.268010139465332031e+01
3.226695251464843750e+01
1.178665161132812500e+01
6.335807800292968750e+00
3.643772506713867188e+01
1.417564868927001953e+01
4.021558380126953125e+01
1.452891921997070312e+01
1.079466056823730469e+01
4.159164047241210938e+01
1.108613777160644531e+01
3.249565887451171875e+01
1.092548465728759766e+01
1.244425773620605469e+01
2.930394935607910156e+01
1.832886886596679688e+01
1.123245525360107422e+01
1.474201107025146484e+01
3.233331298828125000e+01
2.372463989257812500e+01
2.559085273742675781e+01
2.393935394287109375e+01
2.618998336791992188e+01
1.458268737792968750e+01
2.079133415222167969e+01
2.929891395568847656e+01
1.421693038940429688e+01
1.020598411560058594e+01
1.762427902221679688e+01
1.239548873901367188e+01
2.358418655395507812e+01
1.149430751800537109e+01
1.546849346160888672e+01
3.709713363647460938e+01
1.454388618469238281e+01
1.461412620544433594e+01
1.132396984100341797e+01
1.660504722595214844e+01
1.333473110198974609e+01
3.903578948974609375e+01
2.865391731262207031e+01
2.334524154663085938e+01
1.007331275939941406e+01
1.552150917053222656e+01
1.415358734130859375e+01
1.707465171813964844e+01
1.824042892456054688e+01
3.246041107177734375e+01
1.495868778228759766e+01
1.222351932525634766e+01
1.423814678192138672e+01
1.432286071777343750e+01
2.445426559448242188e+01
1.162366199493408203e+01
3.231590270996093750e+01
1.295465183258056641e+01
1.075280666351318359e+01
1.148920059204101562e+01
1.145874500274658203e+01
1.176776123046875000e+01
2.322115707397460938e+01
2.327157592773437500e+01
2.832605552673339844e+01
2.829275131225585938e+01
1.662389755249023438e+01
1.891777992248535156e+01
2.816965866088867188e+01
1.657496452331542969e+01
1.499521732330322266e+01
1.228234767913818359e+01
9.297294616699218750e+00
2.916564941406250000e+01
7.445047378540039062e+00
3.340570068359375000e+01
3.447502899169921875e+01
3.245251464843750000e+01
3.219635772705078125e+01
4.184761810302734375e+01
1.525112342834472656e+01
1.467804908752441406e+01
1.542030715942382812e+01
3.591302108764648438e+01
2.332580947875976562e+01
6.460468292236328125e+00
1.374415874481201172e+01
1.175809288024902344e+01
2.603852272033691406e+01
4.056136322021484375e+01
3.278108215332031250e+01
1.567420673370361328e+01
2.637549591064453125e+01
3.214016342163085938e+01
1.439641189575195312e+01
1.144127655029296875e+01
3.307046127319335938e+01
3.900888061523437500e+01
1.131818485260009766e+01
3.874246215820312500e+01
1.092734432220458984e+01
1.387849330902099609e+01
2.837591552734375000e+01
3.178323745727539062e+01
3.594486236572265625e+01
2.632736206054687500e+01
1.424563121795654297e+01
2.913463211059570312e+01
1.145778846740722656e+01
3.668060302734375000e+01
3.501332855224609375e+01
1.218999767303466797e+01
4.059245681762695312e+01
1.073292446136474609e+01
1.121137714385986328e+01
1.209424495697021484e+01
3.157756233215332031e+01
1.337071704864501953e+01
2.615610313415527344e+01
3.290228271484375000e+01
2.398921585083007812e+01
1.115166282653808594e+01
2.930419921875000000e+01
3.263323974609375000e+01
2.826062583923339844e+01
2.299202537536621094e+01
1.660523414611816406e+01
1.368968582153320312e+01
2.616811370849609375e+01
1.118817901611328125e+01
1.626197052001953125e+01
3.697019577026367188e+01
4.224147033691406250e+01
1.674301338195800781e+01
1.964720535278320312e+01
1.725538635253906250e+01
3.640459442138671875e+01
2.880614471435546875e+01
1.147092437744140625e+01
3.007029724121093750e+01
3.619164276123046875e+01
1.195149421691894531e+01
2.921268844604492188e+01
2.979343032836914062e+01
2.877678680419921875e+01
1.075058269500732422e+01
1.238915538787841797e+01
3.745019531250000000e+01
1.360576438903808594e+01
4.248517227172851562e+01
1.396256542205810547e+01
3.218336105346679688e+01
1.629891967773437500e+01
1.074613571166992188e+01
3.258920669555664062e+01
3.703366088867187500e+01
3.213021087646484375e+01
1.582114791870117188e+01
1.242567062377929688e+01
1.418010997772216797e+01
1.266190719604492188e+01
2.787169265747070312e+01
1.048361206054687500e+01
2.844395446777343750e+01
2.602316284179687500e+01
1.400487136840820312e+01
1.438423156738281250e+01
4.178437042236328125e+01
1.282799625396728516e+01
1.578827095031738281e+01
2.933979225158691406e+01
7.110184669494628906e+00
1.485858917236328125e+01
1.339933109283447266e+01
3.680754470825195312e+01
1.482717514038085938e+01
2.564925765991210938e+01
1.849465179443359375e+01
2.860393524169921875e+01
2.825882911682128906e+01
1.074835968017578125e+01
1.474148368835449219e+01
2.854123687744140625e+01
9.922216415405273438e+00
4.243051147460937500e+01
1.492614078521728516e+01
1.285339832305908203e+01
2.889062118530273438e+01
1.562496852874755859e+01
1.376391792297363281e+01
1.166791725158691406e+01
1.060290527343750000e+01
2.633507347106933594e+01
1.286479377746582031e+01
1.047746944427490234e+01
2.592276382446289062e+01
3.662126159667968750e+01
1.147605133056640625e+01
2.416674613952636719e+01
1.197773647308349609e+01
3.583848190307617188e+01
1.410248374938964844e+01
2.833317565917968750e+01
2.395381546020507812e+01
3.225971221923828125e+01
3.970732879638671875e+01
2.847513771057128906e+01
3.293298339843750000e+01
3.339533996582031250e+01
2.895381164550781250e+01
3.188006591796875000e+01
1.845946884155273438e+01
1.146579742431640625e+01
3.147978591918945312e+01
3.667671966552734375e+01
3.609559631347656250e+01
3.221744537353515625e+01
1.293666648864746094e+01
3.289833068847656250e+01
1.437979221343994141e+01
1.182611942291259766e+01
2.880439758300781250e+01
1.165381431579589844e+01
1.290158843994140625e+01
1.172654533386230469e+01
2.881672668457031250e+01
3.488760375976562500e+01
2.894051551818847656e+01
1.350149726867675781e+01
3.632478332519531250e+01
1.939309120178222656e+01
1.981022453308105469e+01
2.857483291625976562e+01
2.854573059082031250e+01
1.196698474884033203e+01
1.368877887725830078e+01
3.150163459777832031e+01
1.426272869110107422e+01
2.875077056884765625e+01
1.456301498413085938e+01
3.180403518676757812e+01
1.526959609985351562e+01
6.198862075805664062e+00
3.649077987670898438e+01
4.040543365478515625e+01
2.396428298950195312e+01
2.625344848632812500e+01
1.265508937835693359e+01
1.222129440307617188e+01
2.594540405273437500e+01
3.203993606567382812e+01
1.148457622528076172e+01
2.789662551879882812e+01
1.034470748901367188e+01
1.308419132232666016e+01
3.885011291503906250e+01
1.933973121643066406e+01
1.524540138244628906e+01
1.815199279785156250e+01
1.960089874267578125e+01
2.600886154174804688e+01
9.924827575683593750e+00
3.650358963012695312e+01
1.372353553771972656e+01
2.592524337768554688e+01
9.928356170654296875e+00
3.904455947875976562e+01
1.754341697692871094e+01
7.212867736816406250e+00
1.775002288818359375e+01
3.672363662719726562e+01
1.516347503662109375e+01
1.667515945434570312e+01
2.852078628540039062e+01
3.252297210693359375e+01
3.936680984497070312e+01
2.556771087646484375e+01
3.109217071533203125e+01
2.860971260070800781e+01
1.418558120727539062e+01
1.033865642547607422e+01
4.142971038818359375e+01
2.855399322509765625e+01
1.089381408691406250e+01
1.245643806457519531e+01
1.962722396850585938e+01
1.179177856445312500e+01
2.302252769470214844e+01
3.984913635253906250e+01
1.288582134246826172e+01
1.220217895507812500e+01
2.813626861572265625e+01
1.397474956512451172e+01
1.450659370422363281e+01
2.482662010192871094e+01
2.414817237854003906e+01
1.373955535888671875e+01
1.333391952514648438e+01
2.562733840942382812e+01
3.626339340209960938e+01
1.358688449859619141e+01
3.337230300903320312e+01
1.684050369262695312e+01
4.008776473999023438e+01
1.438727569580078125e+01
3.343577575683593750e+01
1.460449981689453125e+01
1.691603279113769531e+01
1.329712104797363281e+01
1.234651660919189453e+01
1.385329914093017578e+01
1.333456802368164062e+01
3.226412582397460938e+01
2.570171928405761719e+01
1.722350692749023438e+01
1.845501136779785156e+01
3.916436004638671875e+01
3.229254531860351562e+01
3.139255523681640625e+01
3.594812011718750000e+01
1.442474365234375000e+01
2.949211502075195312e+01
2.862931060791015625e+01
2.820596504211425781e+01
3.612914657592773438e+01
1.308095741271972656e+01
2.835395812988281250e+01
3.246550750732421875e+01
2.621174430847167969e+01
2.554718971252441406e+01
1.439475822448730469e+01
3.225839233398437500e+01
2.808640861511230469e+01
3.170560455322265625e+01
1.237119674682617188e+01
2.653303909301757812e+01
4.056808471679687500e+01
1.734479141235351562e+01
2.441864395141601562e+01
7.388648986816406250e+00
2.365715026855468750e+01
1.113234519958496094e+01
1.670027351379394531e+01
2.800525474548339844e+01
1.112265682220458984e+01
3.663031387329101562e+01
1.193477058410644531e+01
4.202063751220703125e+01
3.247310638427734375e+01
3.919953155517578125e+01
2.346336364746093750e+01
1.502937793731689453e+01
1.863634490966796875e+01
3.181716537475585938e+01
1.525919342041015625e+01
3.530017852783203125e+01
1.897595787048339844e+01
2.444357490539550781e+01
1.487572669982910156e+01
3.191420745849609375e+01
1.749906730651855469e+01
1.399637603759765625e+01
2.619311332702636719e+01
1.272600841522216797e+01
1.395038700103759766e+01
9.934499740600585938e+00
2.402223587036132812e+01
1.135574626922607422e+01
3.571275329589843750e+01
1.723690986633300781e+01
1.135416698455810547e+01
4.190877914428710938e+01
2.907954025268554688e+01
1.163391494750976562e+01
2.837614059448242188e+01
3.237307739257812500e+01
1.075503063201904297e+01
1.304415798187255859e+01
1.519045066833496094e+01
4.156184387207031250e+01
3.177078628540039062e+01
3.905840301513671875e+01
1.567838859558105469e+01
3.276261520385742188e+01
3.239373779296875000e+01
2.412392044067382812e+01
7.257637023925781250e+00
2.847158050537109375e+01
1.011394882202148438e+01
2.303115463256835938e+01
3.280318450927734375e+01
1.318673706054687500e+01
1.472236919403076172e+01
1.204832077026367188e+01
3.320845794677734375e+01
4.098461151123046875e+01
3.282528686523437500e+01
1.166609668731689453e+01
1.194451713562011719e+01
2.603491210937500000e+01
1.527679443359375000e+01
1.269829750061035156e+01
1.560428810119628906e+01
1.597225666046142578e+01
2.623353576660156250e+01
3.179283523559570312e+01
4.199617385864257812e+01
1.777735900878906250e+01
1.903225517272949219e+01
1.179876804351806641e+01
1.279119777679443359e+01
3.639101409912109375e+01
1.298633003234863281e+01
1.110012722015380859e+01
2.881143569946289062e+01
3.233977890014648438e+01
1.065291118621826172e+01
3.647755050659179688e+01
2.843471336364746094e+01
3.474296188354492188e+01
2.564028358459472656e+01
3.612532806396484375e+01
4.195895385742187500e+01
1.520016765594482422e+01
2.544297790527343750e+01
3.624955749511718750e+01
1.575718784332275391e+01
2.875331497192382812e+01
2.881038665771484375e+01
3.474417877197265625e+01
1.053503608703613281e+01
1.150605583190917969e+01
2.816897010803222656e+01
2.547081565856933594e+01
1.691193199157714844e+01
1.293631553649902344e+01
1.117022132873535156e+01
1.282172107696533203e+01
4.174978637695312500e+01
1.197916412353515625e+01
3.270135116577148438e+01
1.259610748291015625e+01
1.375173664093017578e+01
4.104808044433593750e+01
1.283596611022949219e+01
1.366989231109619141e+01
3.275981140136718750e+01
1.894382095336914062e+01
3.602991104125976562e+01
9.510035514831542969e+00
3.009990119934082031e+01
2.831357955932617188e+01
1.017929363250732422e+01
1.453640365600585938e+01
2.882112503051757812e+01
1.006102848052978516e+01
1.344387245178222656e+01
1.467770385742187500e+01
6.425863265991210938e+00
1.019984436035156250e+01
1.482442855834960938e+01
1.378270530700683594e+01
2.420392990112304688e+01
1.417339706420898438e+01
3.216313552856445312e+01
3.514324188232421875e+01
1.207584190368652344e+01
1.430034828186035156e+01
2.317221450805664062e+01
1.916285705566406250e+01
1.478135490417480469e+01
3.888434600830078125e+01
1.854790687561035156e+01
2.596954917907714844e+01
7.067102432250976562e+00
1.539962291717529297e+01
1.135234737396240234e+01
1.718364334106445312e+01
1.010666942596435547e+01
1.100541877746582031e+01
1.660174942016601562e+01
1.514789199829101562e+01
2.572580718994140625e+01
1.180491065979003906e+01
2.895427322387695312e+01
3.615181732177734375e+01
1.713507080078125000e+01
3.334260177612304688e+01
3.192720413208007812e+01
2.308657455444335938e+01
3.928086090087890625e+01
1.077078723907470703e+01
1.483465957641601562e+01
1.355008220672607422e+01
3.186767578125000000e+01
1.318612670898437500e+01
3.696369934082031250e+01
4.157972717285156250e+01
2.592554092407226562e+01
3.259593582153320312e+01
1.547343826293945312e+01
3.204367828369140625e+01
1.506353950500488281e+01
3.223345947265625000e+01
1.284327602386474609e+01
3.178377914428710938e+01
3.923664855957031250e+01
2.417900085449218750e+01
1.302822303771972656e+01
2.811133575439453125e+01
3.349924468994140625e+01
3.248774337768554688e+01
1.194964122772216797e+01
3.608703231811523438e+01
1.479026794433593750e+01
3.169879913330078125e+01
1.223821449279785156e+01
1.297049140930175781e+01
1.131306171417236328e+01
1.060068225860595703e+01
2.800201416015625000e+01
3.957305145263671875e+01
1.307154178619384766e+01
2.584435272216796875e+01
3.856840133666992188e+01
1.444042778015136719e+01
3.201874542236328125e+01
1.006716918945312500e+01
1.660542488098144531e+01
1.113647270202636719e+01
1.021212768554687500e+01
1.071332359313964844e+01
2.566679954528808594e+01
2.374825859069824219e+01
2.402601623535156250e+01
2.342512321472167969e+01
2.558402824401855469e+01
1.537894439697265625e+01
2.352977752685546875e+01
1.139226341247558594e+01
3.172071456909179688e+01
1.653493118286132812e+01
4.190797424316406250e+01
1.263323783874511719e+01
3.988114166259765625e+01
2.529471969604492188e+01
2.883520698547363281e+01
1.872478103637695312e+01
1.543927764892578125e+01
2.861556053161621094e+01
3.598190307617187500e+01
1.558360671997070312e+01
3.959457397460937500e+01
1.241300964355468750e+01
