1.329724979400634766e+01
7.357864379882812500e+00
3.598231887817382812e+01
1.480063819885253906e+01
2.402498626708984375e+01
1.403888893127441406e+01
1.623903846740722656e+01
2.391743469238281250e+01
1.099688148498535156e+01
1.429119873046875000e+01
2.550839233398437500e+01
9.855360031127929688e+00
2.341564559936523438e+01
3.255797958374023438e+01
1.393108844757080078e+01
2.663792419433593750e+01
3.619364929199218750e+01
1.089924716949462891e+01
1.266493892669677734e+01
1.680387115478515625e+01
1.007261276245117188e+01
4.016794586181640625e+01
4.225433731079101562e+01
2.681504058837890625e+01
3.658680343627929688e+01
1.495303535461425781e+01
2.901913452148437500e+01
3.667317581176757812e+01
1.287935352325439453e+01
2.575502777099609375e+01
2.814538955688476562e+01
1.735311126708984375e+01
3.895586013793945312e+01
1.234719657897949219e+01
1.089607620239257812e+01
1.021375274658203125e+01
2.872820091247558594e+01
1.530292320251464844e+01
1.190228176116943359e+01
3.643440246582031250e+01
3.940452194213867188e+01
2.628114700317382812e+01
1.285902595520019531e+01
3.140148925781250000e+01
2.309514045715332031e+01
1.559274864196777344e+01
1.292548847198486328e+01
1.434605407714843750e+01
1.424120140075683594e+01
2.946361351013183594e+01
1.038501644134521484e+01
1.216570663452148438e+01
1.440426254272460938e+01
1.194420242309570312e+01
1.712903022766113281e+01
2.986222839355468750e+01
2.901224327087402344e+01
1.059190750122070312e+01
1.265243911743164062e+01
3.287652206420898438e+01
1.173228931427001953e+01
3.276767349243164062e+01
1.883161544799804688e+01
7.571626663208007812e+00
2.920485305786132812e+01
1.160149669647216797e+01
3.241562271118164062e+01
1.758140945434570312e+01
1.300349903106689453e+01
4.010100555419921875e+01
4.255690002441406250e+01
1.472835540771484375e+01
2.465201187133789062e+01
4.221431350708007812e+01
1.448877525329589844e+01
3.567514801025390625e+01
4.225406646728515625e+01
1.569799804687500000e+01
2.901562500000000000e+01
2.875783157348632812e+01
1.105742931365966797e+01
3.196947479248046875e+01
3.263253784179687500e+01
2.871900939941406250e+01
1.051158905029296875e+01
3.235650634765625000e+01
3.284605789184570312e+01
3.230124282836914062e+01
2.401581001281738281e+01
1.483868408203125000e+01
1.419705486297607422e+01
1.353737163543701172e+01
1.113337230682373047e+01
2.898021125793457031e+01
3.969245147705078125e+01
3.248098373413085938e+01
1.461734008789062500e+01
2.019203948974609375e+01
1.218358230590820312e+01
1.216848659515380859e+01
2.579762268066406250e+01
3.967579650878906250e+01
3.205142211914062500e+01
1.169876480102539062e+01
3.923770904541015625e+01
1.174497890472412109e+01
1.010419940948486328e+01
1.517063140869140625e+01
3.876704406738281250e+01
1.195977497100830078e+01
3.221295166015625000e+01
3.925434112548828125e+01
1.472977828979492188e+01
3.927848434448242188e+01
1.040043544769287109e+01
1.440896224975585938e+01
1.176045703887939453e+01
1.688223457336425781e+01
1.084060859680175781e+01
4.191286468505859375e+01
2.573369598388671875e+01
1.424719047546386719e+01
2.877897071838378906e+01
4.252048873901367188e+01
1.676739692687988281e+01
2.348340797424316406e+01
1.379267311096191406e+01
2.580981826782226562e+01
3.963928222656250000e+01
2.352040863037109375e+01
1.959674072265625000e+01
1.231222534179687500e+01
1.510086631774902344e+01
4.212106704711914062e+01
3.279095840454101562e+01
2.368993949890136719e+01
1.450905132293701172e+01
1.403555774688720703e+01
3.979946517944335938e+01
2.881522369384765625e+01
3.645812225341796875e+01
1.523022365570068359e+01
3.254242706298828125e+01
3.695804977416992188e+01
1.882497596740722656e+01
7.720904350280761719e+00
2.659466552734375000e+01
1.522533702850341797e+01
3.902120971679687500e+01
1.363904857635498047e+01
1.931123733520507812e+01
2.462698745727539062e+01
1.392159271240234375e+01
1.876751708984375000e+01
1.167408561706542969e+01
1.233623313903808594e+01
1.437542152404785156e+01
1.188872432708740234e+01
2.555868339538574219e+01
3.668941116333007812e+01
1.005667972564697266e+01
2.882498168945312500e+01
1.103680229187011719e+01
1.184977436065673828e+01
1.671277236938476562e+01
2.833397674560546875e+01
1.304329776763916016e+01
2.925921821594238281e+01
2.934386825561523438e+01
1.506781005859375000e+01
1.822724533081054688e+01
3.618479156494140625e+01
1.280595684051513672e+01
1.504603195190429688e+01
3.218255615234375000e+01
3.268595886230468750e+01
2.380665969848632812e+01
1.549239253997802734e+01
3.555254364013671875e+01
1.887614250183105469e+01
2.405846786499023438e+01
1.337505149841308594e+01
1.766073799133300781e+01
9.900440216064453125e+00
1.436013793945312500e+01
2.598633766174316406e+01
2.641060256958007812e+01
4.023598098754882812e+01
1.317791938781738281e+01
3.244126892089843750e+01
2.832481193542480469e+01
1.317324066162109375e+01
1.296783256530761719e+01
4.037012481689453125e+01
1.008478069305419922e+01
1.375669097900390625e+01
1.541051292419433594e+01
1.441864871978759766e+01
1.227378273010253906e+01
1.251041412353515625e+01
3.552212142944335938e+01
1.160873603820800781e+01
4.173429107666015625e+01
2.832696914672851562e+01
2.918204116821289062e+01
1.357171916961669922e+01
2.362251472473144531e+01
1.315575981140136719e+01
3.983766174316406250e+01
3.966561889648437500e+01
2.348833847045898438e+01
1.370119571685791016e+01
2.897293853759765625e+01
1.286643695831298828e+01
2.903565025329589844e+01
3.272455596923828125e+01
2.913022232055664062e+01
6.312849998474121094e+00
1.882649040222167969e+01
1.418499374389648438e+01
3.589817047119140625e+01
1.180781745910644531e+01
9.979533195495605469e+00
1.118590545654296875e+01
1.045496177673339844e+01
1.514477539062500000e+01
1.066083717346191406e+01
1.320608520507812500e+01
3.209672546386718750e+01
2.840067291259765625e+01
1.325957489013671875e+01
3.662411880493164062e+01
1.111279964447021484e+01
2.871231269836425781e+01
2.947220420837402344e+01
2.877404403686523438e+01
1.545747947692871094e+01
1.890562248229980469e+01
1.471954536437988281e+01
1.268533420562744141e+01
1.426711273193359375e+01
1.310987377166748047e+01
1.445922565460205078e+01
3.584795761108398438e+01
3.579639053344726562e+01
1.560912895202636719e+01
1.693615531921386719e+01
1.646319580078125000e+01
3.150125503540039062e+01
2.831817436218261719e+01
3.584330749511718750e+01
3.919593811035156250e+01
2.859391593933105469e+01
1.143884372711181641e+01
1.223912715911865234e+01
2.387937545776367188e+01
1.210918045043945312e+01
2.402118492126464844e+01
2.413918495178222656e+01
2.869705009460449219e+01
8.774346351623535156e+00
1.935500335693359375e+01
4.251018524169921875e+01
2.384982681274414062e+01
3.937625885009765625e+01
4.101580047607421875e+01
1.452740287780761719e+01
1.805876159667968750e+01
1.203580379486083984e+01
2.420117759704589844e+01
1.309542942047119141e+01
2.647864532470703125e+01
1.392633724212646484e+01
4.007292938232421875e+01
2.636230278015136719e+01
1.319833087921142578e+01
1.636505126953125000e+01
1.656424713134765625e+01
1.236606979370117188e+01
2.559693336486816406e+01
1.746056175231933594e+01
2.863212394714355469e+01
2.373602676391601562e+01
1.097650146484375000e+01
1.181532764434814453e+01
1.917736816406250000e+01
3.662394714355468750e+01
3.911666107177734375e+01
1.505847263336181641e+01
3.258763885498046875e+01
2.846564483642578125e+01
1.058417510986328125e+01
3.205159759521484375e+01
1.213834190368652344e+01
1.456707763671875000e+01
3.258428955078125000e+01
1.417233753204345703e+01
1.570520782470703125e+01
3.652729797363281250e+01
3.276898956298828125e+01
2.645296096801757812e+01
3.236775970458984375e+01
3.964962005615234375e+01
3.228861236572265625e+01
3.305736923217773438e+01
2.321869468688964844e+01
1.016311264038085938e+01
1.374722385406494141e+01
3.636614990234375000e+01
1.144800090789794922e+01
2.257637786865234375e+01
1.387740230560302734e+01
1.532991504669189453e+01
1.730543518066406250e+01
3.265111541748046875e+01
1.205855655670166016e+01
3.609961700439453125e+01
3.255982208251953125e+01
1.182828330993652344e+01
1.760439300537109375e+01
1.079852294921875000e+01
1.131539344787597656e+01
1.310659122467041016e+01
3.545203781127929688e+01
3.242440795898437500e+01
1.199422359466552734e+01
1.254524517059326172e+01
1.216319561004638672e+01
2.534846115112304688e+01
3.620148086547851562e+01
4.220514678955078125e+01
2.408690452575683594e+01
1.672184371948242188e+01
3.262703323364257812e+01
1.440237045288085938e+01
1.453009128570556641e+01
1.517374420166015625e+01
2.859255218505859375e+01
1.127586269378662109e+01
1.682541275024414062e+01
4.177740478515625000e+01
2.869676208496093750e+01
1.028701591491699219e+01
2.846744346618652344e+01
3.549761962890625000e+01
3.673400878906250000e+01
3.982337188720703125e+01
1.194525718688964844e+01
1.653773307800292969e+01
1.891541862487792969e+01
2.835873794555664062e+01
1.289224720001220703e+01
2.403693771362304688e+01
3.662609863281250000e+01
9.290349006652832031e+00
3.182585144042968750e+01
2.426115036010742188e+01
3.607139205932617188e+01
2.599938201904296875e+01
1.723609924316406250e+01
2.828299140930175781e+01
1.500895309448242188e+01
1.603138160705566406e+01
1.416525363922119141e+01
3.659797668457031250e+01
1.152637958526611328e+01
2.622076988220214844e+01
2.817541503906250000e+01
2.414688491821289062e+01
3.266086578369140625e+01
1.518223285675048828e+01
3.249460220336914062e+01
1.206402873992919922e+01
2.588520622253417969e+01
1.409660911560058594e+01
1.389118957519531250e+01
2.949966812133789062e+01
1.005316925048828125e+01
2.849662780761718750e+01
2.847909545898437500e+01
3.651379776000976562e+01
4.197264099121093750e+01
4.021432876586914062e+01
1.477009296417236328e+01
2.436984634399414062e+01
3.870166397094726562e+01
3.920617675781250000e+01
3.248651504516601562e+01
1.394712257385253906e+01
1.861715698242187500e+01
3.233742523193359375e+01
1.198174953460693359e+01
3.293853759765625000e+01
3.629894256591796875e+01
2.411084556579589844e+01
1.950636672973632812e+01
1.674679756164550781e+01
2.611100006103515625e+01
3.270787811279296875e+01
9.055065155029296875e+00
1.276959514617919922e+01
2.979092025756835938e+01
1.188920307159423828e+01
8.883009910583496094e+00
3.673827362060546875e+01
1.725582695007324219e+01
2.958522033691406250e+01
1.214840602874755859e+01
5.791759490966796875e+00
4.048313140869140625e+01
3.249227142333984375e+01
4.035446929931640625e+01
1.046565628051757812e+01
1.244397354125976562e+01
4.170008850097656250e+01
1.297316169738769531e+01
2.614131355285644531e+01
6.833044052124023438e+00
1.455253219604492188e+01
2.577163505554199219e+01
2.837213897705078125e+01
2.888316726684570312e+01
1.565933418273925781e+01
1.314689540863037109e+01
1.152918338775634766e+01
3.229843139648437500e+01
2.925524139404296875e+01
1.259195709228515625e+01
3.861965942382812500e+01
2.858823966979980469e+01
2.838067054748535156e+01
1.721515464782714844e+01
3.252207565307617188e+01
1.533017635345458984e+01
1.072309589385986328e+01
1.519297504425048828e+01
1.439282798767089844e+01
3.644198608398437500e+01
7.085516929626464844e+00
3.209478759765625000e+01
1.423939418792724609e+01
3.961297607421875000e+01
2.933760833740234375e+01
1.310608863830566406e+01
2.866537094116210938e+01
2.025571441650390625e+01
1.298541164398193359e+01
1.008795356750488281e+01
1.003977203369140625e+01
1.701541137695312500e+01
1.451831436157226562e+01
2.566380500793457031e+01
5.644916534423828125e+00
9.909498214721679688e+00
3.185209083557128906e+01
1.699521255493164062e+01
2.895231056213378906e+01
1.046108627319335938e+01
2.625014877319335938e+01
1.145084190368652344e+01
1.554932594299316406e+01
2.595977210998535156e+01
1.047494220733642578e+01
1.501363277435302734e+01
3.587737655639648438e+01
3.686112976074218750e+01
1.137280845642089844e+01
3.228281021118164062e+01
3.639842605590820312e+01
1.439400577545166016e+01
1.905096244812011719e+01
1.443442535400390625e+01
2.406888580322265625e+01
1.205792808532714844e+01
2.440681838989257812e+01
1.698050498962402344e+01
1.170069503784179688e+01
2.313156700134277344e+01
2.877736663818359375e+01
1.090866374969482422e+01
3.252067184448242188e+01
2.896979522705078125e+01
1.069850063323974609e+01
3.862360000610351562e+01
3.215686416625976562e+01
1.220121860504150391e+01
2.850397682189941406e+01
3.224213790893554688e+01
3.956545257568359375e+01
1.452610206604003906e+01
2.341456604003906250e+01
3.255975723266601562e+01
1.422100639343261719e+01
1.207835769653320312e+01
1.156252193450927734e+01
1.370141315460205078e+01
2.338781738281250000e+01
2.608992004394531250e+01
3.611830139160156250e+01
2.944702148437500000e+01
1.218295955657958984e+01
3.655060577392578125e+01
2.895122528076171875e+01
1.653754425048828125e+01
1.392002201080322266e+01
1.145068836212158203e+01
3.555148696899414062e+01
1.553741168975830078e+01
2.660925292968750000e+01
3.520909881591796875e+01
2.636706733703613281e+01
2.427242851257324219e+01
1.228584384918212891e+01
1.261767673492431641e+01
1.282225322723388672e+01
2.400434112548828125e+01
1.270455741882324219e+01
3.857725524902343750e+01
1.100890064239501953e+01
3.927536010742187500e+01
2.407398796081542969e+01
1.522346401214599609e+01
3.195907592773437500e+01
3.284326171875000000e+01
2.552923011779785156e+01
3.244803619384765625e+01
1.060425281524658203e+01
1.411619186401367188e+01
1.286771869659423828e+01
1.525793552398681641e+01
1.301833820343017578e+01
3.512158203125000000e+01
3.250510406494140625e+01
1.238833332061767578e+01
1.534418773651123047e+01
3.572084045410156250e+01
2.437928581237792969e+01
1.235468673706054688e+01
1.687310028076171875e+01
2.630654716491699219e+01
2.640333175659179688e+01
2.596191024780273438e+01
1.390940570831298828e+01
1.421953678131103516e+01
6.255165100097656250e+00
1.253829860687255859e+01
1.519786643981933594e+01
2.921587944030761719e+01
3.903016281127929688e+01
1.641942024230957031e+01
2.585605621337890625e+01
1.152805137634277344e+01
2.946915817260742188e+01
3.252525329589843750e+01
1.083762741088867188e+01
2.867007255554199219e+01
1.035988044738769531e+01
1.519367408752441406e+01
6.981245040893554688e+00
1.199378395080566406e+01
2.332437515258789062e+01
2.788193321228027344e+01
1.114035034179687500e+01
3.556198501586914062e+01
1.213556766510009766e+01
3.548206329345703125e+01
1.000212478637695312e+01
1.452782249450683594e+01
2.432084846496582031e+01
1.676917076110839844e+01
1.201725673675537109e+01
3.570971679687500000e+01
2.437082290649414062e+01
2.665503501892089844e+01
4.100360107421875000e+01
3.209967803955078125e+01
1.411462974548339844e+01
1.290344333648681641e+01
1.483352375030517578e+01
2.893045425415039062e+01
9.978225708007812500e+00
3.277460479736328125e+01
3.263362884521484375e+01
2.863237190246582031e+01
1.021548557281494141e+01
1.747718238830566406e+01
1.183624744415283203e+01
2.863602066040039062e+01
1.940964126586914062e+01
3.604760360717773438e+01
2.848623657226562500e+01
1.898241615295410156e+01
3.141095352172851562e+01
2.927602958679199219e+01
3.669823455810546875e+01
3.280264282226562500e+01
1.240608119964599609e+01
3.468577575683593750e+01
1.254539585113525391e+01
3.161973953247070312e+01
1.668207550048828125e+01
1.431516456604003906e+01
1.065622425079345703e+01
3.636242294311523438e+01
1.901131629943847656e+01
1.238528633117675781e+01
1.445124816894531250e+01
2.964755249023437500e+01
1.561814117431640625e+01
3.265786361694335938e+01
1.677388572692871094e+01
3.295721817016601562e+01
1.094811153411865234e+01
2.680787849426269531e+01
1.292046642303466797e+01
3.978213500976562500e+01
1.671143531799316406e+01
1.503704261779785156e+01
2.802677154541015625e+01
2.832015800476074219e+01
1.127047634124755859e+01
2.873373603820800781e+01
1.284220123291015625e+01
1.281546306610107422e+01
1.250313854217529297e+01
1.205771350860595703e+01
2.948763656616210938e+01
1.408072185516357422e+01
1.466425704956054688e+01
3.614278793334960938e+01
2.410399055480957031e+01
1.224573516845703125e+01
2.292298316955566406e+01
2.914877891540527344e+01
2.385761451721191406e+01
1.273735141754150391e+01
5.667222976684570312e+00
2.944085121154785156e+01
2.875038909912109375e+01
3.879727554321289062e+01
3.258895111083984375e+01
1.409445190429687500e+01
1.187839221954345703e+01
1.067560863494873047e+01
4.022773742675781250e+01
2.641703224182128906e+01
1.189271736145019531e+01
1.309093952178955078e+01
1.687286949157714844e+01
1.522882843017578125e+01
1.383300876617431641e+01
1.608506584167480469e+01
1.890850067138671875e+01
3.510397338867187500e+01
3.312948608398437500e+01
1.214313793182373047e+01
1.379380893707275391e+01
1.370916271209716797e+01
3.117943191528320312e+01
7.580791473388671875e+00
1.511758232116699219e+01
2.916351699829101562e+01
2.526481246948242188e+01
1.720342445373535156e+01
1.133671951293945312e+01
2.836455917358398438e+01
1.643372344970703125e+01
6.400215148925781250e+00
5.954076766967773438e+00
3.257041168212890625e+01
1.446293449401855469e+01
1.304554557800292969e+01
1.550402069091796875e+01
2.849504470825195312e+01
1.213810539245605469e+01
1.830918502807617188e+01
1.438742446899414062e+01
3.672137451171875000e+01
1.448475646972656250e+01
3.170863914489746094e+01
4.160052871704101562e+01
3.900084304809570312e+01
1.015097332000732422e+01
3.623359680175781250e+01
3.257694244384765625e+01
1.562998962402343750e+01
1.142627620697021484e+01
1.727275466918945312e+01
3.207791137695312500e+01
1.437974357604980469e+01
1.261607456207275391e+01
