3.687789154052734375e+01
2.863884353637695312e+01
1.672298431396484375e+01
2.960793304443359375e+01
1.569194221496582031e+01
3.628053283691406250e+01
1.616417312622070312e+01
1.389845275878906250e+01
1.264866161346435547e+01
2.445185279846191406e+01
1.263467788696289062e+01
1.706912803649902344e+01
1.152616786956787109e+01
2.652309417724609375e+01
3.987910461425781250e+01
1.389871883392333984e+01
3.912440490722656250e+01
1.439986991882324219e+01
3.877974700927734375e+01
1.375020885467529297e+01
1.176921367645263672e+01
1.691857719421386719e+01
7.638738632202148438e+00
2.479560470581054688e+01
1.516790390014648438e+01
3.573384094238281250e+01
1.109819412231445312e+01
1.252432918548583984e+01
1.900366973876953125e+01
1.475439453125000000e+01
2.714749145507812500e+01
2.922632026672363281e+01
2.641157150268554688e+01
1.712846183776855469e+01
1.262639904022216797e+01
1.240558338165283203e+01
4.011872100830078125e+01
2.861703681945800781e+01
1.196182346343994141e+01
6.991133689880371094e+00
1.462199974060058594e+01
1.911540222167968750e+01
2.663320541381835938e+01
1.119802856445312500e+01
1.158248519897460938e+01
3.230346298217773438e+01
2.825286483764648438e+01
1.109489345550537109e+01
1.418707942962646484e+01
3.174807739257812500e+01
1.171720504760742188e+01
3.285788726806640625e+01
1.659101104736328125e+01
3.687384414672851562e+01
3.279732131958007812e+01
4.124185943603515625e+01
1.322503566741943359e+01
1.157752227783203125e+01
2.697137641906738281e+01
3.663673019409179688e+01
2.638884353637695312e+01
3.525215148925781250e+01
3.234757995605468750e+01
2.355491638183593750e+01
1.067526245117187500e+01
3.216611480712890625e+01
3.265992736816406250e+01
1.232080459594726562e+01
3.551560211181640625e+01
1.362822914123535156e+01
1.916246032714843750e+01
1.417656040191650391e+01
1.300319576263427734e+01
2.349718856811523438e+01
1.183345699310302734e+01
3.670108032226562500e+01
2.366115760803222656e+01
1.273869609832763672e+01
6.820302009582519531e+00
3.270136260986328125e+01
1.449510574340820312e+01
1.681799697875976562e+01
3.255708694458007812e+01
1.492471122741699219e+01
3.574946594238281250e+01
2.862921905517578125e+01
2.363039779663085938e+01
1.599909591674804688e+01
1.108646202087402344e+01
1.288127136230468750e+01
3.575307846069335938e+01
1.083305931091308594e+01
1.454191207885742188e+01
1.289828586578369141e+01
3.533863067626953125e+01
1.971920204162597656e+01
1.078264522552490234e+01
3.244969558715820312e+01
3.634878921508789062e+01
1.392039489746093750e+01
2.871457862854003906e+01
3.222399139404296875e+01
1.313879394531250000e+01
2.144011497497558594e+01
1.352038383483886719e+01
1.175477981567382812e+01
2.933550643920898438e+01
1.700015068054199219e+01
1.273425006866455078e+01
2.541048049926757812e+01
3.341304779052734375e+01
2.602109336853027344e+01
1.270541095733642578e+01
1.491378402709960938e+01
1.240717029571533203e+01
1.815411186218261719e+01
3.887158966064453125e+01
3.838875579833984375e+01
2.983346748352050781e+01
1.494065570831298828e+01
1.304189109802246094e+01
2.979249954223632812e+01
3.238874816894531250e+01
2.454720115661621094e+01
1.562398529052734375e+01
4.153534698486328125e+01
1.492562866210937500e+01
1.089084339141845703e+01
4.006471252441406250e+01
1.435639572143554688e+01
2.614108657836914062e+01
2.906271934509277344e+01
3.293135070800781250e+01
2.623048210144042969e+01
1.656103324890136719e+01
2.892938804626464844e+01
8.155045509338378906e+00
1.066437625885009766e+01
2.916122817993164062e+01
3.619575500488281250e+01
1.198156738281250000e+01
3.551959609985351562e+01
2.698679351806640625e+01
3.945944976806640625e+01
2.963995552062988281e+01
1.858368492126464844e+01
3.562510681152343750e+01
1.984690093994140625e+01
1.804928588867187500e+01
3.890596771240234375e+01
3.234279632568359375e+01
1.332194232940673828e+01
3.554103851318359375e+01
3.251720428466796875e+01
1.437881660461425781e+01
1.567830753326416016e+01
2.462666702270507812e+01
1.586840438842773438e+01
1.621200942993164062e+01
1.237058448791503906e+01
1.556818199157714844e+01
1.450972175598144531e+01
1.446680831909179688e+01
3.257734298706054688e+01
4.233656692504882812e+01
3.662599182128906250e+01
8.049733161926269531e+00
3.231004333496093750e+01
3.624253082275390625e+01
1.499127769470214844e+01
3.242422485351562500e+01
2.589477920532226562e+01
2.972156333923339844e+01
1.677740478515625000e+01
1.321789455413818359e+01
3.142398834228515625e+01
1.448013877868652344e+01
1.166976070404052734e+01
3.717522048950195312e+01
7.020953178405761719e+00
2.426509284973144531e+01
1.673674011230468750e+01
7.078760147094726562e+00
8.100665092468261719e+00
1.453104877471923828e+01
1.146004390716552734e+01
3.224965667724609375e+01
1.461251926422119141e+01
3.728061676025390625e+01
2.098579216003417969e+01
4.270991897583007812e+01
4.191912078857421875e+01
3.276104354858398438e+01
2.857790565490722656e+01
1.257743644714355469e+01
1.201248741149902344e+01
1.421254444122314453e+01
4.164920043945312500e+01
3.733184814453125000e+01
1.722320938110351562e+01
3.556159591674804688e+01
2.608435058593750000e+01
1.476111412048339844e+01
1.287283897399902344e+01
2.934436798095703125e+01
3.241494750976562500e+01
1.661898612976074219e+01
1.223359584808349609e+01
1.085701847076416016e+01
1.355536842346191406e+01
1.218356227874755859e+01
3.287710952758789062e+01
3.272207260131835938e+01
1.197169494628906250e+01
3.527502822875976562e+01
3.309377670288085938e+01
2.585903167724609375e+01
1.076121234893798828e+01
1.147691822052001953e+01
1.850616073608398438e+01
1.442226982116699219e+01
2.327453041076660156e+01
3.292243576049804688e+01
2.820628738403320312e+01
2.433604049682617188e+01
1.923227691650390625e+01
1.469736862182617188e+01
1.458961963653564453e+01
1.087020874023437500e+01
3.602993011474609375e+01
3.912380218505859375e+01
3.275170898437500000e+01
1.513401222229003906e+01
3.900622177124023438e+01
2.934540557861328125e+01
1.452382087707519531e+01
3.874858474731445312e+01
1.114092350006103516e+01
1.287829971313476562e+01
1.226187229156494141e+01
1.172166061401367188e+01
3.268114471435546875e+01
7.674050331115722656e+00
2.464020538330078125e+01
1.440147972106933594e+01
2.537477493286132812e+01
3.864587020874023438e+01
2.945055580139160156e+01
1.384206104278564453e+01
3.706467819213867188e+01
2.434458732604980469e+01
3.999517822265625000e+01
1.861936569213867188e+01
7.820471763610839844e+00
2.886887931823730469e+01
1.643988227844238281e+01
1.249645900726318359e+01
3.557448577880859375e+01
3.666703033447265625e+01
3.900191879272460938e+01
1.610978126525878906e+01
3.261626434326171875e+01
2.955339622497558594e+01
1.186657428741455078e+01
2.447508239746093750e+01
2.957243728637695312e+01
2.673722648620605469e+01
1.239494132995605469e+01
2.854197692871093750e+01
1.692007255554199219e+01
2.910840988159179688e+01
1.925609016418457031e+01
1.336388874053955078e+01
3.215698623657226562e+01
2.457022476196289062e+01
3.645253753662109375e+01
2.859617996215820312e+01
3.929554748535156250e+01
2.465433120727539062e+01
1.364339447021484375e+01
1.302330589294433594e+01
1.766633796691894531e+01
1.270236396789550781e+01
2.039435958862304688e+01
1.322327709197998047e+01
3.896078109741210938e+01
3.274383544921875000e+01
3.252362823486328125e+01
1.333290481567382812e+01
1.421229934692382812e+01
3.186482620239257812e+01
1.254310798645019531e+01
3.246829986572265625e+01
1.187279701232910156e+01
1.182198333740234375e+01
2.326456642150878906e+01
3.170940399169921875e+01
2.311151123046875000e+01
1.297781562805175781e+01
4.242991638183593750e+01
3.241527938842773438e+01
2.370753479003906250e+01
1.160470294952392578e+01
2.662545013427734375e+01
1.466524219512939453e+01
1.088391971588134766e+01
1.705253410339355469e+01
1.077051544189453125e+01
3.229098510742187500e+01
1.251027202606201172e+01
3.988205718994140625e+01
3.653993606567382812e+01
1.313520717620849609e+01
1.126639175415039062e+01
2.114447402954101562e+01
3.944132995605468750e+01
1.181343078613281250e+01
4.188302230834960938e+01
1.459919261932373047e+01
1.305763244628906250e+01
3.878913879394531250e+01
1.458650398254394531e+01
3.158619499206542969e+01
2.700325584411621094e+01
6.882585525512695312e+00
3.624105072021484375e+01
1.331278514862060547e+01
1.449274635314941406e+01
3.961690902709960938e+01
2.879297447204589844e+01
1.630087661743164062e+01
2.943134117126464844e+01
2.881072998046875000e+01
2.452248382568359375e+01
1.166830062866210938e+01
1.404275417327880859e+01
1.445593357086181641e+01
1.422889900207519531e+01
1.407404232025146484e+01
2.576877212524414062e+01
3.258629989624023438e+01
3.982376861572265625e+01
3.549446868896484375e+01
1.163721561431884766e+01
1.445865058898925781e+01
2.886782264709472656e+01
2.841653442382812500e+01
6.790410995483398438e+00
1.283149909973144531e+01
1.502725791931152344e+01
1.685092163085937500e+01
3.248181915283203125e+01
2.894869804382324219e+01
1.190410804748535156e+01
2.899043655395507812e+01
2.421215057373046875e+01
2.571280479431152344e+01
1.304775333404541016e+01
1.270050621032714844e+01
3.929434967041015625e+01
1.176829338073730469e+01
3.292512512207031250e+01
1.271885585784912109e+01
1.753710365295410156e+01
3.940783691406250000e+01
1.676997756958007812e+01
1.697096824645996094e+01
2.855650711059570312e+01
2.850257110595703125e+01
1.282991790771484375e+01
2.878849792480468750e+01
3.169915390014648438e+01
3.547682189941406250e+01
1.302132511138916016e+01
2.674819183349609375e+01
1.460133647918701172e+01
2.859935379028320312e+01
2.579527664184570312e+01
1.115913391113281250e+01
3.250347900390625000e+01
1.252414798736572266e+01
2.922120475769042969e+01
1.316708087921142578e+01
3.212999725341796875e+01
1.348628711700439453e+01
1.122132396697998047e+01
1.326743316650390625e+01
1.597884750366210938e+01
1.302397346496582031e+01
2.840986633300781250e+01
4.177565383911132812e+01
3.233903884887695312e+01
1.415897369384765625e+01
2.850312042236328125e+01
1.589276313781738281e+01
3.220716857910156250e+01
1.777036857604980469e+01
1.435449504852294922e+01
3.971846771240234375e+01
2.836898612976074219e+01
1.578945732116699219e+01
3.229919433593750000e+01
7.728016853332519531e+00
1.658466339111328125e+01
1.108815670013427734e+01
1.642049407958984375e+01
1.309100151062011719e+01
2.383259010314941406e+01
1.662066268920898438e+01
1.773227882385253906e+01
2.307373237609863281e+01
2.515089797973632812e+01
3.188006019592285156e+01
2.934410095214843750e+01
1.314288616180419922e+01
1.394505405426025391e+01
3.602753829956054688e+01
1.502948188781738281e+01
3.916648101806640625e+01
1.558802032470703125e+01
3.260832214355468750e+01
3.861038208007812500e+01
1.128397941589355469e+01
1.567467880249023438e+01
3.189595603942871094e+01
1.453008937835693359e+01
3.210166168212890625e+01
2.830753135681152344e+01
1.449724578857421875e+01
1.937464523315429688e+01
1.471272468566894531e+01
1.441904544830322266e+01
3.271223449707031250e+01
1.735368728637695312e+01
3.935289764404296875e+01
1.857953453063964844e+01
1.704730224609375000e+01
9.646829605102539062e+00
3.923474121093750000e+01
1.277095508575439453e+01
1.136306476593017578e+01
3.292127609252929688e+01
2.930916023254394531e+01
1.235696315765380859e+01
3.269303131103515625e+01
2.892058563232421875e+01
3.249531555175781250e+01
2.651766395568847656e+01
3.281448364257812500e+01
2.695074653625488281e+01
9.860658645629882812e+00
3.518609619140625000e+01
1.521035671234130859e+01
4.118354797363281250e+01
1.416766834259033203e+01
1.804787254333496094e+01
2.429685020446777344e+01
3.188671875000000000e+01
1.230797863006591797e+01
1.665408325195312500e+01
1.554340076446533203e+01
1.202038574218750000e+01
2.462724304199218750e+01
1.292165279388427734e+01
1.326753997802734375e+01
1.821724510192871094e+01
2.859366226196289062e+01
1.788847160339355469e+01
3.600867462158203125e+01
2.703433418273925781e+01
1.179824447631835938e+01
2.592623710632324219e+01
3.881115722656250000e+01
1.501772594451904297e+01
1.423804855346679688e+01
2.915042495727539062e+01
3.984953689575195312e+01
2.628577613830566406e+01
1.360877799987792969e+01
3.260295867919921875e+01
1.749562072753906250e+01
2.451147079467773438e+01
1.085436916351318359e+01
1.453637790679931641e+01
3.931648254394531250e+01
1.175193595886230469e+01
1.277818298339843750e+01
3.901618957519531250e+01
1.309147644042968750e+01
1.197604656219482422e+01
1.452140426635742188e+01
2.481872558593750000e+01
1.654977798461914062e+01
2.999186325073242188e+01
1.215217971801757812e+01
2.527853202819824219e+01
2.922563934326171875e+01
2.454894065856933594e+01
1.342035102844238281e+01
2.871371078491210938e+01
1.245425224304199219e+01
1.452946853637695312e+01
3.929378509521484375e+01
2.864837265014648438e+01
2.390234756469726562e+01
1.324316501617431641e+01
1.265743160247802734e+01
1.080320930480957031e+01
4.090254211425781250e+01
3.260805130004882812e+01
2.924673080444335938e+01
1.424140930175781250e+01
1.297661018371582031e+01
1.165479373931884766e+01
1.315284538269042969e+01
2.888986015319824219e+01
1.621528244018554688e+01
1.533585071563720703e+01
2.909885787963867188e+01
1.231407165527343750e+01
1.456457519531250000e+01
3.657173919677734375e+01
2.569929695129394531e+01
3.259750366210937500e+01
1.304911518096923828e+01
2.854793167114257812e+01
2.017004966735839844e+01
1.495606136322021484e+01
1.139172554016113281e+01
1.438080406188964844e+01
3.253606414794921875e+01
1.570079898834228516e+01
1.551237773895263672e+01
1.177928447723388672e+01
1.074844837188720703e+01
4.268022918701171875e+01
2.936293029785156250e+01
3.546765136718750000e+01
3.671674728393554688e+01
1.697009468078613281e+01
1.454730224609375000e+01
1.457915687561035156e+01
1.108672904968261719e+01
4.030352783203125000e+01
1.276850891113281250e+01
1.110717010498046875e+01
1.282257747650146484e+01
1.211428833007812500e+01
3.628540039062500000e+01
2.854179763793945312e+01
1.285212326049804688e+01
1.079374217987060547e+01
3.589591598510742188e+01
3.254859161376953125e+01
2.581228065490722656e+01
3.647433853149414062e+01
1.171987056732177734e+01
1.796817207336425781e+01
1.422079753875732422e+01
3.580619812011718750e+01
2.900006294250488281e+01
2.919968223571777344e+01
2.430424499511718750e+01
4.141017913818359375e+01
1.396138477325439453e+01
1.296069431304931641e+01
2.860238265991210938e+01
2.866652107238769531e+01
2.398781967163085938e+01
1.495172691345214844e+01
2.881663513183593750e+01
1.209329223632812500e+01
1.173647499084472656e+01
3.931912994384765625e+01
3.239376831054687500e+01
2.921755790710449219e+01
1.456258392333984375e+01
1.616355514526367188e+01
2.646763610839843750e+01
1.071460151672363281e+01
1.159100818634033203e+01
1.108885860443115234e+01
1.084286499023437500e+01
3.224310684204101562e+01
1.479958629608154297e+01
2.849335861206054688e+01
2.939505386352539062e+01
1.670374679565429688e+01
3.853810119628906250e+01
1.880860519409179688e+01
1.507880115509033203e+01
1.175165748596191406e+01
1.399241256713867188e+01
1.286892700195312500e+01
3.193938636779785156e+01
1.260041427612304688e+01
2.844353294372558594e+01
2.891829299926757812e+01
6.725012779235839844e+00
4.130381011962890625e+01
1.184852409362792969e+01
3.256381607055664062e+01
1.459104919433593750e+01
1.616685676574707031e+01
3.858718109130859375e+01
2.460505294799804688e+01
1.739428710937500000e+01
1.175148200988769531e+01
3.590121841430664062e+01
1.270227813720703125e+01
1.248160362243652344e+01
2.538641166687011719e+01
2.568697357177734375e+01
2.597422409057617188e+01
1.438671016693115234e+01
1.410330486297607422e+01
1.252855968475341797e+01
1.861613082885742188e+01
3.608129882812500000e+01
1.292576503753662109e+01
1.180251884460449219e+01
1.124582576751708984e+01
2.992870903015136719e+01
1.764730644226074219e+01
1.682565116882324219e+01
3.298562622070312500e+01
2.837105560302734375e+01
1.286081695556640625e+01
3.697285461425781250e+01
2.639443206787109375e+01
2.468725967407226562e+01
1.647143173217773438e+01
2.461638450622558594e+01
1.448468494415283203e+01
3.568076705932617188e+01
1.203043937683105469e+01
2.894425773620605469e+01
1.593633079528808594e+01
3.184128761291503906e+01
1.448960018157958984e+01
3.608400344848632812e+01
9.776452064514160156e+00
3.289979934692382812e+01
3.699214553833007812e+01
1.296563529968261719e+01
1.115258502960205078e+01
3.601233673095703125e+01
4.109031295776367188e+01
2.935263824462890625e+01
1.558976745605468750e+01
9.944857597351074219e+00
3.591976165771484375e+01
2.710881233215332031e+01
1.335349941253662109e+01
2.446531295776367188e+01
1.517549514770507812e+01
1.128606986999511719e+01
1.126394367218017578e+01
1.460340881347656250e+01
2.403393363952636719e+01
1.301873493194580078e+01
2.455392265319824219e+01
1.124714279174804688e+01
1.488965797424316406e+01
4.182301330566406250e+01
1.259344768524169922e+01
1.600237083435058594e+01
2.927394294738769531e+01
1.293140697479248047e+01
1.082668495178222656e+01
1.241662216186523438e+01
1.205365562438964844e+01
2.376461791992187500e+01
3.224538421630859375e+01
2.644982719421386719e+01
1.343338489532470703e+01
3.011032295227050781e+01
1.420475482940673828e+01
1.458639049530029297e+01
1.438587188720703125e+01
3.297315216064453125e+01
3.585340118408203125e+01
1.311232662200927734e+01
3.248352813720703125e+01
1.723746871948242188e+01
1.639521789550781250e+01
3.198338508605957031e+01
3.183456420898437500e+01
3.282978820800781250e+01
1.278486728668212891e+01
1.102252006530761719e+01
