8.430865287780761719e+00
4.038008880615234375e+01
3.604139328002929688e+01
1.690094184875488281e+01
1.510956001281738281e+01
1.627667999267578125e+01
1.414183235168457031e+01
2.636000442504882812e+01
2.492636108398437500e+01
1.181299018859863281e+01
1.447693824768066406e+01
1.085180377960205078e+01
1.946612167358398438e+01
1.467652511596679688e+01
1.203194808959960938e+01
1.658805847167968750e+01
2.880019760131835938e+01
3.884151458740234375e+01
1.434068679809570312e+01
2.932430458068847656e+01
1.531907939910888672e+01
1.063228130340576172e+01
2.642682456970214844e+01
7.182092666625976562e+00
1.202917385101318359e+01
2.109531784057617188e+01
8.417972564697265625e+00
4.021438598632812500e+01
1.278630828857421875e+01
2.881388092041015625e+01
1.213239097595214844e+01
1.123140716552734375e+01
2.937627029418945312e+01
3.188663864135742188e+01
3.667240142822265625e+01
1.857514953613281250e+01
8.635473251342773438e+00
2.638041687011718750e+01
1.695496749877929688e+01
1.107402610778808594e+01
3.996917724609375000e+01
2.645130729675292969e+01
3.211861419677734375e+01
2.339202499389648438e+01
1.517543411254882812e+01
1.116404914855957031e+01
2.950714111328125000e+01
1.146983718872070312e+01
1.719417190551757812e+01
2.097717285156250000e+01
1.473353958129882812e+01
3.224987411499023438e+01
1.364217090606689453e+01
1.536829090118408203e+01
3.276922607421875000e+01
1.508897590637207031e+01
1.286076164245605469e+01
1.110226154327392578e+01
3.252945327758789062e+01
1.250477886199951172e+01
2.414133644104003906e+01
4.162367248535156250e+01
1.855770492553710938e+01
1.235157871246337891e+01
3.988744354248046875e+01
2.418933296203613281e+01
1.174742889404296875e+01
3.273015594482421875e+01
3.187619781494140625e+01
2.557338333129882812e+01
1.890983390808105469e+01
2.627831077575683594e+01
7.323325157165527344e+00
2.954368782043457031e+01
1.119188022613525391e+01
1.271509933471679688e+01
1.403948593139648438e+01
3.207275390625000000e+01
1.538632965087890625e+01
1.636490821838378906e+01
2.944929695129394531e+01
1.470748710632324219e+01
1.352726173400878906e+01
3.533362579345703125e+01
3.285381698608398438e+01
1.095319175720214844e+01
1.863149070739746094e+01
1.397593212127685547e+01
2.462800216674804688e+01
2.492960166931152344e+01
1.297995281219482422e+01
1.744475746154785156e+01
1.078386211395263672e+01
4.270463943481445312e+01
1.141680240631103516e+01
3.170566368103027344e+01
2.363648223876953125e+01
3.245109176635742188e+01
1.366565418243408203e+01
1.679103088378906250e+01
2.899536895751953125e+01
1.526001358032226562e+01
3.989332580566406250e+01
1.272502708435058594e+01
1.621666717529296875e+01
1.475692939758300781e+01
1.179432106018066406e+01
2.521195793151855469e+01
1.650888824462890625e+01
1.888711166381835938e+01
2.675294494628906250e+01
1.678644561767578125e+01
1.327086925506591797e+01
3.247360992431640625e+01
3.533833694458007812e+01
1.633080863952636719e+01
2.865888023376464844e+01
1.261892986297607422e+01
1.874200248718261719e+01
1.905494117736816406e+01
1.450433349609375000e+01
1.565701103210449219e+01
1.417744827270507812e+01
1.461219310760498047e+01
1.115230560302734375e+01
1.296282958984375000e+01
1.671462249755859375e+01
1.446738243103027344e+01
4.039469909667968750e+01
2.444286918640136719e+01
1.260638809204101562e+01
2.560937118530273438e+01
2.916427230834960938e+01
2.416494560241699219e+01
1.488342189788818359e+01
2.886719131469726562e+01
1.467602539062500000e+01
3.266980361938476562e+01
1.475486373901367188e+01
1.344840240478515625e+01
3.253185653686523438e+01
1.671702194213867188e+01
1.483681297302246094e+01
1.426580715179443359e+01
2.827400779724121094e+01
2.582054901123046875e+01
2.931489944458007812e+01
1.403384494781494141e+01
2.887249183654785156e+01
1.303651046752929688e+01
3.271289825439453125e+01
1.714687347412109375e+01
3.545088195800781250e+01
2.885216140747070312e+01
2.895232009887695312e+01
3.654323959350585938e+01
1.268464279174804688e+01
3.167425727844238281e+01
1.259419345855712891e+01
1.293922901153564453e+01
3.536515045166015625e+01
3.585561370849609375e+01
7.302012443542480469e+00
4.070374298095703125e+01
3.180971145629882812e+01
1.214470767974853516e+01
3.483485794067382812e+01
3.276844024658203125e+01
4.136125946044921875e+01
3.648466873168945312e+01
3.687853240966796875e+01
3.683982467651367188e+01
2.537123298645019531e+01
2.446395492553710938e+01
2.499699211120605469e+01
2.828153228759765625e+01
3.642338943481445312e+01
1.332496547698974609e+01
1.542087936401367188e+01
1.389938926696777344e+01
3.273145294189453125e+01
1.248705959320068359e+01
1.154767227172851562e+01
4.024361038208007812e+01
1.043495273590087891e+01
3.675512313842773438e+01
1.486140251159667969e+01
1.167138767242431641e+01
3.652862930297851562e+01
1.282664012908935547e+01
2.063442420959472656e+01
1.676184082031250000e+01
1.084037017822265625e+01
1.047733020782470703e+01
1.295164299011230469e+01
3.284587097167968750e+01
1.041765022277832031e+01
1.512728309631347656e+01
1.320160579681396484e+01
3.931098175048828125e+01
2.653771781921386719e+01
1.478413772583007812e+01
3.676794433593750000e+01
4.134014129638671875e+01
2.410824203491210938e+01
1.428313159942626953e+01
4.022899627685546875e+01
7.295399665832519531e+00
2.675241851806640625e+01
2.930874824523925781e+01
3.933901596069335938e+01
2.391001510620117188e+01
1.291964721679687500e+01
3.135116958618164062e+01
1.122891521453857422e+01
2.850997161865234375e+01
1.169287300109863281e+01
3.655958557128906250e+01
1.108736705780029297e+01
2.846554183959960938e+01
3.294678878784179688e+01
3.901217651367187500e+01
1.268228626251220703e+01
3.662609100341796875e+01
1.455416870117187500e+01
1.105614376068115234e+01
3.173420715332031250e+01
1.415937519073486328e+01
1.345076751708984375e+01
3.307630920410156250e+01
2.951638031005859375e+01
1.534493255615234375e+01
3.258971023559570312e+01
2.603903388977050781e+01
2.396530914306640625e+01
2.141466903686523438e+01
3.653691101074218750e+01
1.554754829406738281e+01
3.225297927856445312e+01
4.179573822021484375e+01
4.159037780761718750e+01
1.139446735382080078e+01
2.829493713378906250e+01
2.846950340270996094e+01
3.613195800781250000e+01
1.498789215087890625e+01
1.538280773162841797e+01
2.686558341979980469e+01
2.371451759338378906e+01
3.228309631347656250e+01
1.637421417236328125e+01
1.139169692993164062e+01
4.218827056884765625e+01
1.239573860168457031e+01
2.867469024658203125e+01
2.872400474548339844e+01
3.683219528198242188e+01
1.464332962036132812e+01
1.336748313903808594e+01
1.236661911010742188e+01
1.677197647094726562e+01
1.461929798126220703e+01
1.439490699768066406e+01
2.885189056396484375e+01
1.237328433990478516e+01
4.031184387207031250e+01
2.332718658447265625e+01
2.936124992370605469e+01
2.425753021240234375e+01
1.297514724731445312e+01
1.068245029449462891e+01
9.990690231323242188e+00
3.677849578857421875e+01
1.268573284149169922e+01
2.986825561523437500e+01
6.940590858459472656e+00
3.604743576049804688e+01
1.142062377929687500e+01
2.884100532531738281e+01
2.870602798461914062e+01
2.412539291381835938e+01
1.079905986785888672e+01
1.233922195434570312e+01
1.214382648468017578e+01
1.063833141326904297e+01
2.865087509155273438e+01
4.050069808959960938e+01
2.927199554443359375e+01
1.406294727325439453e+01
1.484236145019531250e+01
1.132761478424072266e+01
1.453104019165039062e+01
2.547191810607910156e+01
2.580442810058593750e+01
1.264921283721923828e+01
1.096004772186279297e+01
1.457516860961914062e+01
1.225718593597412109e+01
2.587570762634277344e+01
1.063807106018066406e+01
1.511521530151367188e+01
1.932207298278808594e+01
1.259339714050292969e+01
2.333127212524414062e+01
1.539646530151367188e+01
3.869489288330078125e+01
1.326370334625244141e+01
2.677778244018554688e+01
1.319381332397460938e+01
1.704930877685546875e+01
2.583702278137207031e+01
3.683658981323242188e+01
2.915941429138183594e+01
1.113262176513671875e+01
3.275029754638671875e+01
2.871937942504882812e+01
3.580955886840820312e+01
1.691851425170898438e+01
3.186218261718750000e+01
4.202930450439453125e+01
1.300169372558593750e+01
1.076348972320556641e+01
1.771077346801757812e+01
2.355632209777832031e+01
1.645490264892578125e+01
4.063374328613281250e+01
1.682060813903808594e+01
1.575080680847167969e+01
3.117350959777832031e+01
1.262335205078125000e+01
2.951127624511718750e+01
1.701491546630859375e+01
1.332032394409179688e+01
2.547496795654296875e+01
1.282291412353515625e+01
1.184651470184326172e+01
4.033543777465820312e+01
2.907368469238281250e+01
1.283172130584716797e+01
2.478196144104003906e+01
7.192216873168945312e+00
1.622880554199218750e+01
1.070800876617431641e+01
1.281295585632324219e+01
2.339251327514648438e+01
2.688465881347656250e+01
1.280454826354980469e+01
3.687168502807617188e+01
4.215014266967773438e+01
1.673266792297363281e+01
1.752403640747070312e+01
3.255738830566406250e+01
1.140374088287353516e+01
1.643339347839355469e+01
4.258555221557617188e+01
1.481506061553955078e+01
1.427813243865966797e+01
3.199451446533203125e+01
1.486478805541992188e+01
1.443763351440429688e+01
4.029724121093750000e+01
1.389389514923095703e+01
1.145093917846679688e+01
1.246508598327636719e+01
4.160979461669921875e+01
1.191234302520751953e+01
1.485184669494628906e+01
1.258929157257080078e+01
4.014904022216796875e+01
1.851755714416503906e+01
3.958705902099609375e+01
2.629348373413085938e+01
2.013690376281738281e+01
2.615703773498535156e+01
4.161394500732421875e+01
1.381208992004394531e+01
3.124964141845703125e+01
1.826349639892578125e+01
3.942804718017578125e+01
1.667483520507812500e+01
1.085256671905517578e+01
1.426384830474853516e+01
1.556093883514404297e+01
3.222795104980468750e+01
3.236054229736328125e+01
1.232715702056884766e+01
7.398478507995605469e+00
2.589710998535156250e+01
3.543054962158203125e+01
2.368693923950195312e+01
3.247188949584960938e+01
1.127936649322509766e+01
2.451393127441406250e+01
3.264966583251953125e+01
3.661161804199218750e+01
3.266873931884765625e+01
1.427992820739746094e+01
3.285092926025390625e+01
2.936840438842773438e+01
3.244174194335937500e+01
3.900591278076171875e+01
2.922105407714843750e+01
2.887792778015136719e+01
1.257205295562744141e+01
3.232849502563476562e+01
1.124136543273925781e+01
3.646038818359375000e+01
3.666770935058593750e+01
2.980571746826171875e+01
3.961089324951171875e+01
1.460945415496826172e+01
1.796710586547851562e+01
1.290478420257568359e+01
3.660615921020507812e+01
1.509236145019531250e+01
1.095031738281250000e+01
1.297017097473144531e+01
2.890419387817382812e+01
1.655797576904296875e+01
1.329571819305419922e+01
1.491135215759277344e+01
1.183282756805419922e+01
1.384506130218505859e+01
3.289548492431640625e+01
3.143539428710937500e+01
1.153518295288085938e+01
2.309592247009277344e+01
1.489678192138671875e+01
1.268538856506347656e+01
3.226867675781250000e+01
1.904358100891113281e+01
1.134785747528076172e+01
1.160085391998291016e+01
1.495383930206298828e+01
3.284122085571289062e+01
1.032606410980224609e+01
2.701833724975585938e+01
2.942881011962890625e+01
2.840703964233398438e+01
4.186798858642578125e+01
3.931858062744140625e+01
4.256248474121093750e+01
2.429209518432617188e+01
3.271761322021484375e+01
2.835949707031250000e+01
1.299277782440185547e+01
3.886672210693359375e+01
1.846356964111328125e+01
3.167493057250976562e+01
3.935437774658203125e+01
3.651250839233398438e+01
3.225640106201171875e+01
1.227336311340332031e+01
1.255440330505371094e+01
1.186032867431640625e+01
4.186631774902343750e+01
2.878744125366210938e+01
1.513982200622558594e+01
3.660325622558593750e+01
1.277897071838378906e+01
3.560245895385742188e+01
3.178149032592773438e+01
1.682312965393066406e+01
2.918789672851562500e+01
2.668052673339843750e+01
1.273431873321533203e+01
3.661148452758789062e+01
3.295574188232421875e+01
2.422197151184082031e+01
2.414705848693847656e+01
1.085717487335205078e+01
6.646892547607421875e+00
4.046036911010742188e+01
2.933810043334960938e+01
3.283079147338867188e+01
2.609123229980468750e+01
3.211766052246093750e+01
1.352579975128173828e+01
1.242684173583984375e+01
1.488649368286132812e+01
3.204337692260742188e+01
1.310112476348876953e+01
3.549718475341796875e+01
6.903692245483398438e+00
1.374362659454345703e+01
2.011655998229980469e+01
3.451733016967773438e+01
1.104565620422363281e+01
1.295957946777343750e+01
1.308122730255126953e+01
1.699030876159667969e+01
1.137994384765625000e+01
3.885723495483398438e+01
1.428477573394775391e+01
1.135271549224853516e+01
3.517025375366210938e+01
1.621250534057617188e+01
1.101289653778076172e+01
2.362029075622558594e+01
2.831335830688476562e+01
7.284255981445312500e+00
2.923925781250000000e+01
1.335480785369873047e+01
1.780895805358886719e+01
3.265478515625000000e+01
2.832162094116210938e+01
3.227841567993164062e+01
2.943597984313964844e+01
1.245946216583251953e+01
2.842107582092285156e+01
2.861185646057128906e+01
3.635018920898437500e+01
1.362515354156494141e+01
1.446895980834960938e+01
2.419071960449218750e+01
3.708997726440429688e+01
6.699089050292968750e+00
4.207755279541015625e+01
8.351569175720214844e+00
3.269163513183593750e+01
2.431257057189941406e+01
1.105679988861083984e+01
3.249287796020507812e+01
3.317341995239257812e+01
1.300328731536865234e+01
2.683921432495117188e+01
2.602922248840332031e+01
1.557215499877929688e+01
3.321349334716796875e+01
3.302002334594726562e+01
3.475951766967773438e+01
1.721877670288085938e+01
2.894933319091796875e+01
3.277044296264648438e+01
1.379452610015869141e+01
1.265850448608398438e+01
1.449347209930419922e+01
2.417654037475585938e+01
1.140784454345703125e+01
1.641893005371093750e+01
1.103750133514404297e+01
1.100284576416015625e+01
1.889847373962402344e+01
1.421971702575683594e+01
1.280340003967285156e+01
1.437451934814453125e+01
2.573928451538085938e+01
2.491392898559570312e+01
1.447138404846191406e+01
1.276604747772216797e+01
1.513924217224121094e+01
3.552572631835937500e+01
4.059217071533203125e+01
1.130346870422363281e+01
1.112139797210693359e+01
1.398219585418701172e+01
1.664150619506835938e+01
3.249599456787109375e+01
1.451701641082763672e+01
7.268552780151367188e+00
1.227156543731689453e+01
4.072397613525390625e+01
3.532024765014648438e+01
3.579141998291015625e+01
2.926860809326171875e+01
2.905612754821777344e+01
2.826587486267089844e+01
1.318666934967041016e+01
1.534368515014648438e+01
4.025821685791015625e+01
1.635411453247070312e+01
7.160492897033691406e+00
1.081596755981445312e+01
3.279356384277343750e+01
2.942630767822265625e+01
1.104962635040283203e+01
3.304032135009765625e+01
3.642616653442382812e+01
1.319798660278320312e+01
1.148052024841308594e+01
2.406620216369628906e+01
2.518406295776367188e+01
1.051496315002441406e+01
2.410185050964355469e+01
1.658061599731445312e+01
1.245580673217773438e+01
2.960556793212890625e+01
1.258467197418212891e+01
2.861565780639648438e+01
1.241113567352294922e+01
3.614339065551757812e+01
3.247279739379882812e+01
1.440522956848144531e+01
2.492060852050781250e+01
7.389957427978515625e+00
2.895720672607421875e+01
3.660811996459960938e+01
1.316629600524902344e+01
1.673678398132324219e+01
1.394800853729248047e+01
3.248350524902343750e+01
1.531476783752441406e+01
1.385460186004638672e+01
1.487095451354980469e+01
1.082369709014892578e+01
3.272769927978515625e+01
3.237152481079101562e+01
1.314389610290527344e+01
1.031237792968750000e+01
3.703940582275390625e+01
2.885644149780273438e+01
2.915958595275878906e+01
2.837348556518554688e+01
2.613726997375488281e+01
2.867456817626953125e+01
1.402812767028808594e+01
4.043713760375976562e+01
3.141737174987792969e+01
1.597815418243408203e+01
3.512531280517578125e+01
1.481493377685546875e+01
3.221159362792968750e+01
1.413709926605224609e+01
2.893073463439941406e+01
4.217864990234375000e+01
1.684598731994628906e+01
1.132055282592773438e+01
9.857057571411132812e+00
1.134569549560546875e+01
2.898686981201171875e+01
1.179264354705810547e+01
2.850084686279296875e+01
1.319268798828125000e+01
1.517138290405273438e+01
2.598422241210937500e+01
1.231917858123779297e+01
3.637678527832031250e+01
2.625623130798339844e+01
2.896014404296875000e+01
3.974877929687500000e+01
3.139365959167480469e+01
4.214589309692382812e+01
2.341329765319824219e+01
2.506438446044921875e+01
1.164909458160400391e+01
1.652296066284179688e+01
1.467394638061523438e+01
1.321052265167236328e+01
3.210286712646484375e+01
4.238401031494140625e+01
1.261456584930419922e+01
1.100428962707519531e+01
2.575879669189453125e+01
1.403731822967529297e+01
1.501725578308105469e+01
3.702764129638671875e+01
7.406999588012695312e+00
2.477096748352050781e+01
1.121676063537597656e+01
3.295471954345703125e+01
1.995733261108398438e+01
2.400550460815429688e+01
1.301061534881591797e+01
2.479911804199218750e+01
3.989382934570312500e+01
3.224411773681640625e+01
1.451208114624023438e+01
1.373395061492919922e+01
1.155386924743652344e+01
2.434479141235351562e+01
1.742967224121093750e+01
1.499603462219238281e+01
1.275908184051513672e+01
1.169758605957031250e+01
2.885264015197753906e+01
1.875336456298828125e+01
1.212841510772705078e+01
2.886303329467773438e+01
2.827236175537109375e+01
2.627907371520996094e+01
1.253105545043945312e+01
1.403244781494140625e+01
3.600228118896484375e+01
3.275707244873046875e+01
1.023085498809814453e+01
1.103040885925292969e+01
1.465783119201660156e+01
4.210479736328125000e+01
1.736568069458007812e+01
1.663395690917968750e+01
2.960014533996582031e+01
