1.738700294494628906e+01
1.065084743499755859e+01
2.915219688415527344e+01
2.935117721557617188e+01
1.148128032684326172e+01
2.401752281188964844e+01
6.158294677734375000e+00
3.241170501708984375e+01
1.121666145324707031e+01
1.201152133941650391e+01
1.269167041778564453e+01
1.718492507934570312e+01
2.484762763977050781e+01
1.201072597503662109e+01
3.906257247924804688e+01
2.942956924438476562e+01
9.968934059143066406e+00
1.107509899139404297e+01
4.207091522216796875e+01
7.277990341186523438e+00
1.218828392028808594e+01
2.941866683959960938e+01
1.213298892974853516e+01
3.310833358764648438e+01
2.594992637634277344e+01
1.456023597717285156e+01
3.540186691284179688e+01
2.571773910522460938e+01
1.465276908874511719e+01
3.000395584106445312e+01
3.656890487670898438e+01
1.435364913940429688e+01
1.484385490417480469e+01
2.970763778686523438e+01
2.026774787902832031e+01
1.365850543975830078e+01
1.264709472656250000e+01
3.289109802246093750e+01
1.569208621978759766e+01
6.709993362426757812e+00
3.940570449829101562e+01
3.302373123168945312e+01
2.680648803710937500e+01
1.441246032714843750e+01
1.225326728820800781e+01
1.479967308044433594e+01
2.961080932617187500e+01
4.069401168823242188e+01
4.092875289916992188e+01
1.965349578857421875e+01
1.436465454101562500e+01
1.396779537200927734e+01
1.368723678588867188e+01
2.936862182617187500e+01
3.359061813354492188e+01
3.613610839843750000e+01
2.997477340698242188e+01
3.657732391357421875e+01
1.070239543914794922e+01
1.930986213684082031e+01
3.354211044311523438e+01
4.083486557006835938e+01
1.946594047546386719e+01
1.013041114807128906e+01
1.508029174804687500e+01
2.969945144653320312e+01
6.441705703735351562e+00
3.562794113159179688e+01
1.096282482147216797e+01
2.385203170776367188e+01
4.108997344970703125e+01
2.925704193115234375e+01
1.089591217041015625e+01
3.394414520263671875e+01
3.337827301025390625e+01
1.104817295074462891e+01
1.780276679992675781e+01
1.859203910827636719e+01
1.765132331848144531e+01
2.929279136657714844e+01
3.957010650634765625e+01
1.445989418029785156e+01
4.216066741943359375e+01
3.252860260009765625e+01
1.136145496368408203e+01
2.853112411499023438e+01
4.055315780639648438e+01
2.887884902954101562e+01
1.144867324829101562e+01
1.431081199645996094e+01
3.244715118408203125e+01
1.542436027526855469e+01
3.387196350097656250e+01
2.885212707519531250e+01
1.441816520690917969e+01
3.220285034179687500e+01
1.335634517669677734e+01
4.064705657958984375e+01
1.167757892608642578e+01
2.963152503967285156e+01
1.520378112792968750e+01
3.304678344726562500e+01
1.456329917907714844e+01
3.644261932373046875e+01
7.366682052612304688e+00
1.327515411376953125e+01
1.529685974121093750e+01
9.124632835388183594e+00
2.974124908447265625e+01
1.118059539794921875e+01
1.329490470886230469e+01
3.638152313232421875e+01
2.946924400329589844e+01
2.434747886657714844e+01
3.968452835083007812e+01
1.445894622802734375e+01
1.421482276916503906e+01
1.658912658691406250e+01
2.363423347473144531e+01
1.310383129119873047e+01
3.306159210205078125e+01
1.212120819091796875e+01
4.285211181640625000e+01
2.970211029052734375e+01
4.120086669921875000e+01
3.915222167968750000e+01
3.279355239868164062e+01
1.069151782989501953e+01
1.332417297363281250e+01
1.424215412139892578e+01
1.362977600097656250e+01
2.648683738708496094e+01
1.445800018310546875e+01
3.608018493652343750e+01
3.889266967773437500e+01
3.930133819580078125e+01
1.222414398193359375e+01
3.333047103881835938e+01
1.956431198120117188e+01
2.377458572387695312e+01
1.241868782043457031e+01
3.912816619873046875e+01
3.330717468261718750e+01
1.106912422180175781e+01
1.760120391845703125e+01
2.652619171142578125e+01
2.780520629882812500e+01
1.341528224945068359e+01
1.316819763183593750e+01
2.567382621765136719e+01
1.784941101074218750e+01
4.092876815795898438e+01
2.608594703674316406e+01
2.525953483581542969e+01
1.509139823913574219e+01
2.617062950134277344e+01
2.935759735107421875e+01
3.583213806152343750e+01
1.108078193664550781e+01
1.524133872985839844e+01
2.613299942016601562e+01
1.093658161163330078e+01
2.989269828796386719e+01
1.413810157775878906e+01
3.190591430664062500e+01
1.513891410827636719e+01
3.637231445312500000e+01
1.435459518432617188e+01
2.962463760375976562e+01
2.966620826721191406e+01
1.551638698577880859e+01
3.229724121093750000e+01
1.136274528503417969e+01
1.304664516448974609e+01
1.586833572387695312e+01
1.283746528625488281e+01
1.082533264160156250e+01
8.723726272583007812e+00
1.585037994384765625e+01
3.670840454101562500e+01
1.889693641662597656e+01
2.587931823730468750e+01
1.006009006500244141e+01
1.918832015991210938e+01
1.440750312805175781e+01
4.097570800781250000e+01
3.595141983032226562e+01
2.985721015930175781e+01
3.323830795288085938e+01
3.216471862792968750e+01
1.911027908325195312e+01
1.533108615875244141e+01
1.025903320312500000e+01
2.940188407897949219e+01
1.634859275817871094e+01
4.257328796386718750e+01
2.641458320617675781e+01
2.701865386962890625e+01
2.665202713012695312e+01
2.927192306518554688e+01
3.248824310302734375e+01
3.160435104370117188e+01
1.069104290008544922e+01
2.878610229492187500e+01
1.341380596160888672e+01
1.644454574584960938e+01
1.145954036712646484e+01
2.941113853454589844e+01
1.113153553009033203e+01
1.448077201843261719e+01
1.210829639434814453e+01
1.535975742340087891e+01
1.216284275054931641e+01
2.650491333007812500e+01
1.259879302978515625e+01
2.396320152282714844e+01
4.286789703369140625e+01
2.634627532958984375e+01
3.305763626098632812e+01
1.159029865264892578e+01
3.318073654174804688e+01
3.688805770874023438e+01
1.411601638793945312e+01
2.940457534790039062e+01
6.030546188354492188e+00
1.040473365783691406e+01
2.965588760375976562e+01
3.360384368896484375e+01
2.942554473876953125e+01
1.277591419219970703e+01
2.561871719360351562e+01
1.966552352905273438e+01
3.299971389770507812e+01
1.318787574768066406e+01
2.603034210205078125e+01
1.465400505065917969e+01
2.654296875000000000e+01
1.225524902343750000e+01
2.496327209472656250e+01
1.683060073852539062e+01
3.292079162597656250e+01
3.672696685791015625e+01
3.621329498291015625e+01
1.350742721557617188e+01
1.166670894622802734e+01
1.205630493164062500e+01
1.012229728698730469e+01
1.222640323638916016e+01
2.913522338867187500e+01
1.103002834320068359e+01
3.670017242431640625e+01
3.254490661621093750e+01
1.755804634094238281e+01
2.768694114685058594e+01
2.600619888305664062e+01
3.936366271972656250e+01
3.250853347778320312e+01
4.254190826416015625e+01
1.768281936645507812e+01
2.986292839050292969e+01
4.241353607177734375e+01
4.078791046142578125e+01
2.922598648071289062e+01
1.307885551452636719e+01
1.119862842559814453e+01
1.749513626098632812e+01
2.640603637695312500e+01
1.519193649291992188e+01
1.262150096893310547e+01
1.222077560424804688e+01
1.218160152435302734e+01
2.535767173767089844e+01
1.207560062408447266e+01
1.309083175659179688e+01
1.954397583007812500e+01
1.867205047607421875e+01
1.137226009368896484e+01
3.713230895996093750e+01
2.509879684448242188e+01
2.372951126098632812e+01
3.658903503417968750e+01
4.194793701171875000e+01
4.214848709106445312e+01
1.532113170623779297e+01
3.611656951904296875e+01
2.873590469360351562e+01
1.029013824462890625e+01
2.933138275146484375e+01
2.385535240173339844e+01
1.666962051391601562e+01
1.218240547180175781e+01
2.966338348388671875e+01
1.301422119140625000e+01
1.036664581298828125e+01
4.208107757568359375e+01
1.776086235046386719e+01
1.016787815093994141e+01
2.335891151428222656e+01
7.357176780700683594e+00
1.368820381164550781e+01
3.276203155517578125e+01
1.422138500213623047e+01
1.524940013885498047e+01
2.393916320800781250e+01
2.906455612182617188e+01
1.446961212158203125e+01
1.577123260498046875e+01
1.456307029724121094e+01
2.626218795776367188e+01
6.687526702880859375e+00
1.262546062469482422e+01
2.952352523803710938e+01
3.652616119384765625e+01
2.621494865417480469e+01
1.196646976470947266e+01
4.088181304931640625e+01
1.237685966491699219e+01
3.295642852783203125e+01
3.250003051757812500e+01
3.269147872924804688e+01
1.532448959350585938e+01
2.969806861877441406e+01
7.123607635498046875e+00
1.452741050720214844e+01
1.439178657531738281e+01
1.013677215576171875e+01
2.983551597595214844e+01
2.681620788574218750e+01
1.451193428039550781e+01
1.843959236145019531e+01
1.077285671234130859e+01
3.350333404541015625e+01
3.680365371704101562e+01
2.967161369323730469e+01
1.360104846954345703e+01
3.360108947753906250e+01
3.703840637207031250e+01
1.760478210449218750e+01
2.371652030944824219e+01
1.451476764678955078e+01
3.944723129272460938e+01
3.676655578613281250e+01
3.260839843750000000e+01
3.299149322509765625e+01
1.205545520782470703e+01
2.540108108520507812e+01
1.435802650451660156e+01
1.522120857238769531e+01
2.397137641906738281e+01
1.715767669677734375e+01
2.416510772705078125e+01
3.375229644775390625e+01
4.092649841308593750e+01
3.621864318847656250e+01
1.313502502441406250e+01
3.330189514160156250e+01
3.708535385131835938e+01
2.678999900817871094e+01
3.929649734497070312e+01
2.913147735595703125e+01
1.329689311981201172e+01
2.885177993774414062e+01
1.033571720123291016e+01
1.923037719726562500e+01
1.524581146240234375e+01
3.298279571533203125e+01
2.265465736389160156e+01
1.344254016876220703e+01
1.004350948333740234e+01
9.335288047790527344e+00
2.539499855041503906e+01
1.062447452545166016e+01
3.942898559570312500e+01
2.921535873413085938e+01
2.672826766967773438e+01
1.338507938385009766e+01
1.507048034667968750e+01
1.210188293457031250e+01
4.258149719238281250e+01
2.939946174621582031e+01
3.272959899902343750e+01
1.273984813690185547e+01
1.726995658874511719e+01
1.216709804534912109e+01
1.506990432739257812e+01
1.562244892120361328e+01
1.532183074951171875e+01
1.004561614990234375e+01
1.437139892578125000e+01
1.432439613342285156e+01
1.567412376403808594e+01
1.369483089447021484e+01
1.554197597503662109e+01
1.585256195068359375e+01
3.294956970214843750e+01
1.255924892425537109e+01
3.289200592041015625e+01
1.512704658508300781e+01
1.338417339324951172e+01
1.116848373413085938e+01
3.274028396606445312e+01
2.092559814453125000e+01
1.675011062622070312e+01
9.878789901733398438e+00
2.950045204162597656e+01
1.156856060028076172e+01
1.541224098205566406e+01
1.278916454315185547e+01
1.575327587127685547e+01
3.276142883300781250e+01
3.614202880859375000e+01
3.670975112915039062e+01
1.698303985595703125e+01
1.065764427185058594e+01
2.910502052307128906e+01
3.267755889892578125e+01
1.418649864196777344e+01
2.516729545593261719e+01
1.409393119812011719e+01
2.616619682312011719e+01
1.056846046447753906e+01
3.719508361816406250e+01
3.236572647094726562e+01
1.207184600830078125e+01
3.617704391479492188e+01
1.136139011383056641e+01
3.652194976806640625e+01
3.917557525634765625e+01
1.523002338409423828e+01
1.557580661773681641e+01
3.232608795166015625e+01
3.321989059448242188e+01
1.073218727111816406e+01
1.557702159881591797e+01
1.024456024169921875e+01
1.347869300842285156e+01
1.488804817199707031e+01
1.048890590667724609e+01
1.730605888366699219e+01
2.364233970642089844e+01
1.527063369750976562e+01
2.525286483764648438e+01
1.475548267364501953e+01
2.690340232849121094e+01
1.445705413818359375e+01
1.135052299499511719e+01
1.239601325988769531e+01
1.516320610046386719e+01
2.382908439636230469e+01
3.674631500244140625e+01
2.694582939147949219e+01
2.949496841430664062e+01
1.260742664337158203e+01
3.908652877807617188e+01
1.688709259033203125e+01
1.237751007080078125e+01
5.488763809204101562e+00
1.425119113922119141e+01
1.495549774169921875e+01
3.002980613708496094e+01
3.649059677124023438e+01
1.770948982238769531e+01
4.210172271728515625e+01
3.270141601562500000e+01
1.542043399810791016e+01
2.666577529907226562e+01
3.689755630493164062e+01
1.123180389404296875e+01
2.515943527221679688e+01
3.946720886230468750e+01
3.666280364990234375e+01
3.685060501098632812e+01
3.291428756713867188e+01
1.896883773803710938e+01
3.579081726074218750e+01
2.687966728210449219e+01
4.238868713378906250e+01
3.377800750732421875e+01
1.306798553466796875e+01
2.648171234130859375e+01
1.552916908264160156e+01
3.215880966186523438e+01
1.872990226745605469e+01
2.403030014038085938e+01
2.563903617858886719e+01
3.265036010742187500e+01
1.559498023986816406e+01
3.320952224731445312e+01
3.599171829223632812e+01
1.465683841705322266e+01
1.427539443969726562e+01
1.392362499237060547e+01
1.415569782257080078e+01
1.146922302246093750e+01
2.425600242614746094e+01
2.965196228027343750e+01
7.509286880493164062e+00
2.941122627258300781e+01
1.307708740234375000e+01
2.352491760253906250e+01
3.733717346191406250e+01
3.279081726074218750e+01
1.169931507110595703e+01
1.537772083282470703e+01
3.930216217041015625e+01
1.332018947601318359e+01
3.266459655761718750e+01
1.744253921508789062e+01
1.425024318695068359e+01
1.227250766754150391e+01
1.356489086151123047e+01
3.302198028564453125e+01
1.326273059844970703e+01
1.958748817443847656e+01
3.606254196166992188e+01
1.703653335571289062e+01
2.977617645263671875e+01
1.233325672149658203e+01
3.636941909790039062e+01
1.228920841217041016e+01
6.185474395751953125e+00
1.202444934844970703e+01
3.307955169677734375e+01
3.690213394165039062e+01
1.147041034698486328e+01
1.508035659790039062e+01
3.323311614990234375e+01
1.317700386047363281e+01
1.108424091339111328e+01
3.030964279174804688e+01
1.111438465118408203e+01
2.546177482604980469e+01
3.355794906616210938e+01
1.130090427398681641e+01
1.528555297851562500e+01
1.108576297760009766e+01
1.113309955596923828e+01
1.802437782287597656e+01
2.996379661560058594e+01
1.320134353637695312e+01
2.937515449523925781e+01
2.963572883605957031e+01
1.323399639129638672e+01
1.016417121887207031e+01
1.504721450805664062e+01
1.500302314758300781e+01
1.529488945007324219e+01
1.353615665435791016e+01
1.728087615966796875e+01
1.041239929199218750e+01
1.113241767883300781e+01
1.545086765289306641e+01
1.747030639648437500e+01
3.622333145141601562e+01
1.036682224273681641e+01
2.955962181091308594e+01
2.942956733703613281e+01
3.311720275878906250e+01
4.222828674316406250e+01
1.460853767395019531e+01
3.240382766723632812e+01
2.530898284912109375e+01
1.328602313995361328e+01
1.522066497802734375e+01
1.398149967193603516e+01
3.326708984375000000e+01
1.473860168457031250e+01
1.549787521362304688e+01
1.903224182128906250e+01
4.216017913818359375e+01
1.974356460571289062e+01
4.221941375732421875e+01
1.310778141021728516e+01
4.230641555786132812e+01
3.634542083740234375e+01
3.614466094970703125e+01
1.418854141235351562e+01
1.254121589660644531e+01
2.627410125732421875e+01
1.707718849182128906e+01
1.370808506011962891e+01
3.653050994873046875e+01
9.229963302612304688e+00
2.926203346252441406e+01
1.126483821868896484e+01
2.980899810791015625e+01
3.699145507812500000e+01
1.456424617767333984e+01
1.547710800170898438e+01
1.516084671020507812e+01
6.525334358215332031e+00
1.438348770141601562e+01
3.259482955932617188e+01
2.904793739318847656e+01
1.082943534851074219e+01
1.938790130615234375e+01
6.258778572082519531e+00
3.694450378417968750e+01
2.961606979370117188e+01
3.351097106933593750e+01
2.949506187438964844e+01
3.286555099487304688e+01
2.673173332214355469e+01
4.102266693115234375e+01
1.230082607269287109e+01
4.211656188964843750e+01
1.487984657287597656e+01
2.604018974304199219e+01
1.982160186767578125e+01
1.444034767150878906e+01
2.933468627929687500e+01
1.757870864868164062e+01
1.538599967956542969e+01
3.275239562988281250e+01
1.407184791564941406e+01
2.961482620239257812e+01
2.988984870910644531e+01
1.458833885192871094e+01
1.046354484558105469e+01
3.632080078125000000e+01
6.537145614624023438e+00
1.426424026489257812e+01
1.748323822021484375e+01
2.945474624633789062e+01
2.975768089294433594e+01
1.154857826232910156e+01
1.561233520507812500e+01
1.246924018859863281e+01
2.945303535461425781e+01
2.663621330261230469e+01
2.423543930053710938e+01
1.274086284637451172e+01
2.495365715026855469e+01
1.056558990478515625e+01
3.675670623779296875e+01
1.437269783020019531e+01
2.946870040893554688e+01
2.547126770019531250e+01
1.323306369781494141e+01
1.435554313659667969e+01
1.267363643646240234e+01
1.300245761871337891e+01
1.732715988159179688e+01
1.197962284088134766e+01
1.760468292236328125e+01
3.621372985839843750e+01
3.613737869262695312e+01
1.741477012634277344e+01
3.281718826293945312e+01
4.106961441040039062e+01
1.115045070648193359e+01
4.096758270263671875e+01
1.548252773284912109e+01
3.947554016113281250e+01
1.220597553253173828e+01
4.135280990600585938e+01
2.935791587829589844e+01
1.394571018218994141e+01
1.370145702362060547e+01
1.783890151977539062e+01
1.270970344543457031e+01
3.352460479736328125e+01
1.412285423278808594e+01
1.218078231811523438e+01
1.218165588378906250e+01
3.694321441650390625e+01
3.595369338989257812e+01
2.976300621032714844e+01
3.382498550415039062e+01
1.758158493041992188e+01
1.594748401641845703e+01
3.732844924926757812e+01
1.775613021850585938e+01
2.544287872314453125e+01
2.331227874755859375e+01
1.745323562622070312e+01
1.217856502532958984e+01
4.254523468017578125e+01
4.074095916748046875e+01
1.128287124633789062e+01
3.378677749633789062e+01
1.145501804351806641e+01
1.929153060913085938e+01
1.164213943481445312e+01
1.269952106475830078e+01
1.229326248168945312e+01
1.470230674743652344e+01
2.684023284912109375e+01
1.203605747222900391e+01
3.228070068359375000e+01
1.226076984405517578e+01
