1.577225589752197266e+01
2.717923355102539062e+01
2.911335372924804688e+01
1.114494228363037109e+01
1.310458278656005859e+01
3.664351654052734375e+01
2.911620712280273438e+01
2.918472099304199219e+01
1.669176292419433594e+01
3.656925582885742188e+01
8.208239555358886719e+00
1.588035964965820312e+01
1.229383182525634766e+01
1.628117370605468750e+01
1.490361595153808594e+01
1.045674896240234375e+01
1.246243953704833984e+01
3.663422012329101562e+01
3.489241790771484375e+01
2.939332199096679688e+01
3.290138244628906250e+01
1.409701442718505859e+01
2.959737586975097656e+01
7.730004310607910156e+00
1.258935356140136719e+01
2.886155700683593750e+01
1.619260025024414062e+01
2.600188827514648438e+01
1.094427967071533203e+01
3.614310455322265625e+01
1.215144348144531250e+01
2.651589584350585938e+01
1.453924369812011719e+01
3.632984161376953125e+01
1.433734035491943359e+01
2.972531509399414062e+01
7.376674652099609375e+00
3.599163055419921875e+01
2.912639999389648438e+01
3.621035003662109375e+01
1.396393299102783203e+01
3.306452178955078125e+01
1.511120891571044922e+01
1.116414546966552734e+01
1.288103008270263672e+01
3.267914199829101562e+01
1.024204826354980469e+01
1.422120189666748047e+01
1.003269100189208984e+01
4.002824401855468750e+01
3.950764846801757812e+01
1.650965118408203125e+01
1.400964736938476562e+01
1.563191699981689453e+01
2.930223655700683594e+01
1.386294174194335938e+01
3.286986923217773438e+01
1.186169242858886719e+01
2.922979545593261719e+01
1.515073966979980469e+01
3.259882354736328125e+01
3.910084533691406250e+01
2.883530426025390625e+01
2.299478530883789062e+01
3.647389984130859375e+01
2.877562332153320312e+01
2.700684356689453125e+01
2.449042510986328125e+01
1.732986068725585938e+01
2.765144157409667969e+01
3.316203689575195312e+01
3.590232086181640625e+01
2.577941513061523438e+01
1.408826255798339844e+01
3.299443435668945312e+01
2.893016624450683594e+01
1.477082824707031250e+01
1.194691562652587891e+01
1.451143836975097656e+01
1.451789283752441406e+01
3.228358459472656250e+01
2.668321800231933594e+01
2.498533058166503906e+01
2.944414901733398438e+01
1.152714920043945312e+01
1.062633895874023438e+01
1.638835906982421875e+01
1.289799308776855469e+01
4.121189880371093750e+01
2.854206848144531250e+01
1.110955333709716797e+01
1.963340568542480469e+01
3.907432556152343750e+01
1.478853988647460938e+01
3.000113868713378906e+01
1.755735778808593750e+01
2.485740852355957031e+01
2.408012580871582031e+01
1.319513702392578125e+01
1.640291213989257812e+01
3.304787445068359375e+01
3.899578857421875000e+01
2.470799827575683594e+01
1.688762855529785156e+01
3.701425933837890625e+01
3.154831504821777344e+01
3.268739700317382812e+01
2.919899177551269531e+01
2.416406059265136719e+01
2.689878845214843750e+01
1.690205764770507812e+01
2.608833885192871094e+01
4.179306793212890625e+01
1.467860507965087891e+01
1.165439128875732422e+01
1.627033805847167969e+01
1.487044239044189453e+01
3.025283813476562500e+01
1.402635288238525391e+01
6.792266845703125000e+00
5.620124816894531250e+00
3.329845428466796875e+01
1.134826946258544922e+01
1.381682968139648438e+01
1.384114742279052734e+01
1.725339317321777344e+01
1.100699138641357422e+01
2.621194458007812500e+01
3.542481613159179688e+01
3.642526626586914062e+01
1.643955230712890625e+01
1.676608276367187500e+01
2.863464164733886719e+01
1.200062370300292969e+01
3.982981109619140625e+01
2.908322143554687500e+01
1.875724029541015625e+01
2.885667037963867188e+01
3.669077301025390625e+01
3.221687698364257812e+01
3.907439422607421875e+01
1.488590621948242188e+01
3.263909149169921875e+01
3.645875930786132812e+01
1.320527458190917969e+01
2.897689628601074219e+01
2.008779907226562500e+01
3.573912048339843750e+01
4.169813919067382812e+01
2.372200775146484375e+01
3.267055130004882812e+01
1.048070526123046875e+01
3.305318450927734375e+01
1.246151065826416016e+01
1.326091766357421875e+01
4.203367614746093750e+01
1.024489212036132812e+01
2.984199905395507812e+01
3.229752349853515625e+01
2.492500305175781250e+01
1.759004783630371094e+01
1.481149673461914062e+01
3.202042007446289062e+01
6.349729537963867188e+00
1.153817367553710938e+01
1.326131343841552734e+01
1.742171859741210938e+01
2.488889694213867188e+01
2.576954269409179688e+01
1.754736900329589844e+01
1.528286552429199219e+01
1.228888607025146484e+01
1.078048515319824219e+01
1.455326080322265625e+01
2.879298400878906250e+01
3.283791351318359375e+01
2.906465339660644531e+01
3.967742538452148438e+01
1.441074943542480469e+01
3.304255676269531250e+01
3.647386169433593750e+01
4.168397521972656250e+01
3.179153823852539062e+01
1.229348945617675781e+01
1.964051818847656250e+01
3.146011161804199219e+01
2.888430786132812500e+01
1.389352703094482422e+01
1.430528450012207031e+01
1.367062854766845703e+01
1.160533905029296875e+01
1.010791778564453125e+01
2.491863822937011719e+01
1.287709617614746094e+01
1.434225845336914062e+01
3.272780990600585938e+01
3.009629440307617188e+01
2.601579856872558594e+01
3.294507217407226562e+01
3.231145858764648438e+01
1.147575855255126953e+01
1.516282558441162109e+01
2.930880355834960938e+01
1.308075237274169922e+01
7.315355300903320312e+00
2.093047904968261719e+01
1.415504264831542969e+01
1.103845310211181641e+01
3.649351501464843750e+01
3.264483261108398438e+01
1.160598182678222656e+01
1.379615974426269531e+01
1.454444503784179688e+01
2.150802421569824219e+01
3.599511718750000000e+01
2.625392913818359375e+01
1.847622299194335938e+01
4.115675354003906250e+01
2.342597198486328125e+01
2.923034286499023438e+01
1.525108718872070312e+01
2.928377723693847656e+01
2.956964874267578125e+01
1.082700443267822266e+01
2.690183258056640625e+01
2.375812149047851562e+01
6.890606880187988281e+00
1.502847671508789062e+01
2.950452613830566406e+01
2.399691772460937500e+01
1.531464385986328125e+01
1.844128036499023438e+01
9.995457649230957031e+00
3.258518600463867188e+01
3.201280212402343750e+01
1.596959209442138672e+01
1.449134254455566406e+01
1.185581111907958984e+01
1.256473922729492188e+01
2.574294281005859375e+01
3.295016860961914062e+01
3.669780731201171875e+01
1.496746063232421875e+01
3.616708374023437500e+01
1.211626148223876953e+01
3.703220748901367188e+01
1.690607452392578125e+01
2.881277084350585938e+01
1.369307613372802734e+01
1.318907356262207031e+01
1.329011821746826172e+01
2.906078720092773438e+01
3.912392425537109375e+01
1.288571166992187500e+01
4.239266967773437500e+01
1.510407447814941406e+01
2.946772384643554688e+01
3.299079513549804688e+01
1.266144084930419922e+01
3.560462570190429688e+01
2.918072128295898438e+01
2.932485389709472656e+01
1.289507865905761719e+01
1.619795989990234375e+01
1.299290084838867188e+01
2.519871902465820312e+01
3.627141189575195312e+01
2.615364074707031250e+01
2.355820274353027344e+01
3.631040573120117188e+01
3.945007324218750000e+01
2.951131820678710938e+01
1.610880851745605469e+01
3.195821189880371094e+01
3.527934646606445312e+01
2.919346237182617188e+01
3.621767807006835938e+01
1.205313014984130859e+01
1.311829471588134766e+01
3.675551223754882812e+01
2.895276260375976562e+01
1.630267333984375000e+01
1.516623020172119141e+01
1.172132110595703125e+01
1.297457122802734375e+01
1.296117973327636719e+01
1.151203250885009766e+01
1.198696804046630859e+01
3.276072311401367188e+01
1.276603603363037109e+01
3.628092956542968750e+01
1.668454742431640625e+01
2.950106239318847656e+01
3.297419738769531250e+01
1.635380172729492188e+01
1.902556228637695312e+01
3.021885681152343750e+01
1.373953437805175781e+01
2.757093048095703125e+01
1.180065345764160156e+01
2.921967697143554688e+01
4.002163696289062500e+01
1.392018699645996094e+01
1.647425460815429688e+01
4.158677673339843750e+01
3.005941200256347656e+01
2.678919601440429688e+01
1.332607555389404297e+01
2.678206443786621094e+01
4.236054229736328125e+01
1.877271080017089844e+01
1.200681400299072266e+01
2.588556289672851562e+01
1.119971275329589844e+01
3.212247848510742188e+01
4.230741882324218750e+01
1.135508346557617188e+01
2.839812850952148438e+01
1.365594291687011719e+01
3.236655807495117188e+01
3.277412033081054688e+01
2.384741401672363281e+01
1.069786930084228516e+01
1.286013412475585938e+01
1.246208477020263672e+01
2.628751373291015625e+01
1.221567630767822266e+01
2.918460083007812500e+01
1.312134933471679688e+01
2.895927810668945312e+01
2.674678421020507812e+01
3.599227905273437500e+01
1.069852828979492188e+01
1.386022090911865234e+01
1.498167324066162109e+01
1.402037715911865234e+01
1.107836151123046875e+01
1.370860767364501953e+01
1.557506370544433594e+01
4.181993865966796875e+01
6.841436386108398438e+00
4.200026702880859375e+01
1.123857402801513672e+01
4.239743804931640625e+01
2.507612991333007812e+01
8.313614845275878906e+00
1.273090267181396484e+01
1.185559463500976562e+01
1.858936691284179688e+01
3.914425659179687500e+01
3.920629501342773438e+01
3.934009933471679688e+01
2.340848541259765625e+01
1.332783699035644531e+01
1.167169570922851562e+01
1.810535812377929688e+01
3.659955596923828125e+01
3.218173217773437500e+01
1.434024810791015625e+01
2.386115646362304688e+01
3.600595474243164062e+01
4.206903839111328125e+01
1.589129829406738281e+01
1.368002033233642578e+01
3.574084091186523438e+01
3.228659057617187500e+01
2.889249229431152344e+01
1.584242630004882812e+01
1.413507461547851562e+01
1.502992630004882812e+01
3.177078628540039062e+01
1.407901859283447266e+01
1.915582466125488281e+01
1.257201862335205078e+01
2.410204505920410156e+01
1.194363689422607422e+01
1.629393768310546875e+01
2.990519332885742188e+01
2.467576789855957031e+01
1.081300735473632812e+01
1.063643360137939453e+01
1.579402732849121094e+01
3.545058059692382812e+01
3.655344009399414062e+01
2.379293441772460938e+01
1.749281311035156250e+01
3.550720596313476562e+01
4.171809768676757812e+01
1.103500843048095703e+01
3.628791046142578125e+01
1.376052379608154297e+01
1.435840511322021484e+01
1.391389846801757812e+01
1.051640701293945312e+01
1.389381217956542969e+01
2.375755310058593750e+01
3.657391357421875000e+01
3.348448944091796875e+01
3.884703826904296875e+01
2.340219116210937500e+01
2.443749809265136719e+01
3.546670150756835938e+01
1.104854202270507812e+01
1.046934318542480469e+01
1.420114231109619141e+01
3.500871276855468750e+01
3.261183166503906250e+01
1.790898132324218750e+01
1.162335300445556641e+01
5.671682357788085938e+00
3.187440490722656250e+01
2.455676078796386719e+01
1.635678291320800781e+01
3.234842681884765625e+01
3.569940567016601562e+01
1.116159915924072266e+01
2.929289436340332031e+01
3.999257659912109375e+01
3.278806304931640625e+01
3.577393341064453125e+01
3.285647964477539062e+01
1.186538887023925781e+01
2.886037826538085938e+01
2.700061798095703125e+01
1.546349525451660156e+01
3.012265968322753906e+01
1.263643360137939453e+01
7.305760383605957031e+00
1.231013488769531250e+01
1.020923805236816406e+01
4.162672424316406250e+01
1.266703987121582031e+01
2.544623374938964844e+01
2.710826110839843750e+01
3.231459426879882812e+01
1.309818744659423828e+01
1.700322341918945312e+01
1.567379093170166016e+01
1.545628070831298828e+01
1.071707057952880859e+01
3.994391632080078125e+01
3.989527130126953125e+01
3.674850082397460938e+01
3.344572067260742188e+01
2.146993827819824219e+01
2.702428436279296875e+01
1.105421161651611328e+01
2.971283912658691406e+01
1.626784133911132812e+01
1.023087310791015625e+01
1.224643230438232422e+01
3.728847885131835938e+01
1.483538055419921875e+01
3.684066390991210938e+01
1.522478294372558594e+01
1.140955162048339844e+01
2.394618606567382812e+01
3.580156326293945312e+01
1.647179031372070312e+01
2.880872344970703125e+01
2.667764472961425781e+01
1.099614238739013672e+01
1.236204147338867188e+01
3.192498588562011719e+01
2.628353500366210938e+01
3.312394714355468750e+01
3.195894241333007812e+01
1.613792037963867188e+01
1.293243598937988281e+01
2.952409362792968750e+01
1.416794490814208984e+01
1.374372863769531250e+01
1.561139488220214844e+01
1.297916126251220703e+01
1.634844589233398438e+01
3.024213027954101562e+01
1.011385917663574219e+01
3.230436706542968750e+01
8.787542343139648438e+00
1.667733383178710938e+01
1.051274585723876953e+01
3.562675857543945312e+01
1.165207386016845703e+01
1.145773410797119141e+01
3.301757812500000000e+01
1.384608745574951172e+01
4.197464752197265625e+01
1.503569221496582031e+01
1.611735725402832031e+01
1.394647693634033203e+01
1.172917938232421875e+01
3.947610855102539062e+01
1.892008781433105469e+01
1.080780124664306641e+01
2.486008834838867188e+01
1.158954524993896484e+01
2.855754852294921875e+01
3.959710311889648438e+01
2.424464797973632812e+01
1.540336990356445312e+01
1.928608703613281250e+01
2.834934234619140625e+01
3.950334930419921875e+01
1.830173492431640625e+01
1.184070491790771484e+01
1.438937473297119141e+01
2.575261497497558594e+01
2.908783912658691406e+01
3.232894897460937500e+01
2.906832122802734375e+01
5.606124877929687500e+00
2.410295295715332031e+01
3.201662445068359375e+01
3.659484863281250000e+01
2.378869056701660156e+01
2.884974288940429688e+01
1.219939041137695312e+01
3.011749458312988281e+01
1.518373298645019531e+01
1.711956405639648438e+01
1.349086761474609375e+01
3.942288970947265625e+01
2.918547630310058594e+01
3.529120254516601562e+01
3.254473114013671875e+01
1.274189281463623047e+01
1.118065357208251953e+01
2.957843399047851562e+01
1.157372665405273438e+01
3.973190307617187500e+01
1.461212539672851562e+01
1.116376590728759766e+01
2.343589019775390625e+01
3.898003768920898438e+01
1.381653022766113281e+01
9.994629859924316406e+00
1.403111362457275391e+01
1.025920581817626953e+01
3.979035186767578125e+01
1.152410125732421875e+01
6.300558090209960938e+00
1.378851890563964844e+01
3.303725051879882812e+01
3.210764312744140625e+01
3.574608612060546875e+01
1.475489425659179688e+01
1.128511810302734375e+01
2.500682258605957031e+01
1.468911170959472656e+01
2.513220977783203125e+01
2.842187881469726562e+01
2.630450057983398438e+01
3.216957092285156250e+01
4.154065704345703125e+01
1.427562904357910156e+01
3.273592376708984375e+01
1.842301940917968750e+01
1.568100261688232422e+01
1.416810894012451172e+01
3.593950271606445312e+01
1.250031661987304688e+01
3.236166381835937500e+01
2.931947898864746094e+01
1.255281639099121094e+01
3.957926940917968750e+01
1.277876567840576172e+01
2.665768241882324219e+01
1.314123153686523438e+01
4.241339874267578125e+01
1.102593326568603516e+01
2.610932350158691406e+01
1.212725543975830078e+01
1.170460510253906250e+01
5.592128753662109375e+00
1.215210437774658203e+01
3.921800994873046875e+01
1.230423831939697266e+01
1.160254669189453125e+01
1.112574005126953125e+01
2.457943344116210938e+01
2.958399200439453125e+01
1.827477645874023438e+01
2.654159164428710938e+01
2.676507568359375000e+01
1.006230926513671875e+01
1.347155952453613281e+01
1.362326335906982422e+01
1.407516765594482422e+01
1.241542053222656250e+01
1.177955245971679688e+01
1.060713672637939453e+01
1.771260643005371094e+01
2.889398765563964844e+01
1.689484214782714844e+01
1.912240600585937500e+01
4.292128372192382812e+01
3.232065963745117188e+01
2.964817619323730469e+01
1.283591365814208984e+01
1.642905044555664062e+01
2.854176712036132812e+01
3.601695251464843750e+01
1.084290885925292969e+01
1.227403545379638672e+01
2.524952125549316406e+01
1.130955791473388672e+01
2.719758605957031250e+01
1.399089527130126953e+01
3.184124374389648438e+01
1.172416400909423828e+01
1.364216709136962891e+01
1.153980159759521484e+01
6.398900985717773438e+00
3.257725524902343750e+01
3.211415863037109375e+01
3.257471847534179688e+01
1.212494468688964844e+01
1.525320243835449219e+01
1.074172115325927734e+01
6.496790885925292969e+00
2.894539833068847656e+01
2.579785728454589844e+01
1.190562629699707031e+01
3.575157546997070312e+01
1.889529991149902344e+01
3.238204956054687500e+01
1.433925056457519531e+01
1.708506393432617188e+01
4.004225158691406250e+01
1.304526901245117188e+01
2.700972175598144531e+01
3.642245864868164062e+01
2.584882164001464844e+01
1.027807617187500000e+01
1.320925712585449219e+01
1.321721267700195312e+01
1.203431701660156250e+01
1.243314170837402344e+01
3.621992874145507812e+01
3.242378997802734375e+01
3.978638458251953125e+01
3.316267776489257812e+01
2.947304916381835938e+01
2.925927162170410156e+01
1.205341625213623047e+01
3.229303359985351562e+01
2.478302192687988281e+01
1.078859901428222656e+01
3.267880249023437500e+01
1.060029411315917969e+01
1.305146217346191406e+01
3.268627548217773438e+01
2.917340469360351562e+01
1.244643783569335938e+01
3.924279785156250000e+01
1.143174743652343750e+01
1.237533664703369141e+01
1.311105060577392578e+01
3.872460937500000000e+01
2.838371086120605469e+01
1.420038414001464844e+01
3.921543502807617188e+01
1.862446784973144531e+01
1.541322135925292969e+01
1.405257797241210938e+01
2.886460304260253906e+01
1.381393718719482422e+01
1.209317970275878906e+01
2.924539184570312500e+01
1.384708690643310547e+01
3.610395431518554688e+01
1.311322689056396484e+01
1.054279899597167969e+01
1.927613639831542969e+01
3.905144500732421875e+01
1.290685939788818359e+01
8.895184516906738281e+00
1.867767715454101562e+01
1.460502529144287109e+01
3.257194900512695312e+01
7.012875556945800781e+00
1.612337112426757812e+01
3.862129211425781250e+01
1.250424194335937500e+01
1.371916294097900391e+01
1.341157341003417969e+01
1.437107181549072266e+01
3.889480209350585938e+01
1.420770645141601562e+01
1.021377086639404297e+01
2.962842178344726562e+01
