4.002064514160156250e+01
1.538794708251953125e+01
3.266945648193359375e+01
3.616688919067382812e+01
2.315131568908691406e+01
3.562430953979492188e+01
1.061874008178710938e+01
1.282719707489013672e+01
1.162910175323486328e+01
3.221025466918945312e+01
3.625648117065429688e+01
1.290179920196533203e+01
1.027259731292724609e+01
1.428250694274902344e+01
1.713229560852050781e+01
1.340393257141113281e+01
2.695999908447265625e+01
2.855284690856933594e+01
4.213238143920898438e+01
8.707442283630371094e+00
1.682185935974121094e+01
1.119696235656738281e+01
2.914495277404785156e+01
1.446763038635253906e+01
1.442638587951660156e+01
1.302377891540527344e+01
3.238291168212890625e+01
1.209396171569824219e+01
1.431131458282470703e+01
3.575728607177734375e+01
2.627156066894531250e+01
2.795164108276367188e+01
1.546846771240234375e+01
2.787778854370117188e+01
3.202106475830078125e+01
4.020740509033203125e+01
3.171174621582031250e+01
3.595019531250000000e+01
3.935663604736328125e+01
2.680131530761718750e+01
9.990340232849121094e+00
1.024540996551513672e+01
2.845991897583007812e+01
1.419345283508300781e+01
1.115925884246826172e+01
1.517155075073242188e+01
1.453134727478027344e+01
1.504055976867675781e+01
2.255254173278808594e+01
1.065973186492919922e+01
2.582882118225097656e+01
1.484518337249755859e+01
1.072569370269775391e+01
3.209882736206054688e+01
2.967756462097167969e+01
1.219612503051757812e+01
2.938392639160156250e+01
1.308449077606201172e+01
2.574526977539062500e+01
1.455706119537353516e+01
4.256488418579101562e+01
1.239803791046142578e+01
4.028795623779296875e+01
3.246674346923828125e+01
1.024298954010009766e+01
2.927404022216796875e+01
1.027358913421630859e+01
1.893518257141113281e+01
1.060979557037353516e+01
1.457671356201171875e+01
3.655450820922851562e+01
2.577854919433593750e+01
1.065078735351562500e+01
3.911388778686523438e+01
2.958816719055175781e+01
1.024379730224609375e+01
3.211654663085937500e+01
3.242700195312500000e+01
1.427314567565917969e+01
4.265817260742187500e+01
1.491094684600830078e+01
1.532451057434082031e+01
3.661951828002929688e+01
1.537071228027343750e+01
3.603330612182617188e+01
1.484689903259277344e+01
3.202929687500000000e+01
3.257853698730468750e+01
3.249424743652343750e+01
2.346311187744140625e+01
1.243620109558105469e+01
1.286061286926269531e+01
3.234645462036132812e+01
2.593368339538574219e+01
1.449978065490722656e+01
1.391927337646484375e+01
2.942085266113281250e+01
2.939478683471679688e+01
1.536535358428955078e+01
2.779527664184570312e+01
1.566879940032958984e+01
1.531915283203125000e+01
2.953038024902343750e+01
1.218179512023925781e+01
1.125648784637451172e+01
1.682525634765625000e+01
3.243923568725585938e+01
2.813860321044921875e+01
3.001102256774902344e+01
1.486003875732421875e+01
1.173221397399902344e+01
2.934999656677246094e+01
3.249398040771484375e+01
7.281156539916992188e+00
1.671688842773437500e+01
1.249505805969238281e+01
1.501008796691894531e+01
3.259560394287109375e+01
4.231994628906250000e+01
3.565227127075195312e+01
1.438439369201660156e+01
2.573119354248046875e+01
2.917260551452636719e+01
3.604989624023437500e+01
3.974904632568359375e+01
2.987499618530273438e+01
1.211277770996093750e+01
1.703870010375976562e+01
1.067575645446777344e+01
1.228657722473144531e+01
3.567168426513671875e+01
1.087013244628906250e+01
1.217074680328369141e+01
1.938686943054199219e+01
4.209738159179687500e+01
3.256809997558593750e+01
2.222487640380859375e+01
1.057774639129638672e+01
1.438739204406738281e+01
2.789663314819335938e+01
1.449333953857421875e+01
1.083257198333740234e+01
1.692836952209472656e+01
2.584511184692382812e+01
1.173757076263427734e+01
3.211306381225585938e+01
3.186786270141601562e+01
3.638474273681640625e+01
1.468952178955078125e+01
1.213218593597412109e+01
2.874856376647949219e+01
3.595388412475585938e+01
2.573619461059570312e+01
1.546311187744140625e+01
5.939311981201171875e+00
3.253527832031250000e+01
2.616558456420898438e+01
1.898846244812011719e+01
2.529785156250000000e+01
1.687681198120117188e+01
3.641410446166992188e+01
1.247436618804931641e+01
2.806552505493164062e+01
1.550931167602539062e+01
1.278383064270019531e+01
1.528770923614501953e+01
8.567865371704101562e+00
2.364992332458496094e+01
1.256110286712646484e+01
3.171842575073242188e+01
1.702761840820312500e+01
1.486503791809082031e+01
3.987124633789062500e+01
2.912991905212402344e+01
1.528088283538818359e+01
3.644271087646484375e+01
1.182997322082519531e+01
3.938598251342773438e+01
1.923643875122070312e+01
3.270210647583007812e+01
2.782278060913085938e+01
1.508646774291992188e+01
1.336550807952880859e+01
4.239527893066406250e+01
2.853974914550781250e+01
1.063476467132568359e+01
3.240396499633789062e+01
3.222755432128906250e+01
1.850359344482421875e+01
3.201076889038085938e+01
3.984858703613281250e+01
1.323831748962402344e+01
1.765137100219726562e+01
1.178377056121826172e+01
1.047578144073486328e+01
4.047470855712890625e+01
2.802549552917480469e+01
1.479306411743164062e+01
1.455991268157958984e+01
1.423252582550048828e+01
1.440558147430419922e+01
3.596168136596679688e+01
1.714576339721679688e+01
3.631720352172851562e+01
2.596696472167968750e+01
1.873768043518066406e+01
1.481913280487060547e+01
1.357963562011718750e+01
2.325247955322265625e+01
5.754262924194335938e+00
4.185855102539062500e+01
1.019547557830810547e+01
1.233733463287353516e+01
1.478615760803222656e+01
3.216651916503906250e+01
2.943486404418945312e+01
1.021319675445556641e+01
1.545891189575195312e+01
4.145941925048828125e+01
3.270827484130859375e+01
1.619527816772460938e+01
1.163445568084716797e+01
3.175082588195800781e+01
1.666240501403808594e+01
1.131382656097412109e+01
1.515934562683105469e+01
1.461216163635253906e+01
1.130209255218505859e+01
2.921599388122558594e+01
3.203376007080078125e+01
4.209238052368164062e+01
1.686495971679687500e+01
1.677511596679687500e+01
2.921904373168945312e+01
1.703416061401367188e+01
2.383593368530273438e+01
2.296517562866210938e+01
1.015892124176025391e+01
3.242570114135742188e+01
4.207164382934570312e+01
2.530697631835937500e+01
1.177841377258300781e+01
2.816498947143554688e+01
2.904106903076171875e+01
1.279901218414306641e+01
1.076371383666992188e+01
3.228536987304687500e+01
3.288618087768554688e+01
3.640089797973632812e+01
4.182108688354492188e+01
2.915696716308593750e+01
3.263519668579101562e+01
1.251796817779541016e+01
2.627532577514648438e+01
2.619339752197265625e+01
3.912359619140625000e+01
2.333964920043945312e+01
1.324367427825927734e+01
2.791714096069335938e+01
1.153669929504394531e+01
1.415676116943359375e+01
1.683061218261718750e+01
2.912298011779785156e+01
1.231851959228515625e+01
1.192846870422363281e+01
1.021400451660156250e+01
3.902370834350585938e+01
1.695003509521484375e+01
4.208333587646484375e+01
2.395801734924316406e+01
1.187617301940917969e+01
2.278993606567382812e+01
1.021561908721923828e+01
3.228701782226562500e+01
5.459033966064453125e+00
2.336016273498535156e+01
3.216673278808593750e+01
3.215403747558593750e+01
2.926986694335937500e+01
3.254059600830078125e+01
1.530261611938476562e+01
2.349874114990234375e+01
1.024621868133544922e+01
4.066147232055664062e+01
2.320632553100585938e+01
1.688217163085937500e+01
1.699964141845703125e+01
4.160931396484375000e+01
2.331437492370605469e+01
3.967331695556640625e+01
3.635751724243164062e+01
1.318676185607910156e+01
3.256912994384765625e+01
1.177808952331542969e+01
2.342509841918945312e+01
1.465119075775146484e+01
2.875551605224609375e+01
1.192237472534179688e+01
4.205979537963867188e+01
1.027278232574462891e+01
3.226387023925781250e+01
9.840260505676269531e+00
2.374876976013183594e+01
3.596934509277343750e+01
1.527406597137451172e+01
2.641946029663085938e+01
1.314056110382080078e+01
1.068470001220703125e+01
2.840352630615234375e+01
1.128040885925292969e+01
1.293739414215087891e+01
2.574119758605957031e+01
1.215128898620605469e+01
1.020253944396972656e+01
1.172685909271240234e+01
3.285667800903320312e+01
1.423014450073242188e+01
6.405451774597167969e+00
2.920658302307128906e+01
1.556086921691894531e+01
1.927980804443359375e+01
2.895895385742187500e+01
3.269696044921875000e+01
4.012685394287109375e+01
1.347257328033447266e+01
1.725509643554687500e+01
4.262014770507812500e+01
3.615610504150390625e+01
1.059377098083496094e+01
3.603318786621093750e+01
1.287063503265380859e+01
1.187301921844482422e+01
6.634522438049316406e+00
2.889799880981445312e+01
1.710280227661132812e+01
1.506448841094970703e+01
3.612928009033203125e+01
3.965136718750000000e+01
1.172154331207275391e+01
1.021481227874755859e+01
2.844969367980957031e+01
3.204732894897460938e+01
1.313616561889648438e+01
1.095932865142822266e+01
1.491008377075195312e+01
2.304995918273925781e+01
2.931672859191894531e+01
1.120362758636474609e+01
1.177305889129638672e+01
3.613044738769531250e+01
1.214095401763916016e+01
3.234317398071289062e+01
1.542226982116699219e+01
3.914433288574218750e+01
3.611248779296875000e+01
1.575663185119628906e+01
2.617949104309082031e+01
5.497383117675781250e+00
1.689156913757324219e+01
1.425877094268798828e+01
3.975333404541015625e+01
1.214256954193115234e+01
2.775421714782714844e+01
3.582363891601562500e+01
3.677127075195312500e+01
3.241467666625976562e+01
1.444622230529785156e+01
1.205545139312744141e+01
3.926254272460937500e+01
3.274484634399414062e+01
1.118194675445556641e+01
1.884474372863769531e+01
2.910307693481445312e+01
1.366184997558593750e+01
1.379540634155273438e+01
2.841492652893066406e+01
1.896000099182128906e+01
2.662122535705566406e+01
1.486767578125000000e+01
1.201133441925048828e+01
3.967210388183593750e+01
1.436819458007812500e+01
1.021642589569091797e+01
1.464361381530761719e+01
1.451400566101074219e+01
1.208217906951904297e+01
1.286516952514648438e+01
1.906114196777343750e+01
2.972294425964355469e+01
7.327171325683593750e+00
1.388274192810058594e+01
1.475482845306396484e+01
1.725282859802246094e+01
1.708584403991699219e+01
1.007555770874023438e+01
1.714349555969238281e+01
1.895407867431640625e+01
1.122531032562255859e+01
1.429379844665527344e+01
1.814123344421386719e+01
3.580307769775390625e+01
2.955054473876953125e+01
5.230503082275390625e+00
1.678155517578125000e+01
1.461961555480957031e+01
3.639775466918945312e+01
3.259810256958007812e+01
3.235097503662109375e+01
1.329523086547851562e+01
3.213457489013671875e+01
1.202442932128906250e+01
2.835856246948242188e+01
2.889288520812988281e+01
5.963233947753906250e+00
3.231754302978515625e+01
2.772142410278320312e+01
1.041095066070556641e+01
3.943709945678710938e+01
1.560661220550537109e+01
1.906340980529785156e+01
1.214176273345947266e+01
3.649340820312500000e+01
1.058482837677001953e+01
3.674959182739257812e+01
1.541691112518310547e+01
3.940085220336914062e+01
2.609986877441406250e+01
3.192907142639160156e+01
3.215969085693359375e+01
1.123704528808593750e+01
3.914892578125000000e+01
2.858831787109375000e+01
3.612714767456054688e+01
3.626329803466796875e+01
1.289219760894775391e+01
1.182461643218994141e+01
1.475355720520019531e+01
1.237786674499511719e+01
1.312656784057617188e+01
1.811372566223144531e+01
1.740746688842773438e+01
3.961153411865234375e+01
3.257124328613281250e+01
3.240597152709960938e+01
1.358506774902343750e+01
1.277981281280517578e+01
1.129637050628662109e+01
3.217341995239257812e+01
1.264901828765869141e+01
2.368062400817871094e+01
1.158290195465087891e+01
3.865659332275390625e+01
2.581183052062988281e+01
1.291264343261718750e+01
1.483139991760253906e+01
3.574034881591796875e+01
2.810861206054687500e+01
1.393885517120361328e+01
1.231154441833496094e+01
2.804603195190429688e+01
3.644618225097656250e+01
1.385784244537353516e+01
3.938036346435546875e+01
3.623665618896484375e+01
2.866798973083496094e+01
3.594127273559570312e+01
1.303337764739990234e+01
2.360507392883300781e+01
2.330768013000488281e+01
2.567706871032714844e+01
1.718901443481445312e+01
2.366707038879394531e+01
1.861404228210449219e+01
3.588238143920898438e+01
3.573157501220703125e+01
1.215789985656738281e+01
3.544739532470703125e+01
3.287489700317382812e+01
3.224295043945312500e+01
2.642438507080078125e+01
5.569211959838867188e+00
1.280860996246337891e+01
1.691086959838867188e+01
1.546437644958496094e+01
1.191075229644775391e+01
9.850890159606933594e+00
2.578769493103027344e+01
1.125872802734375000e+01
2.393914413452148438e+01
4.234622955322265625e+01
3.233788299560546875e+01
3.658451461791992188e+01
1.300458240509033203e+01
1.433830928802490234e+01
1.928511619567871094e+01
1.571367645263671875e+01
4.211312103271484375e+01
1.462833499908447266e+01
1.233970069885253906e+01
6.540081977844238281e+00
2.164598846435546875e+01
2.881483268737792969e+01
3.650396347045898438e+01
1.452744579315185547e+01
1.692936706542968750e+01
2.607778930664062500e+01
1.322935581207275391e+01
3.872778320312500000e+01
3.922325134277343750e+01
1.453771972656250000e+01
3.252175140380859375e+01
2.769392204284667969e+01
2.346784400939941406e+01
2.996975135803222656e+01
1.191753959655761719e+01
1.220750713348388672e+01
2.615167808532714844e+01
5.344768524169921875e+00
1.220060920715332031e+01
2.973158264160156250e+01
4.032111358642578125e+01
3.231700897216796875e+01
1.551466751098632812e+01
1.527295303344726562e+01
1.154209423065185547e+01
3.584000778198242188e+01
1.278941345214843750e+01
1.690472602844238281e+01
1.368896865844726562e+01
1.421151924133300781e+01
1.521640014648437500e+01
1.214416503906250000e+01
2.892791557312011719e+01
3.227626419067382812e+01
1.280551433563232422e+01
4.187931823730468750e+01
1.696232986450195312e+01
2.838340759277343750e+01
1.287788391113281250e+01
1.437779331207275391e+01
1.216298007965087891e+01
2.877098655700683594e+01
1.458207511901855469e+01
3.224024581909179688e+01
2.853918457031250000e+01
1.550481414794921875e+01
3.201729583740234375e+01
1.395596694946289062e+01
2.779509925842285156e+01
1.292099475860595703e+01
1.405571746826171875e+01
1.340972995758056641e+01
2.386629486083984375e+01
1.349503707885742188e+01
1.328451824188232422e+01
2.569129753112792969e+01
1.443093967437744141e+01
1.496012878417968750e+01
1.483541679382324219e+01
2.859912872314453125e+01
2.598849678039550781e+01
2.381888198852539062e+01
1.454338550567626953e+01
2.862582015991210938e+01
8.841901779174804688e+00
1.070072555541992188e+01
1.097126865386962891e+01
4.039416122436523438e+01
1.121297740936279297e+01
1.133550834655761719e+01
1.916820144653320312e+01
3.917420578002929688e+01
8.698978424072265625e+00
2.317881965637207031e+01
3.261376190185546875e+01
2.588502120971679688e+01
1.678455162048339844e+01
1.479512310028076172e+01
2.716765022277832031e+01
1.354058837890625000e+01
2.848742294311523438e+01
2.860956192016601562e+01
1.449018192291259766e+01
1.932504272460937500e+01
3.642341232299804688e+01
1.873342514038085938e+01
2.397007751464843750e+01
1.027439498901367188e+01
3.910796356201171875e+01
1.482683372497558594e+01
2.344626426696777344e+01
3.948614883422851562e+01
1.549728012084960938e+01
1.541155624389648438e+01
1.427070236206054688e+01
1.211197185516357422e+01
2.307746315002441406e+01
1.684045791625976562e+01
3.238706970214843750e+01
3.916506958007812500e+01
3.254583740234375000e+01
2.856015968322753906e+01
3.253119659423828125e+01
1.537606716156005859e+01
1.917047309875488281e+01
1.944086074829101562e+01
1.254788112640380859e+01
4.207719802856445312e+01
1.871317481994628906e+01
1.349456691741943359e+01
1.373224258422851562e+01
1.475884723663330078e+01
1.301418304443359375e+01
1.291014194488525391e+01
1.715270423889160156e+01
2.741863250732421875e+01
2.608279037475585938e+01
2.358934402465820312e+01
7.085543632507324219e+00
2.328844261169433594e+01
2.645299911499023438e+01
1.825137329101562500e+01
1.847877693176269531e+01
3.281437683105468750e+01
1.692502212524414062e+01
1.539021682739257812e+01
3.214039611816406250e+01
1.328987503051757812e+01
3.236538314819335938e+01
3.258414459228515625e+01
2.963682556152343750e+01
1.407992172241210938e+01
1.529806137084960938e+01
1.427628421783447266e+01
1.344948387145996094e+01
1.703643035888671875e+01
2.949341201782226562e+01
3.608481216430664062e+01
1.287386608123779297e+01
3.630535125732421875e+01
3.653830337524414062e+01
2.346146011352539062e+01
2.661082077026367188e+01
1.215332508087158203e+01
1.668139076232910156e+01
2.312551879882812500e+01
2.357512474060058594e+01
3.589026260375976562e+01
2.349584960937500000e+01
1.478860282897949219e+01
1.291139698028564453e+01
2.785028457641601562e+01
1.103883647918701172e+01
3.310942459106445312e+01
2.381170845031738281e+01
1.323895454406738281e+01
3.213770294189453125e+01
3.583971405029296875e+01
1.446832466125488281e+01
1.005790901184082031e+01
3.245660400390625000e+01
2.477600669860839844e+01
1.449329185485839844e+01
2.355938720703125000e+01
3.239288711547851562e+01
2.872623825073242188e+01
1.534238052368164062e+01
1.560782432556152344e+01
3.242569732666015625e+01
2.414372444152832031e+01
3.618399429321289062e+01
1.708638763427734375e+01
3.593246459960937500e+01
2.774892807006835938e+01
1.030257225036621094e+01
1.169317150115966797e+01
3.620485687255859375e+01
3.663022613525390625e+01
1.090647125244140625e+01
1.735712623596191406e+01
1.336097240447998047e+01
2.876733779907226562e+01
1.222183895111083984e+01
1.453500461578369141e+01
3.260072326660156250e+01
3.901428985595703125e+01
1.288229656219482422e+01
1.274534606933593750e+01
1.294641876220703125e+01
1.683334159851074219e+01
1.880074882507324219e+01
