1.277694225311279297e+01
1.446651840209960938e+01
1.485195636749267578e+01
4.118594741821289062e+01
1.246267700195312500e+01
4.004589843750000000e+01
3.880084228515625000e+01
3.214986038208007812e+01
3.577821731567382812e+01
7.943022727966308594e+00
1.841255950927734375e+01
3.273669052124023438e+01
3.490793991088867188e+01
1.067961025238037109e+01
1.597139739990234375e+01
1.462161540985107422e+01
1.219781303405761719e+01
2.568074417114257812e+01
1.266089248657226562e+01
3.561637878417968750e+01
1.196066284179687500e+01
1.011104965209960938e+01
1.244243526458740234e+01
1.475506019592285156e+01
2.569890022277832031e+01
3.161174011230468750e+01
4.207958221435546875e+01
1.195340824127197266e+01
1.430131816864013672e+01
2.808417701721191406e+01
6.221796035766601562e+00
3.596795654296875000e+01
1.257417488098144531e+01
1.197306442260742188e+01
3.569207763671875000e+01
2.710125350952148438e+01
1.118183898925781250e+01
3.261902618408203125e+01
2.610738182067871094e+01
2.415066337585449219e+01
4.084892272949218750e+01
2.547661018371582031e+01
3.226859283447265625e+01
2.425277900695800781e+01
1.449514675140380859e+01
1.595909214019775391e+01
3.284460830688476562e+01
1.391905593872070312e+01
4.285973358154296875e+01
1.223504829406738281e+01
1.300404739379882812e+01
2.896926498413085938e+01
2.930017280578613281e+01
1.337106513977050781e+01
1.007361125946044922e+01
2.388420677185058594e+01
2.451139831542968750e+01
6.539167404174804688e+00
1.591622543334960938e+01
6.753646850585937500e+00
2.523353385925292969e+01
2.419979286193847656e+01
1.998951148986816406e+01
3.643029785156250000e+01
1.651029205322265625e+01
1.502908134460449219e+01
1.066927051544189453e+01
2.422758293151855469e+01
1.507794189453125000e+01
1.456399917602539062e+01
4.032153320312500000e+01
1.418900775909423828e+01
1.452496719360351562e+01
3.257998657226562500e+01
2.438042068481445312e+01
1.487447738647460938e+01
1.225332450866699219e+01
3.520435333251953125e+01
1.079237365722656250e+01
3.672369003295898438e+01
1.846416282653808594e+01
1.363041973114013672e+01
4.201043701171875000e+01
2.868480300903320312e+01
3.964373016357421875e+01
3.694187164306640625e+01
1.084521770477294922e+01
1.330449390411376953e+01
2.904751968383789062e+01
4.221717071533203125e+01
1.243884658813476562e+01
1.221190166473388672e+01
1.019306850433349609e+01
2.615173912048339844e+01
3.626622772216796875e+01
1.213052940368652344e+01
3.948504638671875000e+01
3.871661376953125000e+01
1.240396022796630859e+01
1.253760814666748047e+01
2.350772666931152344e+01
1.469055175781250000e+01
2.302266693115234375e+01
1.794056510925292969e+01
2.401334190368652344e+01
1.217975902557373047e+01
2.952290725708007812e+01
3.981438446044921875e+01
1.074921131134033203e+01
1.358500289916992188e+01
1.136226749420166016e+01
1.477580642700195312e+01
2.840988731384277344e+01
3.285807037353515625e+01
1.656029319763183594e+01
2.416980934143066406e+01
1.223310947418212891e+01
4.266299819946289062e+01
1.377121448516845703e+01
3.528005218505859375e+01
3.963988876342773438e+01
3.704512786865234375e+01
3.289080810546875000e+01
8.111844062805175781e+00
3.160219001770019531e+01
1.091869163513183594e+01
2.843874740600585938e+01
3.266155242919921875e+01
3.292160797119140625e+01
1.641361999511718750e+01
1.097947311401367188e+01
1.061915111541748047e+01
3.198482894897460938e+01
3.241575622558593750e+01
7.353083610534667969e+00
1.283443737030029297e+01
3.269736480712890625e+01
1.486198806762695312e+01
1.308506393432617188e+01
3.990566253662109375e+01
1.503770065307617188e+01
1.830107498168945312e+01
3.527826690673828125e+01
1.088049507141113281e+01
3.685060882568359375e+01
3.282942962646484375e+01
1.477836418151855469e+01
1.480598068237304688e+01
3.701667404174804688e+01
1.299444389343261719e+01
2.967361450195312500e+01
7.429299354553222656e+00
1.620332717895507812e+01
2.609196090698242188e+01
2.852155494689941406e+01
1.269595909118652344e+01
2.651831436157226562e+01
1.346152400970458984e+01
3.225723266601562500e+01
1.037139034271240234e+01
4.168848419189453125e+01
2.363782119750976562e+01
2.959108543395996094e+01
3.601448059082031250e+01
2.411264228820800781e+01
3.638443756103515625e+01
3.967828369140625000e+01
2.564156341552734375e+01
1.479368114471435547e+01
2.824766349792480469e+01
2.926325416564941406e+01
1.271363067626953125e+01
1.613032722473144531e+01
1.934839248657226562e+01
2.699778747558593750e+01
1.629058265686035156e+01
4.220255661010742188e+01
1.500547790527343750e+01
1.606472015380859375e+01
9.688980102539062500e+00
1.268143081665039062e+01
1.416914939880371094e+01
2.887405014038085938e+01
1.073328685760498047e+01
1.085154342651367188e+01
3.187995910644531250e+01
1.459984779357910156e+01
4.201419830322265625e+01
2.311919593811035156e+01
1.488666534423828125e+01
3.188661193847656250e+01
1.083879947662353516e+01
3.236087036132812500e+01
2.828184890747070312e+01
1.416859912872314453e+01
1.012273788452148438e+01
1.183219146728515625e+01
3.601068115234375000e+01
2.790884208679199219e+01
4.030212402343750000e+01
2.583738708496093750e+01
4.186431884765625000e+01
3.582968902587890625e+01
1.212398433685302734e+01
1.124824047088623047e+01
3.243478393554687500e+01
3.602716445922851562e+01
2.819515228271484375e+01
1.265366554260253906e+01
1.214348030090332031e+01
1.379155540466308594e+01
2.309884452819824219e+01
4.047701644897460938e+01
3.642240142822265625e+01
1.038683509826660156e+01
3.613037109375000000e+01
2.405637931823730469e+01
3.650778198242187500e+01
1.250516319274902344e+01
3.574324035644531250e+01
2.903679847717285156e+01
1.235919380187988281e+01
3.276038360595703125e+01
1.100069713592529297e+01
1.071504020690917969e+01
1.838386535644531250e+01
3.201055908203125000e+01
2.890720939636230469e+01
1.131752014160156250e+01
3.652019500732421875e+01
1.105086803436279297e+01
1.256514263153076172e+01
1.824063682556152344e+01
3.259698104858398438e+01
1.095012283325195312e+01
1.495202922821044922e+01
3.546202087402343750e+01
1.045167446136474609e+01
1.877345466613769531e+01
1.064945983886718750e+01
1.252255249023437500e+01
1.283076381683349609e+01
1.127950763702392578e+01
3.629165649414062500e+01
2.831402587890625000e+01
2.880674362182617188e+01
1.195489883422851562e+01
3.959806442260742188e+01
2.876326370239257812e+01
1.674180030822753906e+01
1.344699001312255859e+01
1.201948547363281250e+01
2.833323287963867188e+01
2.641451263427734375e+01
6.118864059448242188e+00
1.112206268310546875e+01
1.285939407348632812e+01
2.653269386291503906e+01
1.684690093994140625e+01
3.599560928344726562e+01
1.445316886901855469e+01
2.320086669921875000e+01
3.231657791137695312e+01
3.693634796142578125e+01
2.893703460693359375e+01
1.205706024169921875e+01
1.032264804840087891e+01
2.413060188293457031e+01
3.231912612915039062e+01
3.231504440307617188e+01
2.536248779296875000e+01
3.886531829833984375e+01
3.651298904418945312e+01
2.555482673645019531e+01
2.645090293884277344e+01
3.262969589233398438e+01
1.326427841186523438e+01
2.795736503601074219e+01
2.335233497619628906e+01
1.420784950256347656e+01
1.624256134033203125e+01
3.007342147827148438e+01
1.244439506530761719e+01
1.401780509948730469e+01
1.434207344055175781e+01
4.041393661499023438e+01
3.612979125976562500e+01
3.998111724853515625e+01
1.314449214935302734e+01
1.430937099456787109e+01
3.219248962402343750e+01
2.136177635192871094e+01
1.195551776885986328e+01
3.672017669677734375e+01
1.603980064392089844e+01
2.848364448547363281e+01
2.408231735229492188e+01
2.822006988525390625e+01
1.114876365661621094e+01
2.835533905029296875e+01
6.290615081787109375e+00
3.191837310791015625e+01
1.238187026977539062e+01
1.716393661499023438e+01
3.273589706420898438e+01
2.402022933959960938e+01
1.184504413604736328e+01
1.206456184387207031e+01
2.843088722229003906e+01
2.931501770019531250e+01
6.826412200927734375e+00
1.438402557373046875e+01
6.936129570007324219e+00
3.276907348632812500e+01
2.804215431213378906e+01
1.597454833984375000e+01
1.510063743591308594e+01
2.905335235595703125e+01
1.332687377929687500e+01
1.140004253387451172e+01
1.351830959320068359e+01
3.233084487915039062e+01
3.922196197509765625e+01
1.482299423217773438e+01
3.620111083984375000e+01
1.260109996795654297e+01
1.851210403442382812e+01
2.061777496337890625e+01
1.258449554443359375e+01
1.924179840087890625e+01
1.816437149047851562e+01
1.515291881561279297e+01
2.616238594055175781e+01
2.886023521423339844e+01
1.509074115753173828e+01
4.176708221435546875e+01
1.017375564575195312e+01
2.818748092651367188e+01
1.264626884460449219e+01
2.866323471069335938e+01
1.440844058990478516e+01
1.230012989044189453e+01
1.331990814208984375e+01
3.263639068603515625e+01
1.117351818084716797e+01
1.057212352752685547e+01
3.868590927124023438e+01
1.241938304901123047e+01
1.078091430664062500e+01
1.392884159088134766e+01
3.252350997924804688e+01
1.235404968261718750e+01
1.472195720672607422e+01
2.839970970153808594e+01
1.207815933227539062e+01
3.268040847778320312e+01
1.100887107849121094e+01
1.138285923004150391e+01
2.582000541687011719e+01
1.643946075439453125e+01
2.414608764648437500e+01
6.512859344482421875e+00
1.024551105499267578e+01
2.965750312805175781e+01
2.912878417968750000e+01
1.568829631805419922e+01
3.128390884399414062e+01
1.405024528503417969e+01
1.252688980102539062e+01
1.247339439392089844e+01
1.902377128601074219e+01
1.047099113464355469e+01
1.496385574340820312e+01
1.119679260253906250e+01
1.231187629699707031e+01
1.067516803741455078e+01
2.412430953979492188e+01
1.225139236450195312e+01
1.419409275054931641e+01
4.009617614746093750e+01
3.625855255126953125e+01
1.068918704986572266e+01
3.960248565673828125e+01
3.718608093261718750e+01
3.973486709594726562e+01
1.074457550048828125e+01
3.998760986328125000e+01
3.651467132568359375e+01
1.057707214355468750e+01
7.351215362548828125e+00
1.628886032104492188e+01
1.097672557830810547e+01
2.879442787170410156e+01
3.236437606811523438e+01
4.140235137939453125e+01
1.404131317138671875e+01
2.878705978393554688e+01
1.787879943847656250e+01
2.657619285583496094e+01
1.913945579528808594e+01
1.118555736541748047e+01
1.446779632568359375e+01
2.924628067016601562e+01
1.282258796691894531e+01
1.392174434661865234e+01
1.388037776947021484e+01
3.532084655761718750e+01
2.850821876525878906e+01
1.210750007629394531e+01
1.486685752868652344e+01
2.901568412780761719e+01
1.467000007629394531e+01
3.616616821289062500e+01
3.285225296020507812e+01
1.239717674255371094e+01
2.662873268127441406e+01
3.675455474853515625e+01
3.600593566894531250e+01
3.267198944091796875e+01
1.785167694091796875e+01
2.419931411743164062e+01
3.247360610961914062e+01
2.913430023193359375e+01
2.397729110717773438e+01
1.409828567504882812e+01
1.589224815368652344e+01
1.235420894622802734e+01
1.035802650451660156e+01
6.179189682006835938e+00
2.820255470275878906e+01
1.175853824615478516e+01
1.477699279785156250e+01
4.179322814941406250e+01
1.219987773895263672e+01
2.852171707153320312e+01
3.861168670654296875e+01
4.218718338012695312e+01
3.306692504882812500e+01
2.634157371520996094e+01
1.625501060485839844e+01
2.435975837707519531e+01
1.653460502624511719e+01
2.849494743347167969e+01
2.498061180114746094e+01
1.420810031890869141e+01
2.444529914855957031e+01
1.265251922607421875e+01
1.562226581573486328e+01
1.235929107666015625e+01
2.614304924011230469e+01
1.102082824707031250e+01
1.221968364715576172e+01
1.211512184143066406e+01
3.198801803588867188e+01
1.049251461029052734e+01
3.352537536621093750e+01
3.895050430297851562e+01
2.883342552185058594e+01
3.196317863464355469e+01
2.878104019165039062e+01
1.433057975769042969e+01
1.293461704254150391e+01
1.459037780761718750e+01
1.201348590850830078e+01
2.910748481750488281e+01
3.234062957763671875e+01
1.542786216735839844e+01
1.102754974365234375e+01
3.243476486206054688e+01
1.059363555908203125e+01
3.643611526489257812e+01
1.448561477661132812e+01
1.429922771453857422e+01
1.427438545227050781e+01
2.839840316772460938e+01
2.839499092102050781e+01
1.398934459686279297e+01
1.205982398986816406e+01
1.926908111572265625e+01
3.912342834472656250e+01
1.266325759887695312e+01
6.395017623901367188e+00
1.599874877929687500e+01
1.425511360168457031e+01
3.984532165527343750e+01
2.624465179443359375e+01
1.088954448699951172e+01
1.624976348876953125e+01
1.878884887695312500e+01
2.475583839416503906e+01
1.568571853637695312e+01
1.251433944702148438e+01
3.184158134460449219e+01
2.622849845886230469e+01
2.299314117431640625e+01
2.429535675048828125e+01
2.446514320373535156e+01
2.855255699157714844e+01
2.930203056335449219e+01
1.230200195312500000e+01
1.615133094787597656e+01
1.280062961578369141e+01
2.457211112976074219e+01
3.186602783203125000e+01
1.047196674346923828e+01
1.176520061492919922e+01
1.413603878021240234e+01
3.975730133056640625e+01
1.045367336273193359e+01
1.732124328613281250e+01
1.236826515197753906e+01
1.779003143310546875e+01
1.267188167572021484e+01
1.526132774353027344e+01
1.451317977905273438e+01
2.397144126892089844e+01
3.138051223754882812e+01
2.936333847045898438e+01
1.245813083648681641e+01
1.632592201232910156e+01
4.251981353759765625e+01
1.072476959228515625e+01
9.982167243957519531e+00
3.593470001220703125e+01
3.332522583007812500e+01
2.552222061157226562e+01
3.673424148559570312e+01
1.475116443634033203e+01
1.004743766784667969e+01
1.478649806976318359e+01
3.268812561035156250e+01
3.989859390258789062e+01
3.614841079711914062e+01
1.541804695129394531e+01
1.471088409423828125e+01
2.930044746398925781e+01
3.942163467407226562e+01
1.108366680145263672e+01
1.550475311279296875e+01
1.441782569885253906e+01
3.209120559692382812e+01
1.016465091705322266e+01
1.361196899414062500e+01
1.714105606079101562e+01
1.705159568786621094e+01
2.436513328552246094e+01
2.574463653564453125e+01
3.587977981567382812e+01
3.193482208251953125e+01
1.201406192779541016e+01
1.461283874511718750e+01
1.112061405181884766e+01
1.577763271331787109e+01
1.462440109252929688e+01
2.886536598205566406e+01
4.246093368530273438e+01
4.166767501831054688e+01
1.135013294219970703e+01
2.871603393554687500e+01
1.405281639099121094e+01
1.278187274932861328e+01
1.483435058593750000e+01
3.238690185546875000e+01
4.182281494140625000e+01
1.410458087921142578e+01
1.591213226318359375e+01
2.864735794067382812e+01
2.348941040039062500e+01
2.934278869628906250e+01
2.529838943481445312e+01
1.440241527557373047e+01
1.596499061584472656e+01
1.612816810607910156e+01
1.226622295379638672e+01
2.617698097229003906e+01
2.381740570068359375e+01
4.145755767822265625e+01
2.524563598632812500e+01
1.170910739898681641e+01
1.625258827209472656e+01
1.220792675018310547e+01
3.646403503417968750e+01
3.593674468994140625e+01
7.022176742553710938e+00
1.239266490936279297e+01
2.878404808044433594e+01
1.671406555175781250e+01
1.031669712066650391e+01
1.054471302032470703e+01
3.631633758544921875e+01
1.266890239715576172e+01
2.903632545471191406e+01
3.152545547485351562e+01
1.506287765502929688e+01
3.946635437011718750e+01
2.250141334533691406e+01
2.375951004028320312e+01
3.202834320068359375e+01
1.493822383880615234e+01
1.876866531372070312e+01
1.470456600189208984e+01
3.252719497680664062e+01
1.402859973907470703e+01
1.850734519958496094e+01
2.907289505004882812e+01
2.807012176513671875e+01
1.498507308959960938e+01
3.194996643066406250e+01
1.086876296997070312e+01
3.232714462280273438e+01
3.284241104125976562e+01
1.453012275695800781e+01
1.313193798065185547e+01
2.894542503356933594e+01
1.160227489471435547e+01
3.563700866699218750e+01
2.511246871948242188e+01
3.678602981567382812e+01
1.197498798370361328e+01
3.229108428955078125e+01
1.434091567993164062e+01
1.194678878784179688e+01
2.944264221191406250e+01
3.244524383544921875e+01
3.295774841308593750e+01
1.110925769805908203e+01
2.579422378540039062e+01
1.597554016113281250e+01
3.250590515136718750e+01
3.528187942504882812e+01
3.159581375122070312e+01
1.416658782958984375e+01
1.127334117889404297e+01
3.252317047119140625e+01
2.537835693359375000e+01
3.714675140380859375e+01
1.870612144470214844e+01
1.210692691802978516e+01
1.455288505554199219e+01
1.238712596893310547e+01
1.474186897277832031e+01
2.994784927368164062e+01
2.839029693603515625e+01
1.533298015594482422e+01
2.948605728149414062e+01
1.421377468109130859e+01
3.672721862792968750e+01
1.174020290374755859e+01
2.354520988464355469e+01
3.213000106811523438e+01
1.326663970947265625e+01
3.268426895141601562e+01
2.856928062438964844e+01
3.279088592529296875e+01
1.184234809875488281e+01
1.400178337097167969e+01
2.607784271240234375e+01
2.938763046264648438e+01
3.918328094482421875e+01
2.551786994934082031e+01
2.819602203369140625e+01
1.666207313537597656e+01
1.247529697418212891e+01
1.083417987823486328e+01
1.957914924621582031e+01
1.191691780090332031e+01
1.401696395874023438e+01
2.359148025512695312e+01
4.029343795776367188e+01
4.002988433837890625e+01
2.975410842895507812e+01
1.097124099731445312e+01
1.853795623779296875e+01
2.904364395141601562e+01
1.691681671142578125e+01
3.578297424316406250e+01
1.145607948303222656e+01
1.419112968444824219e+01
1.492395305633544922e+01
3.516973114013671875e+01
3.232714843750000000e+01
3.277977371215820312e+01
1.225763797760009766e+01
6.516066551208496094e+00
2.898517990112304688e+01
2.930556106567382812e+01
3.565902328491210938e+01
1.107071495056152344e+01
3.268093872070312500e+01
1.293088722229003906e+01
2.936181640625000000e+01
