3.957183837890625000e+01
1.145153331756591797e+01
1.127116394042968750e+01
8.980567932128906250e+00
2.924696731567382812e+01
1.733829879760742188e+01
3.295079803466796875e+01
2.398391342163085938e+01
1.424437522888183594e+01
1.336576461791992188e+01
1.243138217926025391e+01
2.560244369506835938e+01
2.857221221923828125e+01
1.060580348968505859e+01
1.037968540191650391e+01
4.196570205688476562e+01
3.439930343627929688e+01
1.304430484771728516e+01
1.291792583465576172e+01
2.501126289367675781e+01
2.897389602661132812e+01
3.358655548095703125e+01
3.938314056396484375e+01
1.196101284027099609e+01
1.107809448242187500e+01
1.701466369628906250e+01
1.560825824737548828e+01
1.502954864501953125e+01
3.778778076171875000e+01
3.431864166259765625e+01
1.214690399169921875e+01
3.774909973144531250e+01
1.491661834716796875e+01
1.727023315429687500e+01
1.141526603698730469e+01
1.208134365081787109e+01
1.969537734985351562e+01
1.187233257293701172e+01
3.965734863281250000e+01
2.851766777038574219e+01
2.691049575805664062e+01
1.140744495391845703e+01
1.249926471710205078e+01
2.450058746337890625e+01
3.910968017578125000e+01
2.387064552307128906e+01
1.378365802764892578e+01
1.269184112548828125e+01
1.835026168823242188e+01
1.422937583923339844e+01
1.317867469787597656e+01
1.460368347167968750e+01
1.113108158111572266e+01
1.108251380920410156e+01
1.467984199523925781e+01
1.051854515075683594e+01
3.589706802368164062e+01
3.994767761230468750e+01
1.684943771362304688e+01
1.657017517089843750e+01
4.273046112060546875e+01
1.458593654632568359e+01
2.846965789794921875e+01
1.008418273925781250e+01
1.699097633361816406e+01
4.102942276000976562e+01
1.306040954589843750e+01
1.526298046112060547e+01
2.027787017822265625e+01
1.106106853485107422e+01
1.461518955230712891e+01
1.270734786987304688e+01
3.682941436767578125e+01
3.458232116699218750e+01
1.434111309051513672e+01
3.011874580383300781e+01
3.418013763427734375e+01
3.290278625488281250e+01
4.172356414794921875e+01
1.106010437011718750e+01
1.183138275146484375e+01
1.677855682373046875e+01
1.345971107482910156e+01
3.887924957275390625e+01
4.046847534179687500e+01
2.845981216430664062e+01
1.150201797485351562e+01
2.685289001464843750e+01
1.375224876403808594e+01
3.274121856689453125e+01
1.888725280761718750e+01
1.148779964447021484e+01
1.789518356323242188e+01
1.660275268554687500e+01
4.105227661132812500e+01
1.713060379028320312e+01
3.710090637207031250e+01
5.368309020996093750e+00
2.990681457519531250e+01
1.108440494537353516e+01
1.813056373596191406e+01
1.353467845916748047e+01
1.452336692810058594e+01
9.953783035278320312e+00
1.492855072021484375e+01
1.715135383605957031e+01
4.300852203369140625e+01
1.295569133758544922e+01
1.269533824920654297e+01
3.793436813354492188e+01
1.321583366394042969e+01
2.933410453796386719e+01
1.835304450988769531e+01
2.616922569274902344e+01
1.369093608856201172e+01
1.432836437225341797e+01
1.863022994995117188e+01
2.939995193481445312e+01
4.021968841552734375e+01
1.913873863220214844e+01
1.455324077606201172e+01
1.451020717620849609e+01
2.986005020141601562e+01
2.869030189514160156e+01
1.691007232666015625e+01
2.407415008544921875e+01
3.726795196533203125e+01
2.895997810363769531e+01
2.903766822814941406e+01
1.431118202209472656e+01
4.251365280151367188e+01
1.484165382385253906e+01
1.493074989318847656e+01
2.701723861694335938e+01
1.188315200805664062e+01
1.318123054504394531e+01
3.963278961181640625e+01
3.894145584106445312e+01
1.632546234130859375e+01
2.361503219604492188e+01
1.101174354553222656e+01
1.048165607452392578e+01
1.143731117248535156e+01
1.161554145812988281e+01
1.463469696044921875e+01
3.651173019409179688e+01
2.832818984985351562e+01
1.909423828125000000e+01
1.110585212707519531e+01
4.109221267700195312e+01
1.384849357604980469e+01
2.877414512634277344e+01
1.685039138793945312e+01
2.621799659729003906e+01
3.967349243164062500e+01
1.707583999633789062e+01
9.928459167480468750e+00
3.921975708007812500e+01
3.439262771606445312e+01
1.322216033935546875e+01
3.282431793212890625e+01
2.434101676940917969e+01
3.768704986572265625e+01
9.947641372680664062e+00
2.648641395568847656e+01
1.154181957244873047e+01
4.013471221923828125e+01
1.055108642578125000e+01
1.388441944122314453e+01
2.350485038757324219e+01
1.444209098815917969e+01
1.113297462463378906e+01
3.274044799804687500e+01
3.746370697021484375e+01
1.464673995971679688e+01
1.670980834960937500e+01
2.430773544311523438e+01
3.289160156250000000e+01
1.724160766601562500e+01
2.902868270874023438e+01
1.244747161865234375e+01
1.513653755187988281e+01
1.575781440734863281e+01
2.347896957397460938e+01
1.649839019775390625e+01
1.246857166290283203e+01
3.264441680908203125e+01
3.368698501586914062e+01
2.573527908325195312e+01
1.293958663940429688e+01
1.376737403869628906e+01
2.424091339111328125e+01
2.969221878051757812e+01
3.793102645874023438e+01
1.345338344573974609e+01
3.311074447631835938e+01
1.193568801879882812e+01
1.198822689056396484e+01
1.561866378784179688e+01
1.244523334503173828e+01
3.680399703979492188e+01
1.329079818725585938e+01
1.746814918518066406e+01
3.995021057128906250e+01
1.267633438110351562e+01
1.159064197540283203e+01
1.117076873779296875e+01
3.726083374023437500e+01
2.667961120605468750e+01
2.537494468688964844e+01
9.297932624816894531e+00
4.062264633178710938e+01
4.128749847412109375e+01
3.297728347778320312e+01
1.138916397094726562e+01
2.637559127807617188e+01
4.117866516113281250e+01
1.058362865447998047e+01
1.521744060516357422e+01
5.695875167846679688e+00
1.440635108947753906e+01
1.474187088012695312e+01
3.315926361083984375e+01
2.327921485900878906e+01
1.183250236511230469e+01
3.640747833251953125e+01
3.285223007202148438e+01
1.108629703521728516e+01
5.968168258666992188e+00
2.047755813598632812e+01
2.648633766174316406e+01
3.770387268066406250e+01
2.866234588623046875e+01
2.622756195068359375e+01
3.668572998046875000e+01
1.147357749938964844e+01
3.641541290283203125e+01
1.361597156524658203e+01
1.805464363098144531e+01
5.742914199829101562e+00
1.390463829040527344e+01
1.739263534545898438e+01
3.671662521362304688e+01
3.357797241210937500e+01
3.736794662475585938e+01
3.435546875000000000e+01
1.344705677032470703e+01
1.142166614532470703e+01
2.615757942199707031e+01
1.198458194732666016e+01
1.422894096374511719e+01
2.477586174011230469e+01
3.322978973388671875e+01
2.874026679992675781e+01
1.256190395355224609e+01
1.191036510467529297e+01
3.780131912231445312e+01
2.983938026428222656e+01
1.731711959838867188e+01
2.963098907470703125e+01
2.415498733520507812e+01
1.860484313964843750e+01
9.955673217773437500e+00
1.360964298248291016e+01
1.321344089508056641e+01
1.047730827331542969e+01
1.242378711700439453e+01
1.439473342895507812e+01
1.115063667297363281e+01
1.506965065002441406e+01
1.534901618957519531e+01
9.192145347595214844e+00
2.867812728881835938e+01
3.306324386596679688e+01
2.552508926391601562e+01
7.095872879028320312e+00
1.337841987609863281e+01
2.702351760864257812e+01
1.241645622253417969e+01
1.314086627960205078e+01
2.943339347839355469e+01
1.531129455566406250e+01
2.615539169311523438e+01
9.774627685546875000e+00
3.233390045166015625e+01
4.282402038574218750e+01
1.490051364898681641e+01
3.233495712280273438e+01
3.364431762695312500e+01
4.125149536132812500e+01
2.874806404113769531e+01
3.289017486572265625e+01
3.738208007812500000e+01
1.454772949218750000e+01
1.110774421691894531e+01
2.955263137817382812e+01
2.898009490966796875e+01
3.717726898193359375e+01
1.144370937347412109e+01
1.697741508483886719e+01
1.472170639038085938e+01
2.354682350158691406e+01
1.486773586273193359e+01
1.933456420898437500e+01
1.115442085266113281e+01
4.307954406738281250e+01
2.394975090026855469e+01
4.210416793823242188e+01
2.396426773071289062e+01
1.514215660095214844e+01
1.808445549011230469e+01
3.633245086669921875e+01
1.550032806396484375e+01
1.445144367218017578e+01
1.311717796325683594e+01
1.713155746459960938e+01
1.214382076263427734e+01
7.106682777404785156e+00
2.473413467407226562e+01
1.423450469970703125e+01
3.774575805664062500e+01
1.529834651947021484e+01
1.450475883483886719e+01
2.906563377380371094e+01
1.185782814025878906e+01
2.938077354431152344e+01
4.275034332275390625e+01
1.494864463806152344e+01
1.220237350463867188e+01
2.658708572387695312e+01
1.515826129913330078e+01
1.293997001647949219e+01
1.447235679626464844e+01
1.319733715057373047e+01
2.408453750610351562e+01
1.037789535522460938e+01
3.262229537963867188e+01
3.303852844238281250e+01
1.165240287780761719e+01
3.300379180908203125e+01
3.592334747314453125e+01
1.547219848632812500e+01
3.328693771362304688e+01
3.334255981445312500e+01
2.844737243652343750e+01
1.505563163757324219e+01
1.862679290771484375e+01
4.254595184326171875e+01
1.435931396484375000e+01
3.288257217407226562e+01
1.112919044494628906e+01
1.564800357818603516e+01
1.685134506225585938e+01
3.682162094116210938e+01
1.119731330871582031e+01
3.293173980712890625e+01
4.243169403076171875e+01
4.099945068359375000e+01
1.117586612701416016e+01
1.142948818206787109e+01
3.327693176269531250e+01
1.399544239044189453e+01
1.297623538970947266e+01
3.308332061767578125e+01
3.205792236328125000e+01
3.280794143676757812e+01
3.291834640502929688e+01
2.409190177917480469e+01
1.232828903198242188e+01
1.212842750549316406e+01
1.465266323089599609e+01
1.234835147857666016e+01
3.712995529174804688e+01
1.554908943176269531e+01
3.694199371337890625e+01
1.916966056823730469e+01
1.005886077880859375e+01
1.529518890380859375e+01
1.450465774536132812e+01
1.410348320007324219e+01
1.461919212341308594e+01
2.952428817749023438e+01
1.442778682708740234e+01
1.354100513458251953e+01
3.653975677490234375e+01
3.311946105957031250e+01
1.237900257110595703e+01
1.204147148132324219e+01
1.511045265197753906e+01
1.434380626678466797e+01
2.418055725097656250e+01
1.329712772369384766e+01
1.885633087158203125e+01
1.439032936096191406e+01
1.581698036193847656e+01
9.825273513793945312e+00
2.856567955017089844e+01
4.080608367919921875e+01
1.254639530181884766e+01
1.041222763061523438e+01
1.312016868591308594e+01
3.967214202880859375e+01
2.612001991271972656e+01
1.175464248657226562e+01
2.923082733154296875e+01
1.555949497222900391e+01
1.477497100830078125e+01
1.057302379608154297e+01
2.730775642395019531e+01
4.114369201660156250e+01
5.583553314208984375e+00
1.533325004577636719e+01
1.886532783508300781e+01
2.933133697509765625e+01
4.129084014892578125e+01
3.439596557617187500e+01
1.211104297637939453e+01
3.299880599975585938e+01
9.799951553344726562e+00
3.717616271972656250e+01
1.240234088897705078e+01
1.479667091369628906e+01
3.302368164062500000e+01
2.954939651489257812e+01
3.309897613525390625e+01
3.007011413574218750e+01
2.911159515380859375e+01
1.350131511688232422e+01
2.383778572082519531e+01
2.969239616394042969e+01
2.957804679870605469e+01
3.651537322998046875e+01
9.852487564086914062e+00
5.971605300903320312e+00
3.285477828979492188e+01
4.244752502441406250e+01
1.221075916290283203e+01
1.503744125366210938e+01
2.436572074890136719e+01
4.272310256958007812e+01
2.577283859252929688e+01
1.939022636413574219e+01
1.191265869140625000e+01
9.877811431884765625e+00
5.958183288574218750e+00
1.209003353118896484e+01
3.232893371582031250e+01
4.087694549560546875e+01
3.664459991455078125e+01
2.619528388977050781e+01
1.550905799865722656e+01
1.461106204986572266e+01
2.587512016296386719e+01
1.449048137664794922e+01
1.400406169891357422e+01
1.741082000732421875e+01
2.860876846313476562e+01
9.980997085571289062e+00
3.262612152099609375e+01
1.519047164916992188e+01
3.421768188476562500e+01
2.979479980468750000e+01
3.774242019653320312e+01
2.916034317016601562e+01
1.997036743164062500e+01
1.003164291381835938e+01
3.985664367675781250e+01
2.559252548217773438e+01
1.115252876281738281e+01
3.212012481689453125e+01
2.648229026794433594e+01
1.454264831542968750e+01
1.926000595092773438e+01
2.953705215454101562e+01
1.492255592346191406e+01
2.931528282165527344e+01
1.424158000946044922e+01
1.456544876098632812e+01
2.335103416442871094e+01
3.247135162353515625e+01
1.257740974426269531e+01
1.437482166290283203e+01
2.679219436645507812e+01
3.273060607910156250e+01
1.292574787139892578e+01
3.939341735839843750e+01
1.133631420135498047e+01
3.933486938476562500e+01
4.109889221191406250e+01
3.398973083496093750e+01
1.147997570037841797e+01
1.910781669616699219e+01
2.921035385131835938e+01
2.995606994628906250e+01
1.698558425903320312e+01
2.861368560791015625e+01
3.284160995483398438e+01
3.760856628417968750e+01
1.337209320068359375e+01
4.162559509277343750e+01
3.438611602783203125e+01
3.939098358154296875e+01
2.932422828674316406e+01
4.074388885498046875e+01
3.551368713378906250e+01
1.243084907531738281e+01
2.902563858032226562e+01
3.181185913085937500e+01
7.522146224975585938e+00
1.204715156555175781e+01
1.454553127288818359e+01
1.157868003845214844e+01
1.941103172302246094e+01
1.054673862457275391e+01
2.637029647827148438e+01
1.000631904602050781e+01
4.226340484619140625e+01
2.652217674255371094e+01
3.794104766845703125e+01
1.447036457061767578e+01
1.287621212005615234e+01
9.930348396301269531e+00
1.330345249176025391e+01
1.112729930877685547e+01
3.267306900024414062e+01
1.671075820922851562e+01
2.898348999023437500e+01
3.444131851196289062e+01
3.642754745483398438e+01
1.648339462280273438e+01
4.108905792236328125e+01
2.683769416809082031e+01
3.661516571044921875e+01
1.062051773071289062e+01
1.259291648864746094e+01
2.872613525390625000e+01
2.429300308227539062e+01
3.052985763549804688e+01
7.516108512878417969e+00
3.629865264892578125e+01
1.236296749114990234e+01
1.292348289489746094e+01
1.562907028198242188e+01
1.240044975280761719e+01
3.302282714843750000e+01
1.044476699829101562e+01
2.671289825439453125e+01
1.191041851043701172e+01
1.670890998840332031e+01
1.054332637786865234e+01
2.663113403320312500e+01
1.223599338531494141e+01
1.000821113586425781e+01
2.417840766906738281e+01
2.426934051513671875e+01
3.907987594604492188e+01
3.752854156494140625e+01
2.963926315307617188e+01
1.451401329040527344e+01
1.476074981689453125e+01
1.229455280303955078e+01
1.201354980468750000e+01
1.443273353576660156e+01
3.662701034545898438e+01
1.567783164978027344e+01
3.367112731933593750e+01
1.427953624725341797e+01
4.217552947998046875e+01
2.660940170288085938e+01
2.984315109252929688e+01
3.023709487915039062e+01
3.215235137939453125e+01
3.335300445556640625e+01
1.698906898498535156e+01
1.681541824340820312e+01
1.117397594451904297e+01
3.633323669433593750e+01
1.558380031585693359e+01
2.869325065612792969e+01
2.422941207885742188e+01
1.448925304412841797e+01
3.408956909179687500e+01
2.438902473449707031e+01
2.558260726928710938e+01
1.252514362335205078e+01
1.070911884307861328e+01
3.695955657958984375e+01
1.197522735595703125e+01
2.907105636596679688e+01
1.034101009368896484e+01
1.367976188659667969e+01
3.300322723388671875e+01
1.437016677856445312e+01
1.574740600585937500e+01
3.001914787292480469e+01
4.250394821166992188e+01
2.706870269775390625e+01
1.891817474365234375e+01
1.187562084197998047e+01
1.003353500366210938e+01
4.187838745117187500e+01
1.143588829040527344e+01
1.051419639587402344e+01
3.712610244750976562e+01
1.316512680053710938e+01
1.669839096069335938e+01
2.399088096618652344e+01
2.591225814819335938e+01
2.382246780395507812e+01
3.270806884765625000e+01
1.007101535797119141e+01
1.543075466156005859e+01
3.361015701293945312e+01
1.860242271423339844e+01
7.528184890747070312e+00
1.568823909759521484e+01
3.213025665283203125e+01
1.502133560180664062e+01
2.666315078735351562e+01
1.044911479949951172e+01
3.589469909667968750e+01
2.426704025268554688e+01
2.957195663452148438e+01
2.628434371948242188e+01
2.886886596679687500e+01
1.482952594757080078e+01
2.370188140869140625e+01
1.217351722717285156e+01
1.051054763793945312e+01
3.994551086425781250e+01
2.862654495239257812e+01
1.465020561218261719e+01
1.663961029052734375e+01
3.197479438781738281e+01
1.243196392059326172e+01
2.432736587524414062e+01
4.128416061401367188e+01
3.645133972167968750e+01
1.394182395935058594e+01
1.385004043579101562e+01
1.722890090942382812e+01
3.311125564575195312e+01
1.147195911407470703e+01
3.245367050170898438e+01
2.923238372802734375e+01
2.615314674377441406e+01
3.396914291381835938e+01
2.951506805419921875e+01
2.422856521606445312e+01
2.939389038085937500e+01
1.346604156494140625e+01
1.548992347717285156e+01
1.459528923034667969e+01
3.247996520996093750e+01
2.919599151611328125e+01
1.712965011596679688e+01
3.293706512451171875e+01
1.722686767578125000e+01
2.974858093261718750e+01
1.137156105041503906e+01
3.037472534179687500e+01
2.413254928588867188e+01
1.145793151855468750e+01
3.350872802734375000e+01
2.922653579711914062e+01
1.517436599731445312e+01
1.457177448272705078e+01
1.447374534606933594e+01
2.063143920898437500e+01
2.905733108520507812e+01
1.694649124145507812e+01
1.197769546508789062e+01
1.289588260650634766e+01
3.713102722167968750e+01
1.110963535308837891e+01
1.727763366699218750e+01
1.699002075195312500e+01
4.090360260009765625e+01
2.845788192749023438e+01
1.933551788330078125e+01
3.647053146362304688e+01
3.402027893066406250e+01
3.289202499389648438e+01
7.534222602844238281e+00
1.931393623352050781e+01
1.146575450897216797e+01
3.655099868774414062e+01
1.538779926300048828e+01
1.727118682861328125e+01
3.719985198974609375e+01
2.846720504760742188e+01
