4.191676712036132812e+01
1.658460235595703125e+01
1.490665626525878906e+01
1.451118087768554688e+01
1.425046157836914062e+01
1.716381072998046875e+01
3.612410736083984375e+01
3.212670898437500000e+01
1.281402873992919922e+01
1.206347751617431641e+01
3.235004425048828125e+01
4.017291259765625000e+01
1.172545146942138672e+01
3.264302062988281250e+01
1.205165004730224609e+01
3.217197036743164062e+01
1.504311561584472656e+01
1.854442787170410156e+01
1.040781879425048828e+01
2.896325874328613281e+01
2.399856376647949219e+01
2.567039871215820312e+01
2.837033462524414062e+01
7.223670005798339844e+00
2.816187858581542969e+01
2.403442001342773438e+01
3.170333290100097656e+01
2.820238494873046875e+01
3.589177322387695312e+01
1.046220302581787109e+01
2.873910903930664062e+01
3.633003997802734375e+01
1.429227638244628906e+01
3.638877105712890625e+01
4.010335540771484375e+01
1.387773609161376953e+01
2.924172973632812500e+01
1.658454132080078125e+01
1.262234497070312500e+01
3.263695907592773438e+01
1.267421627044677734e+01
2.764526939392089844e+01
1.677537536621093750e+01
1.087873840332031250e+01
3.195178604125976562e+01
1.321363067626953125e+01
1.746284866333007812e+01
1.455586433410644531e+01
2.624495315551757812e+01
1.465600299835205078e+01
2.465857505798339844e+01
1.708111572265625000e+01
3.620788574218750000e+01
1.084120082855224609e+01
1.304034233093261719e+01
1.661804962158203125e+01
1.294511508941650391e+01
1.084239196777343750e+01
1.328267288208007812e+01
3.285797500610351562e+01
1.520797824859619141e+01
1.476833152770996094e+01
3.194874191284179688e+01
3.647594451904296875e+01
1.521468162536621094e+01
1.474530792236328125e+01
1.307630538940429688e+01
3.156801986694335938e+01
1.152718639373779297e+01
4.254850387573242188e+01
2.923855590820312500e+01
1.169333744049072266e+01
1.021671867370605469e+01
3.692199325561523438e+01
1.663363647460937500e+01
3.133447074890136719e+01
2.855482482910156250e+01
1.162815856933593750e+01
1.412751197814941406e+01
3.222935104370117188e+01
1.460613250732421875e+01
1.422926330566406250e+01
1.225957584381103516e+01
2.765934753417968750e+01
1.336560440063476562e+01
3.920433425903320312e+01
1.513339900970458984e+01
3.661048889160156250e+01
1.300225734710693359e+01
1.206681346893310547e+01
1.250902080535888672e+01
3.181127738952636719e+01
2.307018852233886719e+01
1.613336944580078125e+01
1.405796051025390625e+01
2.609038352966308594e+01
8.764425277709960938e+00
3.631159210205078125e+01
1.740241813659667969e+01
2.918738937377929688e+01
1.187269592285156250e+01
3.990029907226562500e+01
3.558834457397460938e+01
1.534753704071044922e+01
1.716292190551757812e+01
3.871482086181640625e+01
1.896275711059570312e+01
1.203605937957763672e+01
6.203824996948242188e+00
1.717279243469238281e+01
2.648377227783203125e+01
2.825404548645019531e+01
3.646711730957031250e+01
3.607751464843750000e+01
1.725525283813476562e+01
7.556238174438476562e+00
3.857458877563476562e+01
1.887565422058105469e+01
1.320131969451904297e+01
2.378257369995117188e+01
7.588474273681640625e+00
1.306646823883056641e+01
2.463841629028320312e+01
1.677615737915039062e+01
1.520859527587890625e+01
2.556136703491210938e+01
1.657946777343750000e+01
1.535960388183593750e+01
1.281801891326904297e+01
1.024786567687988281e+01
1.867916488647460938e+01
1.159141635894775391e+01
1.902156448364257812e+01
3.617075729370117188e+01
1.211187934875488281e+01
3.185852813720703125e+01
1.270072746276855469e+01
1.131939506530761719e+01
1.412066745758056641e+01
1.472115993499755859e+01
1.532031250000000000e+01
6.130990028381347656e+00
3.608679199218750000e+01
2.580651092529296875e+01
1.137235260009765625e+01
2.869402503967285156e+01
1.466576957702636719e+01
1.462424659729003906e+01
3.656275939941406250e+01
1.116352176666259766e+01
3.272585296630859375e+01
1.589377498626708984e+01
1.451970291137695312e+01
3.539681243896484375e+01
1.295108890533447266e+01
3.235659790039062500e+01
1.152252197265625000e+01
1.246270847320556641e+01
3.990789031982421875e+01
1.906925201416015625e+01
2.853429222106933594e+01
3.522246551513671875e+01
1.106533145904541016e+01
1.828480529785156250e+01
3.665507888793945312e+01
1.719276809692382812e+01
3.471388626098632812e+01
3.168017578125000000e+01
2.878290176391601562e+01
1.340764808654785156e+01
1.786750221252441406e+01
2.793620872497558594e+01
8.864507675170898438e+00
6.714699745178222656e+00
4.213090896606445312e+01
1.542522430419921875e+01
1.706768798828125000e+01
4.204785156250000000e+01
3.949888610839843750e+01
2.881865310668945312e+01
2.767373847961425781e+01
1.079835128784179688e+01
3.509509658813476562e+01
2.846269607543945312e+01
2.528363418579101562e+01
2.426055908203125000e+01
1.124524974822998047e+01
3.932140350341796875e+01
2.868994522094726562e+01
1.290353298187255859e+01
1.284612083435058594e+01
1.285733222961425781e+01
3.186218070983886719e+01
1.295320892333984375e+01
1.349723434448242188e+01
1.127700138092041016e+01
1.652800559997558594e+01
1.289151000976562500e+01
1.405506420135498047e+01
3.619969940185546875e+01
3.626468658447265625e+01
2.765825843811035156e+01
2.879956436157226562e+01
8.867683410644531250e+00
1.234544372558593750e+01
1.442329216003417969e+01
3.197851943969726562e+01
1.665881347656250000e+01
3.177562713623046875e+01
3.263674545288085938e+01
3.989572906494140625e+01
1.685486793518066406e+01
1.278231239318847656e+01
1.479225826263427734e+01
2.504186820983886719e+01
1.167738342285156250e+01
2.316238021850585938e+01
2.357921218872070312e+01
3.887488555908203125e+01
1.355345249176025391e+01
1.414452934265136719e+01
2.311910438537597656e+01
1.520783042907714844e+01
1.014236927032470703e+01
1.133021736145019531e+01
3.591131591796875000e+01
4.173340988159179688e+01
4.029298400878906250e+01
3.671398544311523438e+01
3.255043411254882812e+01
1.095977020263671875e+01
3.218725585937500000e+01
1.530904293060302734e+01
3.553351211547851562e+01
3.218332290649414062e+01
1.151854896545410156e+01
1.096349143981933594e+01
1.244278812408447266e+01
2.755593299865722656e+01
3.972723388671875000e+01
2.408229446411132812e+01
2.906309509277343750e+01
2.771803665161132812e+01
1.288175582885742188e+01
1.090098953247070312e+01
1.826997756958007812e+01
1.321586513519287109e+01
1.108132648468017578e+01
2.326466941833496094e+01
1.551122283935546875e+01
2.844933700561523438e+01
3.557078552246093750e+01
3.208777618408203125e+01
2.631084060668945312e+01
2.351769447326660156e+01
1.269698333740234375e+01
2.922320938110351562e+01
1.558619499206542969e+01
3.943009185791015625e+01
1.400412559509277344e+01
1.255876255035400391e+01
1.308459854125976562e+01
2.337234115600585938e+01
3.967355346679687500e+01
1.744154548645019531e+01
1.242162513732910156e+01
1.534824180603027344e+01
1.954399681091308594e+01
2.844394874572753906e+01
1.236800670623779297e+01
2.380211067199707031e+01
3.178383636474609375e+01
1.222966384887695312e+01
1.444687747955322266e+01
1.442632389068603516e+01
1.269113826751708984e+01
4.045146942138671875e+01
2.895471763610839844e+01
3.203048706054687500e+01
2.781735992431640625e+01
1.403569984436035156e+01
2.337182807922363281e+01
1.526037597656250000e+01
1.147842788696289062e+01
1.425389099121093750e+01
1.305189895629882812e+01
1.305041885375976562e+01
3.609326171875000000e+01
3.921415710449218750e+01
3.650339126586914062e+01
3.554405212402343750e+01
1.246561145782470703e+01
1.228714942932128906e+01
3.158859443664550781e+01
6.218247413635253906e+00
1.535541057586669922e+01
1.763532257080078125e+01
1.086605358123779297e+01
1.236352348327636719e+01
2.776873970031738281e+01
2.965374183654785156e+01
2.740088653564453125e+01
3.174185562133789062e+01
1.296990776062011719e+01
1.879228019714355469e+01
1.101272869110107422e+01
1.660578155517578125e+01
1.532565879821777344e+01
3.979869842529296875e+01
2.336829376220703125e+01
3.189707183837890625e+01
3.182170486450195312e+01
2.779411315917968750e+01
2.874005699157714844e+01
1.237789726257324219e+01
3.169358444213867188e+01
6.451130867004394531e+00
1.241876697540283203e+01
3.235117340087890625e+01
1.094165420532226562e+01
1.574569320678710938e+01
3.631848526000976562e+01
2.333288383483886719e+01
3.546449279785156250e+01
3.619125747680664062e+01
1.681665611267089844e+01
1.212027072906494141e+01
1.191179561614990234e+01
2.324800300598144531e+01
2.931885337829589844e+01
3.211587524414062500e+01
2.982875061035156250e+01
1.100549602508544922e+01
2.314969253540039062e+01
1.227222442626953125e+01
2.360425567626953125e+01
3.618335723876953125e+01
1.419119453430175781e+01
2.350258636474609375e+01
2.764772415161132812e+01
7.024080276489257812e+00
3.266096496582031250e+01
3.176509094238281250e+01
2.772903823852539062e+01
2.904494857788085938e+01
3.274437332153320312e+01
2.360784530639648438e+01
1.930559349060058594e+01
1.267043209075927734e+01
1.298660373687744141e+01
1.569157600402832031e+01
1.414337348937988281e+01
3.271226882934570312e+01
4.176509094238281250e+01
1.229549217224121094e+01
7.162094116210937500e+00
7.194288253784179688e+00
1.275151157379150391e+01
2.805047225952148438e+01
1.675242614746093750e+01
2.534267425537109375e+01
1.286194896697998047e+01
3.908112335205078125e+01
2.444391822814941406e+01
1.119855785369873047e+01
3.637362670898437500e+01
1.461596488952636719e+01
3.120820236206054688e+01
1.927316284179687500e+01
1.162029647827148438e+01
1.148573684692382812e+01
1.163896179199218750e+01
1.646693420410156250e+01
2.346998786926269531e+01
2.704397964477539062e+01
2.847984695434570312e+01
3.270203399658203125e+01
1.041647434234619141e+01
4.181667327880859375e+01
1.030074501037597656e+01
2.897974777221679688e+01
1.551729774475097656e+01
1.358567810058593750e+01
1.530302047729492188e+01
3.595454025268554688e+01
1.891588211059570312e+01
1.636225700378417969e+01
3.227954864501953125e+01
2.890943527221679688e+01
2.345325279235839844e+01
1.073331546783447266e+01
1.227029800415039062e+01
1.322691822052001953e+01
1.121212577819824219e+01
3.899936676025390625e+01
2.542467117309570312e+01
2.623735809326171875e+01
1.076029586791992188e+01
3.693585968017578125e+01
1.454260063171386719e+01
3.172163963317871094e+01
2.937983512878417969e+01
1.281253814697265625e+01
4.250868225097656250e+01
1.119665718078613281e+01
7.557206153869628906e+00
2.768382072448730469e+01
2.860243606567382812e+01
2.553244400024414062e+01
1.145855998992919922e+01
1.512924194335937500e+01
1.664839935302734375e+01
8.814650535583496094e+00
1.418716430664062500e+01
1.034701251983642578e+01
1.529998588562011719e+01
1.533991241455078125e+01
1.419418144226074219e+01
1.231830692291259766e+01
3.157608032226562500e+01
1.554187011718750000e+01
3.626992034912109375e+01
2.323291587829589844e+01
3.523070907592773438e+01
3.268459701538085938e+01
1.925713348388671875e+01
1.229621124267578125e+01
1.556784152984619141e+01
1.353399372100830078e+01
1.228554344177246094e+01
2.368987083435058594e+01
1.027618885040283203e+01
1.765005493164062500e+01
2.526980972290039062e+01
1.438755416870117188e+01
1.123907089233398438e+01
2.617705726623535156e+01
3.191609573364257812e+01
3.187700080871582031e+01
1.245633602142333984e+01
1.087159347534179688e+01
1.465350341796875000e+01
1.546414375305175781e+01
3.974732208251953125e+01
4.224692535400390625e+01
6.714912414550781250e+00
2.657984733581542969e+01
1.301851844787597656e+01
3.256974029541015625e+01
2.838792991638183594e+01
4.211373138427734375e+01
2.636458587646484375e+01
2.765727806091308594e+01
1.459539413452148438e+01
2.339920425415039062e+01
1.386425685882568359e+01
1.407264137268066406e+01
1.339759826660156250e+01
3.184481811523437500e+01
3.250935363769531250e+01
1.049771308898925781e+01
1.248716545104980469e+01
1.424917793273925781e+01
1.439269447326660156e+01
2.337964820861816406e+01
1.411649894714355469e+01
1.822305107116699219e+01
1.491962432861328125e+01
2.746774482727050781e+01
2.560966491699218750e+01
2.270557975769042969e+01
3.271327209472656250e+01
1.259023380279541016e+01
3.272956085205078125e+01
1.145338249206542969e+01
2.844198989868164062e+01
1.428388023376464844e+01
1.441869640350341797e+01
2.560039710998535156e+01
4.187051010131835938e+01
1.397572326660156250e+01
1.186440658569335938e+01
4.030915832519531250e+01
1.437553119659423828e+01
2.939297103881835938e+01
1.293441581726074219e+01
3.603277587890625000e+01
1.052558898925781250e+01
1.070323181152343750e+01
1.249460887908935547e+01
1.696075248718261719e+01
3.251248550415039062e+01
3.545423507690429688e+01
2.320205688476562500e+01
1.185068798065185547e+01
7.595947265625000000e+00
1.460513877868652344e+01
1.461224460601806641e+01
1.021717357635498047e+01
2.612874221801757812e+01
4.215719604492187500e+01
3.632527542114257812e+01
1.222669315338134766e+01
1.250050354003906250e+01
3.974394226074218750e+01
1.078527736663818359e+01
1.016346168518066406e+01
1.220588588714599609e+01
1.198513507843017578e+01
1.508321094512939453e+01
2.948067855834960938e+01
2.812306976318359375e+01
2.336526870727539062e+01
1.157073783874511719e+01
2.601914596557617188e+01
1.285831832885742188e+01
1.263371086120605469e+01
2.596158218383789062e+01
1.225170040130615234e+01
4.187905120849609375e+01
3.645119476318359375e+01
1.702597808837890625e+01
3.284659576416015625e+01
1.543473815917968750e+01
1.442702865600585938e+01
1.445224189758300781e+01
1.026383686065673828e+01
1.432984352111816406e+01
3.899271392822265625e+01
2.568459320068359375e+01
2.843120384216308594e+01
1.492800903320312500e+01
2.613545989990234375e+01
1.459473800659179688e+01
4.230003356933593750e+01
3.299685668945312500e+01
1.247546386718750000e+01
3.193572235107421875e+01
1.119384860992431641e+01
1.028281974792480469e+01
1.213561153411865234e+01
1.936450958251953125e+01
1.260003852844238281e+01
1.225652980804443359e+01
4.146754455566406250e+01
1.682612037658691406e+01
1.887023353576660156e+01
2.043238639831542969e+01
1.139702129364013672e+01
2.599056243896484375e+01
2.569110298156738281e+01
4.149211120605468750e+01
1.702514839172363281e+01
4.251809692382812500e+01
1.294781208038330078e+01
1.326226520538330078e+01
3.668224716186523438e+01
1.513571929931640625e+01
1.414154052734375000e+01
1.025397300720214844e+01
2.016165733337402344e+01
3.145338439941406250e+01
2.863818740844726562e+01
3.186051940917968750e+01
3.978611755371093750e+01
4.148372268676757812e+01
3.163516044616699219e+01
3.190029907226562500e+01
1.286877250671386719e+01
1.668585586547851562e+01
1.698695564270019531e+01
1.472260475158691406e+01
6.019263267517089844e+00
1.219023609161376953e+01
1.285564899444580078e+01
3.200084686279296875e+01
2.584817504882812500e+01
2.592760467529296875e+01
1.279290390014648438e+01
1.815948295593261719e+01
2.769784927368164062e+01
1.606730842590332031e+01
1.545497703552246094e+01
1.158989620208740234e+01
3.641138458251953125e+01
1.242850399017333984e+01
2.956481361389160156e+01
3.879270935058593750e+01
2.650820159912109375e+01
1.133479309082031250e+01
1.423235511779785156e+01
1.436946773529052734e+01
1.442610168457031250e+01
2.848584365844726562e+01
3.592491149902343750e+01
3.648600769042968750e+01
3.565155410766601562e+01
2.848295211791992188e+01
2.859792327880859375e+01
1.419680023193359375e+01
1.523318195343017578e+01
2.334840583801269531e+01
2.876648521423339844e+01
1.950585937500000000e+01
2.924863052368164062e+01
2.752307891845703125e+01
1.404461193084716797e+01
1.221334075927734375e+01
2.362238121032714844e+01
1.885373878479003906e+01
2.569926643371582031e+01
1.156597042083740234e+01
1.489487361907958984e+01
3.136500930786132812e+01
1.201128292083740234e+01
1.875761032104492188e+01
1.466694641113281250e+01
2.570950698852539062e+01
1.285672950744628906e+01
1.027197074890136719e+01
1.447781753540039062e+01
1.476365852355957031e+01
1.323115730285644531e+01
2.563611984252929688e+01
1.307865715026855469e+01
3.552024078369140625e+01
1.094933414459228516e+01
2.817790985107421875e+01
2.883258438110351562e+01
1.275775146484375000e+01
2.963170623779296875e+01
1.038662719726562500e+01
2.594221305847167969e+01
3.180092239379882812e+01
2.765395355224609375e+01
3.292417144775390625e+01
1.892951965332031250e+01
3.189322662353515625e+01
1.903256225585937500e+01
2.337338447570800781e+01
2.907966423034667969e+01
2.347130775451660156e+01
3.214852905273437500e+01
3.116244125366210938e+01
3.612847137451171875e+01
3.671144104003906250e+01
3.562464141845703125e+01
2.307845115661621094e+01
1.395491600036621094e+01
2.545135498046875000e+01
3.239183425903320312e+01
2.840991401672363281e+01
3.269556808471679688e+01
3.251666259765625000e+01
1.168196868896484375e+01
1.341249847412109375e+01
4.148414230346679688e+01
2.839490890502929688e+01
2.651618194580078125e+01
3.568147659301757812e+01
2.297681999206542969e+01
1.447649860382080078e+01
1.523133468627929688e+01
3.263198852539062500e+01
1.543320274353027344e+01
1.412454795837402344e+01
1.743063926696777344e+01
3.189629745483398438e+01
1.237932109832763672e+01
2.891189765930175781e+01
1.457221603393554688e+01
1.479246711730957031e+01
3.633638763427734375e+01
2.879058074951171875e+01
4.060129547119140625e+01
3.526686477661132812e+01
2.567941093444824219e+01
1.477638816833496094e+01
1.752541351318359375e+01
3.937310791015625000e+01
1.524373626708984375e+01
3.219432067871093750e+01
1.286863327026367188e+01
1.279649448394775391e+01
1.671113395690917969e+01
1.341376113891601562e+01
1.047032070159912109e+01
2.866946220397949219e+01
1.082431125640869141e+01
1.161474704742431641e+01
1.459682655334472656e+01
