2.278559494018554688e+01
4.151862335205078125e+01
3.535522842407226562e+01
1.446930885314941406e+01
1.130458450317382812e+01
3.229849243164062500e+01
2.650210189819335938e+01
1.055737400054931641e+01
1.093251037597656250e+01
1.559076309204101562e+01
3.285630798339843750e+01
1.469917869567871094e+01
3.999370193481445312e+01
1.052081584930419922e+01
1.238482379913330078e+01
2.909350204467773438e+01
1.341815567016601562e+01
3.708685684204101562e+01
1.152795124053955078e+01
3.306519317626953125e+01
2.914977264404296875e+01
1.468950462341308594e+01
1.543385505676269531e+01
3.689989471435546875e+01
1.490938854217529297e+01
1.129784679412841797e+01
2.992053794860839844e+01
2.181725311279296875e+01
3.343758392333984375e+01
3.251937484741210938e+01
1.876056861877441406e+01
1.163800811767578125e+01
2.566074943542480469e+01
2.631848144531250000e+01
1.802363204956054688e+01
2.493230247497558594e+01
2.645039749145507812e+01
3.170948600769042969e+01
2.952495002746582031e+01
2.861706542968750000e+01
1.117019462585449219e+01
1.445046234130859375e+01
2.460747146606445312e+01
1.693913650512695312e+01
1.074797248840332031e+01
1.056568241119384766e+01
3.729046249389648438e+01
3.251923370361328125e+01
1.524485492706298828e+01
1.511301517486572266e+01
1.412757015228271484e+01
1.368069267272949219e+01
1.111975765228271484e+01
1.245193767547607422e+01
3.578862762451171875e+01
2.879062271118164062e+01
1.288894653320312500e+01
2.839556121826171875e+01
3.349542999267578125e+01
2.007783889770507812e+01
1.670220184326171875e+01
3.192984390258789062e+01
1.301145839691162109e+01
1.450333499908447266e+01
2.666924667358398438e+01
1.523640251159667969e+01
1.104683780670166016e+01
3.144702529907226562e+01
1.233219718933105469e+01
1.163573455810546875e+01
1.633222770690917969e+01
1.066419029235839844e+01
1.807166671752929688e+01
3.230468750000000000e+01
1.319823646545410156e+01
2.957515907287597656e+01
1.298035144805908203e+01
1.464940834045410156e+01
7.669301986694335938e+00
1.465463352203369141e+01
1.088645076751708984e+01
1.629665756225585938e+01
3.656852722167968750e+01
1.221024990081787109e+01
3.170476341247558594e+01
2.328237342834472656e+01
2.540161895751953125e+01
3.516890716552734375e+01
3.943436050415039062e+01
1.395881080627441406e+01
1.276143741607666016e+01
2.888910865783691406e+01
3.623089599609375000e+01
1.730974769592285156e+01
3.542293548583984375e+01
1.474147033691406250e+01
3.525788879394531250e+01
3.633319091796875000e+01
2.409953117370605469e+01
2.342645263671875000e+01
3.146466445922851562e+01
2.879994392395019531e+01
2.152830696105957031e+01
1.846248054504394531e+01
1.262691879272460938e+01
1.897599983215332031e+01
3.403224182128906250e+01
1.296867370605468750e+01
1.675469589233398438e+01
2.470207023620605469e+01
3.628436279296875000e+01
1.685450553894042969e+01
1.117672538757324219e+01
9.605032920837402344e+00
1.047595214843750000e+01
3.274921798706054688e+01
1.452260971069335938e+01
2.481490707397460938e+01
3.375917053222656250e+01
1.122629547119140625e+01
1.103026866912841797e+01
1.673632812500000000e+01
3.192807769775390625e+01
3.141438674926757812e+01
1.730441284179687500e+01
3.942100524902343750e+01
1.108280849456787109e+01
1.254153633117675781e+01
1.263827323913574219e+01
1.564486694335937500e+01
2.670520019531250000e+01
2.326629447937011719e+01
1.133903217315673828e+01
2.489879989624023438e+01
2.863716316223144531e+01
1.513262271881103516e+01
1.232263565063476562e+01
2.848287200927734375e+01
1.414364624023437500e+01
4.203761291503906250e+01
1.398371887207031250e+01
1.184554576873779297e+01
1.788537788391113281e+01
1.147342300415039062e+01
3.609582901000976562e+01
1.071538448333740234e+01
2.679637336730957031e+01
3.321417617797851562e+01
2.594564628601074219e+01
1.117356204986572266e+01
1.684551620483398438e+01
3.692024230957031250e+01
2.966164398193359375e+01
9.357540130615234375e+00
3.679138946533203125e+01
1.200025749206542969e+01
2.913901519775390625e+01
2.690184593200683594e+01
2.894907760620117188e+01
1.463341522216796875e+01
1.245257949829101562e+01
2.604508590698242188e+01
3.593416213989257812e+01
2.945616149902343750e+01
1.277074050903320312e+01
1.615190124511718750e+01
1.425784015655517578e+01
2.502130317687988281e+01
4.280097961425781250e+01
4.054518127441406250e+01
4.060668945312500000e+01
3.317502975463867188e+01
3.206127548217773438e+01
1.553901481628417969e+01
3.934382247924804688e+01
3.974910354614257812e+01
2.615622329711914062e+01
3.630884170532226562e+01
3.513500213623046875e+01
7.636252403259277344e+00
1.614073562622070312e+01
1.586493492126464844e+01
7.670615196228027344e+00
1.115435695648193359e+01
1.931457138061523438e+01
2.879771041870117188e+01
2.862214279174804688e+01
4.047873687744140625e+01
2.901613426208496094e+01
1.744023704528808594e+01
1.480812263488769531e+01
1.117217159271240234e+01
3.890486145019531250e+01
3.309419250488281250e+01
1.435699462890625000e+01
2.561178207397460938e+01
1.397566986083984375e+01
3.884709930419921875e+01
3.212493896484375000e+01
1.234385681152343750e+01
1.110787487030029297e+01
1.494211196899414062e+01
4.147948837280273438e+01
1.408991909027099609e+01
3.972548675537109375e+01
1.266007232666015625e+01
2.296032714843750000e+01
1.532419109344482422e+01
1.981554603576660156e+01
3.577337265014648438e+01
7.223331451416015625e+00
1.449659156799316406e+01
2.361858367919921875e+01
2.838770103454589844e+01
2.658508110046386719e+01
1.706681251525878906e+01
7.373086929321289062e+00
1.484894943237304688e+01
1.706102180480957031e+01
1.469655895233154297e+01
1.462784004211425781e+01
1.315604782104492188e+01
3.630216598510742188e+01
4.125131225585937500e+01
1.843725013732910156e+01
4.206314849853515625e+01
4.244200897216796875e+01
2.418288803100585938e+01
1.446800327301025391e+01
1.283682346343994141e+01
6.610602378845214844e+00
1.717500114440917969e+01
2.951618957519531250e+01
2.872811698913574219e+01
2.861323547363281250e+01
3.176819992065429688e+01
1.515264797210693359e+01
1.424913597106933594e+01
3.251148223876953125e+01
3.328469848632812500e+01
3.330102157592773438e+01
2.957181358337402344e+01
1.279801940917968750e+01
1.774211502075195312e+01
2.634256935119628906e+01
3.101296424865722656e+01
2.497734260559082031e+01
3.514832687377929688e+01
2.912256622314453125e+01
1.761251449584960938e+01
3.309381103515625000e+01
1.679935073852539062e+01
3.635189437866210938e+01
2.901313781738281250e+01
3.953858184814453125e+01
3.787284851074218750e+01
1.295250606536865234e+01
1.097741031646728516e+01
2.895767784118652344e+01
1.296789455413818359e+01
1.133381366729736328e+01
2.924809646606445312e+01
1.441444873809814453e+01
2.881520843505859375e+01
4.119579315185546875e+01
2.580060195922851562e+01
2.863921356201171875e+01
3.217360687255859375e+01
2.860069656372070312e+01
1.367650508880615234e+01
1.284590816497802734e+01
1.433373451232910156e+01
4.027539062500000000e+01
1.681809234619140625e+01
3.383448410034179688e+01
3.326741027832031250e+01
2.414748382568359375e+01
3.968157196044921875e+01
2.509066581726074219e+01
7.100770950317382812e+00
1.265132713317871094e+01
1.054068660736083984e+01
2.902329254150390625e+01
1.236114406585693359e+01
1.420174217224121094e+01
1.648024368286132812e+01
2.980538940429687500e+01
2.881485557556152344e+01
4.261512756347656250e+01
3.298370742797851562e+01
3.654964447021484375e+01
3.670271682739257812e+01
1.142798137664794922e+01
3.168138885498046875e+01
1.167670822143554688e+01
1.243745422363281250e+01
1.289147663116455078e+01
1.179709625244140625e+01
1.083835124969482422e+01
2.338580703735351562e+01
1.107553577423095703e+01
1.489165878295898438e+01
2.933688354492187500e+01
1.555317306518554688e+01
3.996485900878906250e+01
3.973095321655273438e+01
1.341548919677734375e+01
1.274628353118896484e+01
7.029367446899414062e+00
2.939596939086914062e+01
1.072749710083007812e+01
1.506536388397216797e+01
2.891851043701171875e+01
3.722378158569335938e+01
2.390871810913085938e+01
1.283386039733886719e+01
1.681230354309082031e+01
1.537893867492675781e+01
1.439017391204833984e+01
1.066064548492431641e+01
3.247489929199218750e+01
1.255263900756835938e+01
1.173009490966796875e+01
3.321821975708007812e+01
2.578700447082519531e+01
2.549019050598144531e+01
1.474130058288574219e+01
2.556357002258300781e+01
2.507248306274414062e+01
3.143836593627929688e+01
1.102631759643554688e+01
1.524141311645507812e+01
1.323419952392578125e+01
1.295863533020019531e+01
4.175426864624023438e+01
1.519083404541015625e+01
3.497312164306640625e+01
3.668321990966796875e+01
1.731553268432617188e+01
3.324911880493164062e+01
3.987510681152343750e+01
6.705979347229003906e+00
1.657515716552734375e+01
1.658094787597656250e+01
3.336301422119140625e+01
1.270304107666015625e+01
2.630598449707031250e+01
3.165693664550781250e+01
3.862232208251953125e+01
4.061167144775390625e+01
1.711984634399414062e+01
2.470416641235351562e+01
1.430072879791259766e+01
3.202713775634765625e+01
6.751432418823242188e+00
1.500899600982666016e+01
2.537216567993164062e+01
3.561706924438476562e+01
3.504045104980468750e+01
1.363908863067626953e+01
2.910845565795898438e+01
2.572159957885742188e+01
1.060223865509033203e+01
2.841239356994628906e+01
3.853808593750000000e+01
2.478709411621093750e+01
1.076811027526855469e+01
1.462017345428466797e+01
1.272910022735595703e+01
2.909914588928222656e+01
2.962377929687500000e+01
3.197431945800781250e+01
1.491090011596679688e+01
2.327302169799804688e+01
3.636756134033203125e+01
1.306998634338378906e+01
2.635537910461425781e+01
1.417031288146972656e+01
1.254255008697509766e+01
3.244394683837890625e+01
4.170155334472656250e+01
1.436383247375488281e+01
1.537829589843750000e+01
1.083492088317871094e+01
1.892241477966308594e+01
1.670969200134277344e+01
3.619614410400390625e+01
2.906076431274414062e+01
3.706427383422851562e+01
1.283866024017333984e+01
1.210926437377929688e+01
2.850793457031250000e+01
2.565338516235351562e+01
3.869543457031250000e+01
2.494693565368652344e+01
2.379489707946777344e+01
2.572043037414550781e+01
6.658427238464355469e+00
3.947415542602539062e+01
3.228599929809570312e+01
2.632637977600097656e+01
1.682388305664062500e+01
2.915202331542968750e+01
1.051161193847656250e+01
1.932748031616210938e+01
1.895826530456542969e+01
3.917898941040039062e+01
3.314355850219726562e+01
1.129881572723388672e+01
2.896059608459472656e+01
3.336055755615234375e+01
1.250192165374755859e+01
2.667291641235351562e+01
1.640723419189453125e+01
2.301231384277343750e+01
1.626693344116210938e+01
1.284171772003173828e+01
1.081100845336914062e+01
1.352685737609863281e+01
1.320980453491210938e+01
1.119032573699951172e+01
1.449756336212158203e+01
1.274072933197021484e+01
1.077048683166503906e+01
1.103693008422851562e+01
3.923855590820312500e+01
1.682966995239257812e+01
2.899148178100585938e+01
1.783561897277832031e+01
1.377684497833251953e+01
1.126903343200683594e+01
1.253802967071533203e+01
1.320026588439941406e+01
2.915992546081542969e+01
4.138256835937500000e+01
2.827032470703125000e+01
1.063789844512939453e+01
3.302040481567382812e+01
3.725366210937500000e+01
1.227602672576904297e+01
4.146977996826171875e+01
1.652865219116210938e+01
2.893472290039062500e+01
4.179302978515625000e+01
1.110444355010986328e+01
2.816076660156250000e+01
1.233402252197265625e+01
3.207414627075195312e+01
1.744163894653320312e+01
1.487221527099609375e+01
3.872171783447265625e+01
1.252154636383056641e+01
3.302133941650390625e+01
2.854916381835937500e+01
3.707532882690429688e+01
1.260384368896484375e+01
1.074415397644042969e+01
3.233300018310546875e+01
1.113196659088134766e+01
3.626467895507812500e+01
2.403536033630371094e+01
1.239148998260498047e+01
2.943213081359863281e+01
1.150787067413330078e+01
1.469339466094970703e+01
3.295803070068359375e+01
1.268944072723388672e+01
2.947331619262695312e+01
2.467673110961914062e+01
2.845713996887207031e+01
1.064433002471923828e+01
1.053291702270507812e+01
1.182832050323486328e+01
1.440585708618164062e+01
1.113574695587158203e+01
2.647131538391113281e+01
3.681060028076171875e+01
1.656937408447265625e+01
1.425418758392333984e+01
2.982463073730468750e+01
2.589422416687011719e+01
3.468645858764648438e+01
1.111877727508544922e+01
1.507979393005371094e+01
2.920016670227050781e+01
1.235022544860839844e+01
3.260145187377929688e+01
1.431685638427734375e+01
1.328282165527343750e+01
1.484708499908447266e+01
3.374082183837890625e+01
2.443917846679687500e+01
1.494550228118896484e+01
1.905916595458984375e+01
1.478113937377929688e+01
1.298137283325195312e+01
1.473951721191406250e+01
1.506653976440429688e+01
3.100333023071289062e+01
1.446465873718261719e+01
1.581705474853515625e+01
1.310707950592041016e+01
4.188450622558593750e+01
2.907115173339843750e+01
3.634984207153320312e+01
2.924462127685546875e+01
3.722766113281250000e+01
1.246879100799560547e+01
1.502187728881835938e+01
2.683208465576171875e+01
3.158870697021484375e+01
1.164225959777832031e+01
2.474020576477050781e+01
3.897154998779296875e+01
7.173012733459472656e+00
1.467452621459960938e+01
3.618723297119140625e+01
3.740694427490234375e+01
2.354918861389160156e+01
1.400725078582763672e+01
2.860075187683105469e+01
3.939828491210937500e+01
1.501355361938476562e+01
1.251853179931640625e+01
1.291411876678466797e+01
1.270894050598144531e+01
1.395840454101562500e+01
1.548220825195312500e+01
1.481888771057128906e+01
3.323514175415039062e+01
1.392199611663818359e+01
1.487301445007324219e+01
2.585606002807617188e+01
1.490118408203125000e+01
1.271844100952148438e+01
2.958434295654296875e+01
1.420753288269042969e+01
1.541629505157470703e+01
1.320825004577636719e+01
1.500014686584472656e+01
3.608292007446289062e+01
1.279592704772949219e+01
2.375029373168945312e+01
2.024379539489746094e+01
2.590751647949218750e+01
2.895001029968261719e+01
2.941868782043457031e+01
1.290336227416992188e+01
4.140573120117187500e+01
3.254209136962890625e+01
2.914020347595214844e+01
1.171033763885498047e+01
3.649702835083007812e+01
1.443679141998291016e+01
2.643303298950195312e+01
3.206734466552734375e+01
2.459097671508789062e+01
1.915143013000488281e+01
3.344974899291992188e+01
1.271924495697021484e+01
1.126226425170898438e+01
1.245719623565673828e+01
1.439012908935546875e+01
1.081902694702148438e+01
1.707260131835937500e+01
1.298484134674072266e+01
1.855587005615234375e+01
1.455929756164550781e+01
1.421926307678222656e+01
2.653092384338378906e+01
3.654801940917968750e+01
1.425408267974853516e+01
1.278281688690185547e+01
2.863107490539550781e+01
1.794620132446289062e+01
1.092267322540283203e+01
1.384442424774169922e+01
2.454241180419921875e+01
3.240969467163085938e+01
3.261654663085937500e+01
1.114596366882324219e+01
2.446900939941406250e+01
3.874900817871093750e+01
1.063853454589843750e+01
2.891522216796875000e+01
2.404327392578125000e+01
1.658916664123535156e+01
1.276247406005859375e+01
1.340492630004882812e+01
1.132180976867675781e+01
3.995249557495117188e+01
3.196304702758789062e+01
1.141789150238037109e+01
1.535979652404785156e+01
3.959180450439453125e+01
2.980656623840332031e+01
3.918559265136718750e+01
1.431208133697509766e+01
1.712749481201171875e+01
1.445591735839843750e+01
1.558700656890869141e+01
3.736096191406250000e+01
4.220178985595703125e+01
3.630578231811523438e+01
1.341917037963867188e+01
1.210810470581054688e+01
2.900024414062500000e+01
3.983669281005859375e+01
1.872713851928710938e+01
3.622203063964843750e+01
2.632137489318847656e+01
1.572805213928222656e+01
1.497839546203613281e+01
1.596181201934814453e+01
7.095434188842773438e+00
1.165948295593261719e+01
1.654439735412597656e+01
2.851461791992187500e+01
1.276145553588867188e+01
1.512185764312744141e+01
2.903992080688476562e+01
1.464370536804199219e+01
1.297933387756347656e+01
1.841200637817382812e+01
3.663518142700195312e+01
4.105633544921875000e+01
1.817769622802734375e+01
2.580996704101562500e+01
1.115023231506347656e+01
1.516711235046386719e+01
1.578327941894531250e+01
1.269227981567382812e+01
2.694253921508789062e+01
3.698600006103515625e+01
2.518510437011718750e+01
3.289724349975585938e+01
2.020949554443359375e+01
4.162743759155273438e+01
1.365759563446044922e+01
3.490467834472656250e+01
1.496033287048339844e+01
2.618844795227050781e+01
1.438638114929199219e+01
1.454800033569335938e+01
2.902799606323242188e+01
1.252268028259277344e+01
2.875022125244140625e+01
1.319925403594970703e+01
2.921417999267578125e+01
1.085161876678466797e+01
4.183484268188476562e+01
2.479711532592773438e+01
2.866232872009277344e+01
2.534860610961914062e+01
7.412570953369140625e+00
2.515112304687500000e+01
2.921139335632324219e+01
1.393309116363525391e+01
1.653401184082031250e+01
2.359283256530761719e+01
3.294225311279296875e+01
1.222446155548095703e+01
3.173234939575195312e+01
1.751828002929687500e+01
3.348993682861328125e+01
1.067013549804687500e+01
3.281419372558593750e+01
3.935916137695312500e+01
1.075603485107421875e+01
1.115296936035156250e+01
1.346539974212646484e+01
1.487869262695312500e+01
1.469730186462402344e+01
3.307816314697265625e+01
3.999129104614257812e+01
1.504045867919921875e+01
3.677673721313476562e+01
1.478908061981201172e+01
1.254773521423339844e+01
3.271183013916015625e+01
3.515540313720703125e+01
4.202065277099609375e+01
4.015967178344726562e+01
1.117905807495117188e+01
1.319143390655517578e+01
1.462569999694824219e+01
1.077575588226318359e+01
1.260174083709716797e+01
9.029826164245605469e+00
1.224810218811035156e+01
3.856147003173828125e+01
