1.042262172698974609e+01
1.651383972167968750e+01
2.949859237670898438e+01
1.345277976989746094e+01
3.668075180053710938e+01
1.027101898193359375e+01
1.891796875000000000e+01
2.832028198242187500e+01
2.930437088012695312e+01
1.276292419433593750e+01
2.428296279907226562e+01
3.659538269042968750e+01
3.268805694580078125e+01
1.098946762084960938e+01
1.153925895690917969e+01
1.333934116363525391e+01
3.989734649658203125e+01
2.568991279602050781e+01
3.317633819580078125e+01
1.466067695617675781e+01
1.674302673339843750e+01
1.092047500610351562e+01
3.622496795654296875e+01
1.100231456756591797e+01
3.273913574218750000e+01
3.968680953979492188e+01
1.420108985900878906e+01
1.415121746063232422e+01
2.943148612976074219e+01
1.653569793701171875e+01
2.433955001831054688e+01
1.232599544525146484e+01
1.933576774597167969e+01
1.547330093383789062e+01
2.633528900146484375e+01
2.364746093750000000e+01
1.292027378082275391e+01
1.688795280456542969e+01
6.612917900085449219e+00
1.089870929718017578e+01
3.912965393066406250e+01
2.892385101318359375e+01
3.948449707031250000e+01
1.272774600982666016e+01
1.414804840087890625e+01
1.274891090393066406e+01
3.274687957763671875e+01
1.196307373046875000e+01
2.448623085021972656e+01
1.469802474975585938e+01
3.668392181396484375e+01
2.357438659667968750e+01
6.206135749816894531e+00
2.859608459472656250e+01
6.190382003784179688e+00
1.673394775390625000e+01
3.886030960083007812e+01
1.437503051757812500e+01
1.392162418365478516e+01
2.705286788940429688e+01
1.538936042785644531e+01
2.599264144897460938e+01
2.643470001220703125e+01
1.301707935333251953e+01
1.440307807922363281e+01
1.449676895141601562e+01
1.207450103759765625e+01
1.493986415863037109e+01
6.537929534912109375e+00
2.839910507202148438e+01
2.600668334960937500e+01
2.431314849853515625e+01
3.250563812255859375e+01
1.294796371459960938e+01
1.534341430664062500e+01
2.600915908813476562e+01
2.824363708496093750e+01
1.668631935119628906e+01
3.558230590820312500e+01
1.347317886352539062e+01
1.578164863586425781e+01
1.079326248168945312e+01
1.348221778869628906e+01
1.873138046264648438e+01
2.329330635070800781e+01
2.628329086303710938e+01
3.899584197998046875e+01
1.059740829467773438e+01
3.632496261596679688e+01
1.349366569519042969e+01
1.416948890686035156e+01
2.824475097656250000e+01
2.854808044433593750e+01
3.215936279296875000e+01
1.313295745849609375e+01
3.967916488647460938e+01
3.246360015869140625e+01
1.288940715789794922e+01
3.681457519531250000e+01
4.220032501220703125e+01
3.652021026611328125e+01
1.160832977294921875e+01
1.453133869171142578e+01
1.269929122924804688e+01
1.110899448394775391e+01
1.229503917694091797e+01
8.599639892578125000e+00
4.263947677612304688e+01
3.911792373657226562e+01
1.804225921630859375e+01
4.260595321655273438e+01
1.276233673095703125e+01
2.931787300109863281e+01
2.920752143859863281e+01
2.666117477416992188e+01
3.256656646728515625e+01
1.149565315246582031e+01
1.150845241546630859e+01
2.955881500244140625e+01
1.293913555145263672e+01
2.671868705749511719e+01
1.530349349975585938e+01
1.062904739379882812e+01
1.234897327423095703e+01
1.448537826538085938e+01
4.213106155395507812e+01
1.713295936584472656e+01
3.633075332641601562e+01
1.634832191467285156e+01
3.916554260253906250e+01
2.842989921569824219e+01
2.444708633422851562e+01
3.897984313964843750e+01
1.259971809387207031e+01
2.927916526794433594e+01
3.199934387207031250e+01
1.417124748229980469e+01
2.885079383850097656e+01
1.439369392395019531e+01
2.480983734130859375e+01
1.266297245025634766e+01
3.213103103637695312e+01
3.269802856445312500e+01
1.664740943908691406e+01
2.698961257934570312e+01
3.614770126342773438e+01
1.280833435058593750e+01
2.923570251464843750e+01
1.264237308502197266e+01
1.448530387878417969e+01
1.681427001953125000e+01
2.436262321472167969e+01
2.950414276123046875e+01
3.296850204467773438e+01
3.202874374389648438e+01
1.233271884918212891e+01
2.323981857299804688e+01
3.983898162841796875e+01
7.185403823852539062e+00
1.741327667236328125e+01
3.309014129638671875e+01
4.020144653320312500e+01
3.985382843017578125e+01
1.417443084716796875e+01
2.571652984619140625e+01
1.535306358337402344e+01
1.475695800781250000e+01
3.266464233398437500e+01
4.175098419189453125e+01
2.610202026367187500e+01
3.888995361328125000e+01
1.692371177673339844e+01
1.480875587463378906e+01
3.573382568359375000e+01
3.637767410278320312e+01
1.416515159606933594e+01
1.220760440826416016e+01
2.847714614868164062e+01
2.465785789489746094e+01
4.214898681640625000e+01
1.510751342773437500e+01
2.381370544433593750e+01
1.703317642211914062e+01
1.556973075866699219e+01
1.332981395721435547e+01
2.426293945312500000e+01
3.932860946655273438e+01
1.268203449249267578e+01
1.457547473907470703e+01
2.994212722778320312e+01
4.200773239135742188e+01
1.130055236816406250e+01
3.257721328735351562e+01
1.141018486022949219e+01
1.468837165832519531e+01
2.941372871398925781e+01
1.341161727905273438e+01
3.283558654785156250e+01
3.689558792114257812e+01
3.610925674438476562e+01
1.229444694519042969e+01
2.916769027709960938e+01
1.461419105529785156e+01
1.472736549377441406e+01
3.671771240234375000e+01
3.898979949951171875e+01
1.344018554687500000e+01
1.083555698394775391e+01
4.217730712890625000e+01
2.868572807312011719e+01
2.556335067749023438e+01
1.281499290466308594e+01
1.123214244842529297e+01
1.327561664581298828e+01
2.894509696960449219e+01
3.557663726806640625e+01
2.378661155700683594e+01
1.464944648742675781e+01
2.853404998779296875e+01
1.383983039855957031e+01
4.209811782836914062e+01
2.872106742858886719e+01
3.655993270874023438e+01
1.157335090637207031e+01
2.581872940063476562e+01
3.278691864013671875e+01
1.542789649963378906e+01
2.424077224731445312e+01
1.563714599609375000e+01
1.052918052673339844e+01
1.294397830963134766e+01
3.633938980102539062e+01
2.921537971496582031e+01
3.194497299194335938e+01
6.554356575012207031e+00
3.671596145629882812e+01
3.999340820312500000e+01
1.711779212951660156e+01
1.163262176513671875e+01
2.957406806945800781e+01
1.420668029785156250e+01
1.412657833099365234e+01
1.192437744140625000e+01
3.958418273925781250e+01
1.940656661987304688e+01
1.211682319641113281e+01
1.268132114410400391e+01
2.881161499023437500e+01
1.073859310150146484e+01
1.494199752807617188e+01
1.455653381347656250e+01
1.834030151367187500e+01
2.866152381896972656e+01
3.305560302734375000e+01
1.212644672393798828e+01
3.658228302001953125e+01
1.189735889434814453e+01
1.136175537109375000e+01
1.084092712402343750e+01
1.333596611022949219e+01
1.340017318725585938e+01
1.427478218078613281e+01
2.547120666503906250e+01
1.207084083557128906e+01
1.251347255706787109e+01
2.646672248840332031e+01
1.281171035766601562e+01
1.046062850952148438e+01
1.707716369628906250e+01
2.898744964599609375e+01
7.246587753295898438e+00
4.008159637451171875e+01
1.292898559570312500e+01
3.281990432739257812e+01
3.193151855468750000e+01
1.283123493194580078e+01
1.317843055725097656e+01
3.249008178710937500e+01
2.916740798950195312e+01
1.422877025604248047e+01
2.588966178894042969e+01
2.468684768676757812e+01
3.250551986694335938e+01
1.420163536071777344e+01
1.432110595703125000e+01
1.125559520721435547e+01
4.251918411254882812e+01
1.318145942687988281e+01
2.962970161437988281e+01
3.259717941284179688e+01
3.208757019042968750e+01
3.227331542968750000e+01
2.897772979736328125e+01
3.281449127197265625e+01
1.590956306457519531e+01
3.182422447204589844e+01
8.759803771972656250e+00
3.616062164306640625e+01
1.256531047821044922e+01
2.879257583618164062e+01
1.450466156005859375e+01
1.258590221405029297e+01
1.054795169830322266e+01
6.147153854370117188e+00
3.272580337524414062e+01
1.230030345916748047e+01
1.483592414855957031e+01
1.162936878204345703e+01
2.859005928039550781e+01
2.141387367248535156e+01
1.214655494689941406e+01
2.809203720092773438e+01
1.452597999572753906e+01
1.084618854522705078e+01
1.568761730194091797e+01
2.635971069335937500e+01
1.233212947845458984e+01
1.205861568450927734e+01
2.286337661743164062e+01
1.167968940734863281e+01
1.668700790405273438e+01
1.040460300445556641e+01
1.018205547332763672e+01
1.063867473602294922e+01
3.609772491455078125e+01
2.626231956481933594e+01
3.246334838867187500e+01
2.675427055358886719e+01
1.453304862976074219e+01
1.303505420684814453e+01
3.633420944213867188e+01
2.426784324645996094e+01
4.049514007568359375e+01
3.256924819946289062e+01
1.552057266235351562e+01
1.434538841247558594e+01
1.866991806030273438e+01
1.150391769409179688e+01
2.930450057983398438e+01
6.116809844970703125e+00
1.212797832489013672e+01
3.235338592529296875e+01
2.902794075012207031e+01
1.062466907501220703e+01
1.944555854797363281e+01
3.973138809204101562e+01
2.630734634399414062e+01
2.843914222717285156e+01
1.882844352722167969e+01
3.352925109863281250e+01
3.661451339721679688e+01
1.691400146484375000e+01
1.452560138702392578e+01
1.829009437561035156e+01
1.140386009216308594e+01
1.306962203979492188e+01
1.141818237304687500e+01
2.956426239013671875e+01
3.519102478027343750e+01
1.320415496826171875e+01
2.869484901428222656e+01
3.999035644531250000e+01
3.718304443359375000e+01
1.214996433258056641e+01
2.100109863281250000e+01
1.471010398864746094e+01
1.512195205688476562e+01
3.235183715820312500e+01
1.088853359222412109e+01
2.938089179992675781e+01
1.748321914672851562e+01
3.584585571289062500e+01
3.244990539550781250e+01
1.698589515686035156e+01
1.538598060607910156e+01
1.458459663391113281e+01
1.692170143127441406e+01
3.970274353027343750e+01
3.547202301025390625e+01
1.671841812133789062e+01
3.254035186767578125e+01
4.026367950439453125e+01
1.442813873291015625e+01
2.915023803710937500e+01
1.544886589050292969e+01
2.403683471679687500e+01
3.286979675292968750e+01
2.414329147338867188e+01
1.419553184509277344e+01
2.641425132751464844e+01
2.442591476440429688e+01
1.440689659118652344e+01
1.139765167236328125e+01
3.590466308593750000e+01
1.448116302490234375e+01
1.525078582763671875e+01
3.316794586181640625e+01
1.190652179718017578e+01
1.948439788818359375e+01
1.542879104614257812e+01
4.287551879882812500e+01
3.945402526855468750e+01
2.912928390502929688e+01
1.253504753112792969e+01
1.192361450195312500e+01
1.175870323181152344e+01
4.053624725341796875e+01
2.868650054931640625e+01
6.961248397827148438e+00
1.292842483520507812e+01
4.187187194824218750e+01
3.232979965209960938e+01
1.204673004150390625e+01
2.948277664184570312e+01
3.658104705810546875e+01
2.840537643432617188e+01
2.989429092407226562e+01
1.705728721618652344e+01
8.517383575439453125e+00
1.150682449340820312e+01
1.531232261657714844e+01
1.239026069641113281e+01
1.743263244628906250e+01
1.687476158142089844e+01
3.991747283935546875e+01
1.031780910491943359e+01
2.375792312622070312e+01
1.680052185058593750e+01
3.173001480102539062e+01
2.636919021606445312e+01
1.533286094665527344e+01
4.141327667236328125e+01
1.279586505889892578e+01
3.277466964721679688e+01
3.222631835937500000e+01
2.865310287475585938e+01
2.563725471496582031e+01
3.255386734008789062e+01
3.183903884887695312e+01
1.485359382629394531e+01
1.077459526062011719e+01
2.162722206115722656e+01
1.456391239166259766e+01
2.908492660522460938e+01
2.001533317565917969e+01
1.562301063537597656e+01
4.028080749511718750e+01
3.675571441650390625e+01
1.436699104309082031e+01
4.001082611083984375e+01
2.882392501831054688e+01
2.945983505249023438e+01
1.315055942535400391e+01
2.985090446472167969e+01
1.902328300476074219e+01
1.550517082214355469e+01
2.626064300537109375e+01
4.057450103759765625e+01
3.571239852905273438e+01
3.689779281616210938e+01
1.136251640319824219e+01
2.401205635070800781e+01
1.127292919158935547e+01
1.926893424987792969e+01
1.326087856292724609e+01
1.849039077758789062e+01
4.222508239746093750e+01
3.479387283325195312e+01
1.460560035705566406e+01
1.236211299896240234e+01
1.722086715698242188e+01
1.896524810791015625e+01
3.304264450073242188e+01
1.237837791442871094e+01
3.612895965576171875e+01
1.422387504577636719e+01
2.892700195312500000e+01
3.229241180419921875e+01
3.263732910156250000e+01
1.448878288269042969e+01
1.139165496826171875e+01
2.671936416625976562e+01
1.225808048248291016e+01
1.456647491455078125e+01
3.258470916748046875e+01
1.037563133239746094e+01
2.448130607604980469e+01
2.352775192260742188e+01
3.268032455444335938e+01
1.290779685974121094e+01
1.408923816680908203e+01
1.128091239929199219e+01
1.434599208831787109e+01
1.219253730773925781e+01
3.279535675048828125e+01
1.505003547668457031e+01
3.922590637207031250e+01
1.420803070068359375e+01
2.936778640747070312e+01
2.588526535034179688e+01
3.319646072387695312e+01
1.155330085754394531e+01
1.268768310546875000e+01
7.239087104797363281e+00
2.427749443054199219e+01
1.077628421783447266e+01
3.635866165161132812e+01
4.010688781738281250e+01
3.540184020996093750e+01
2.491635704040527344e+01
1.073933887481689453e+01
2.455246353149414062e+01
1.227887248992919922e+01
1.172828292846679688e+01
1.137216567993164062e+01
1.451889610290527344e+01
1.097743034362792969e+01
1.746036529541015625e+01
1.181635665893554688e+01
1.083209133148193359e+01
3.639721679687500000e+01
1.191759586334228516e+01
1.036954593658447266e+01
2.635957145690917969e+01
1.459763145446777344e+01
2.832359695434570312e+01
1.504855728149414062e+01
1.688996124267578125e+01
1.299166584014892578e+01
1.531260967254638672e+01
3.275851058959960938e+01
3.241017532348632812e+01
3.213048553466796875e+01
1.827037429809570312e+01
2.520179176330566406e+01
3.244640350341796875e+01
1.658361434936523438e+01
3.632920837402343750e+01
3.606220245361328125e+01
2.850957870483398438e+01
1.051131629943847656e+01
1.700238800048828125e+01
2.883852767944335938e+01
2.624584579467773438e+01
1.020597648620605469e+01
1.573694229125976562e+01
1.145499420166015625e+01
1.150221347808837891e+01
7.009396553039550781e+00
3.259532165527343750e+01
1.039056777954101562e+01
3.245587921142578125e+01
1.045666694641113281e+01
2.897917938232421875e+01
3.232359313964843750e+01
1.155212402343750000e+01
1.100905227661132812e+01
1.094137573242187500e+01
2.639524459838867188e+01
3.315225219726562500e+01
1.523525524139404297e+01
2.934554290771484375e+01
1.222458934783935547e+01
3.264587402343750000e+01
2.858966064453125000e+01
1.312070655822753906e+01
3.307509994506835938e+01
2.368041419982910156e+01
3.263355636596679688e+01
3.508508682250976562e+01
2.916635894775390625e+01
1.285709285736083984e+01
1.230421638488769531e+01
1.306417560577392578e+01
3.239338302612304688e+01
2.643956756591796875e+01
3.653768157958984375e+01
1.943355369567871094e+01
1.532003211975097656e+01
1.186961841583251953e+01
1.466064739227294922e+01
1.195429229736328125e+01
1.630062866210937500e+01
2.474729919433593750e+01
3.539413070678710938e+01
1.520680141448974609e+01
1.042670154571533203e+01
6.595372200012207031e+00
1.561721992492675781e+01
1.539177322387695312e+01
3.171974563598632812e+01
1.178351593017578125e+01
3.204269027709960938e+01
1.465900039672851562e+01
1.678211212158203125e+01
1.225870037078857422e+01
2.525217247009277344e+01
1.279152011871337891e+01
1.524054145812988281e+01
1.301355934143066406e+01
2.602728843688964844e+01
1.117124938964843750e+01
3.235798645019531250e+01
1.681941223144531250e+01
3.651541900634765625e+01
1.333255958557128906e+01
1.074263286590576172e+01
1.429672050476074219e+01
3.928218078613281250e+01
1.417574024200439453e+01
1.451761627197265625e+01
4.239676666259765625e+01
1.505564212799072266e+01
1.880126571655273438e+01
3.552487564086914062e+01
3.653485107421875000e+01
2.326260757446289062e+01
1.322652816772460938e+01
3.157084274291992188e+01
1.147629547119140625e+01
3.947090148925781250e+01
1.708210563659667969e+01
1.729125976562500000e+01
1.419730186462402344e+01
3.650027465820312500e+01
3.292187500000000000e+01
1.421124744415283203e+01
1.162988185882568359e+01
2.588159942626953125e+01
4.034007263183593750e+01
1.326778793334960938e+01
3.643169403076171875e+01
3.252336120605468750e+01
6.935687065124511719e+00
1.128417205810546875e+01
2.858123397827148438e+01
2.383899497985839844e+01
2.876608467102050781e+01
1.449570465087890625e+01
2.886497879028320312e+01
3.210548400878906250e+01
1.125687694549560547e+01
1.063083457946777344e+01
1.681649208068847656e+01
1.300231552124023438e+01
1.307406711578369141e+01
1.514813899993896484e+01
1.716854858398437500e+01
3.521341705322265625e+01
3.307705688476562500e+01
1.501508140563964844e+01
3.546711730957031250e+01
2.888604354858398438e+01
3.295246124267578125e+01
3.602775955200195312e+01
2.842377853393554688e+01
1.451010322570800781e+01
1.299520397186279297e+01
1.260224056243896484e+01
2.392830848693847656e+01
2.587263488769531250e+01
1.440395355224609375e+01
7.643291473388671875e+00
3.675341033935546875e+01
3.206954956054687500e+01
3.176566123962402344e+01
1.828193283081054688e+01
1.208510684967041016e+01
1.078096294403076172e+01
2.454409027099609375e+01
2.875419425964355469e+01
3.296249008178710938e+01
2.926580810546875000e+01
2.542864990234375000e+01
1.081664562225341797e+01
1.136722755432128906e+01
1.735108757019042969e+01
1.892305755615234375e+01
2.835252571105957031e+01
1.895587158203125000e+01
3.609462738037109375e+01
1.907479095458984375e+01
2.575714874267578125e+01
4.059408569335937500e+01
1.995768547058105469e+01
4.195134735107421875e+01
1.673969841003417969e+01
2.938011169433593750e+01
1.967535781860351562e+01
1.587614250183105469e+01
1.172449970245361328e+01
