1.295719146728515625e+01
2.459908294677734375e+01
4.201740264892578125e+01
2.453194808959960938e+01
3.207460021972656250e+01
3.212036132812500000e+01
1.782442855834960938e+01
1.948743438720703125e+01
1.550981712341308594e+01
5.822029113769531250e+00
2.866330146789550781e+01
2.924224853515625000e+01
3.327646636962890625e+01
1.652967834472656250e+01
3.255270004272460938e+01
3.620146560668945312e+01
3.656782150268554688e+01
1.250181388854980469e+01
2.853678703308105469e+01
3.929121398925781250e+01
1.342308521270751953e+01
4.193298339843750000e+01
4.046433258056640625e+01
1.118497276306152344e+01
3.283855819702148438e+01
2.894622802734375000e+01
1.560973644256591797e+01
1.921791076660156250e+01
1.281040191650390625e+01
1.244740486145019531e+01
3.288585662841796875e+01
2.869790840148925781e+01
2.927739524841308594e+01
2.606739425659179688e+01
1.237395000457763672e+01
3.235348892211914062e+01
3.881066894531250000e+01
1.567978572845458984e+01
1.729257583618164062e+01
1.449184799194335938e+01
1.581374168395996094e+01
1.450728893280029297e+01
2.626452827453613281e+01
1.735832977294921875e+01
1.413356781005859375e+01
1.865457916259765625e+01
1.562547111511230469e+01
2.910609436035156250e+01
2.427374839782714844e+01
1.327949142456054688e+01
3.579481887817382812e+01
3.240435028076171875e+01
2.897122001647949219e+01
1.570965766906738281e+01
1.132199859619140625e+01
1.337974643707275391e+01
1.229145812988281250e+01
1.281330585479736328e+01
3.599451828002929688e+01
1.348872661590576172e+01
2.621699714660644531e+01
2.907469558715820312e+01
1.721206283569335938e+01
1.428820610046386719e+01
2.597755622863769531e+01
3.293898773193359375e+01
4.055904388427734375e+01
2.927732086181640625e+01
1.430263519287109375e+01
2.824479293823242188e+01
3.649673080444335938e+01
2.874034309387207031e+01
6.481678962707519531e+00
1.465437316894531250e+01
2.944610786437988281e+01
2.513728713989257812e+01
4.014089965820312500e+01
4.051461410522460938e+01
2.571985054016113281e+01
1.449942016601562500e+01
1.276177406311035156e+01
8.969113349914550781e+00
1.745559310913085938e+01
1.333180046081542969e+01
1.357584285736083984e+01
3.897526931762695312e+01
2.015843009948730469e+01
1.476836681365966797e+01
7.256355285644531250e+00
2.596671104431152344e+01
1.710943984985351562e+01
1.241122722625732422e+01
1.286422824859619141e+01
3.299552154541015625e+01
1.716434669494628906e+01
1.020020580291748047e+01
2.803317642211914062e+01
2.899982261657714844e+01
3.634174728393554688e+01
3.611834716796875000e+01
2.329127883911132812e+01
3.914003753662109375e+01
1.589810466766357422e+01
1.214293098449707031e+01
2.954355621337890625e+01
1.079540061950683594e+01
1.162461662292480469e+01
4.161649322509765625e+01
3.892221832275390625e+01
7.023772239685058594e+00
3.286389160156250000e+01
6.813616752624511719e+00
1.725991821289062500e+01
3.235795211791992188e+01
2.444345092773437500e+01
2.896920394897460938e+01
1.448912239074707031e+01
2.915401840209960938e+01
3.538554763793945312e+01
2.582501983642578125e+01
2.454089164733886719e+01
1.517946147918701172e+01
2.367667961120605469e+01
1.425776290893554688e+01
1.560772705078125000e+01
2.569973182678222656e+01
3.567989349365234375e+01
1.400937747955322266e+01
3.278542327880859375e+01
1.370599079132080078e+01
1.224014568328857422e+01
1.914849662780761719e+01
2.862632369995117188e+01
1.335965919494628906e+01
2.855150222778320312e+01
1.533534240722656250e+01
1.241334533691406250e+01
3.279994201660156250e+01
1.351611709594726562e+01
3.622032928466796875e+01
2.925250625610351562e+01
3.274496459960937500e+01
3.252550125122070312e+01
1.495779418945312500e+01
3.239263916015625000e+01
4.051074218750000000e+01
1.434545707702636719e+01
2.893636322021484375e+01
1.437309741973876953e+01
3.203507995605468750e+01
4.215544891357421875e+01
1.104222774505615234e+01
3.219456481933593750e+01
1.535207176208496094e+01
1.464794921875000000e+01
1.042776679992675781e+01
3.621455383300781250e+01
3.687287902832031250e+01
2.586197090148925781e+01
4.211839675903320312e+01
3.691312408447265625e+01
1.572134971618652344e+01
1.242576694488525391e+01
3.228981781005859375e+01
2.387737846374511719e+01
2.931817245483398438e+01
2.935629844665527344e+01
1.365182113647460938e+01
4.020209884643554688e+01
1.263926696777343750e+01
2.594922065734863281e+01
1.478205871582031250e+01
4.171410369873046875e+01
3.301435089111328125e+01
3.280332946777343750e+01
1.330251502990722656e+01
2.323208236694335938e+01
1.352880764007568359e+01
1.101467990875244141e+01
1.125063133239746094e+01
3.238228225708007812e+01
1.472991847991943359e+01
3.181267929077148438e+01
2.848631286621093750e+01
3.644771194458007812e+01
1.498452949523925781e+01
1.473052883148193359e+01
1.441239929199218750e+01
1.240935707092285156e+01
1.291575908660888672e+01
1.171499538421630859e+01
3.254592132568359375e+01
1.392377567291259766e+01
2.968974304199218750e+01
1.268843841552734375e+01
2.352246093750000000e+01
3.221211624145507812e+01
1.453659248352050781e+01
1.353421020507812500e+01
2.876884460449218750e+01
1.160652351379394531e+01
3.242804336547851562e+01
2.323294448852539062e+01
1.235842990875244141e+01
1.395521736145019531e+01
3.261141204833984375e+01
3.685968399047851562e+01
1.180203437805175781e+01
1.732338905334472656e+01
1.492300415039062500e+01
1.036630344390869141e+01
1.340727615356445312e+01
3.597518920898437500e+01
1.108076477050781250e+01
7.197080612182617188e+00
1.043558979034423828e+01
1.725397300720214844e+01
1.448363685607910156e+01
1.029702472686767578e+01
2.588158988952636719e+01
1.546119022369384766e+01
2.447864723205566406e+01
1.711786460876464844e+01
2.413251686096191406e+01
2.612284088134765625e+01
2.915978431701660156e+01
1.358757495880126953e+01
1.575701713562011719e+01
1.721903419494628906e+01
2.425336456298828125e+01
4.064789581298828125e+01
1.486430358886718750e+01
1.924837303161621094e+01
2.917366409301757812e+01
2.924538230895996094e+01
3.645032501220703125e+01
3.903359222412109375e+01
4.153794097900390625e+01
1.718559646606445312e+01
3.301151275634765625e+01
1.219066047668457031e+01
1.475873851776123047e+01
1.271024417877197266e+01
3.266038894653320312e+01
1.577365684509277344e+01
2.927241325378417969e+01
1.069553375244140625e+01
2.904017257690429688e+01
1.576241970062255859e+01
1.910275077819824219e+01
1.470246887207031250e+01
1.467078018188476562e+01
1.909861183166503906e+01
1.439836120605468750e+01
1.421715354919433594e+01
4.009418487548828125e+01
2.879983139038085938e+01
1.579177474975585938e+01
3.682844924926757812e+01
2.402060508728027344e+01
1.545199203491210938e+01
1.582530975341796875e+01
1.471988677978515625e+01
2.985509490966796875e+01
3.689646911621093750e+01
2.941542243957519531e+01
1.023556423187255859e+01
2.607346534729003906e+01
6.310930252075195312e+00
2.338838958740234375e+01
3.293146514892578125e+01
1.718409347534179688e+01
1.449151039123535156e+01
1.556764411926269531e+01
3.260822677612304688e+01
1.482148075103759766e+01
1.166566181182861328e+01
2.901905822753906250e+01
1.059649944305419922e+01
1.924000167846679688e+01
2.932551002502441406e+01
1.458556747436523438e+01
1.118496608734130859e+01
3.643143081665039062e+01
3.655892562866210938e+01
3.930351257324218750e+01
6.115352630615234375e+00
1.710337638854980469e+01
1.281300926208496094e+01
1.176098728179931641e+01
2.944348526000976562e+01
2.871133422851562500e+01
3.560585021972656250e+01
1.731352615356445312e+01
3.288380432128906250e+01
3.229077911376953125e+01
2.340093040466308594e+01
2.944384002685546875e+01
3.290357208251953125e+01
2.356977844238281250e+01
1.182012748718261719e+01
3.246119689941406250e+01
3.273502731323242188e+01
1.267338848114013672e+01
1.343888568878173828e+01
1.718456077575683594e+01
1.123568630218505859e+01
2.379512023925781250e+01
1.467962360382080078e+01
1.488658905029296875e+01
3.879962158203125000e+01
1.183821868896484375e+01
1.566756439208984375e+01
3.573067474365234375e+01
1.467899703979492188e+01
1.115493392944335938e+01
3.889371490478515625e+01
1.238252639770507812e+01
8.892146110534667969e+00
1.579651832580566406e+01
2.477664947509765625e+01
1.248540878295898438e+01
1.347650051116943359e+01
3.274340820312500000e+01
1.346513175964355469e+01
3.229957962036132812e+01
3.572906494140625000e+01
1.179400634765625000e+01
4.176208877563476562e+01
2.845157241821289062e+01
3.617871856689453125e+01
1.743423080444335938e+01
3.586058807373046875e+01
1.281269741058349609e+01
1.490918922424316406e+01
4.146830749511718750e+01
1.926576995849609375e+01
1.040094470977783203e+01
1.572539043426513672e+01
2.644334793090820312e+01
2.555881881713867188e+01
3.238156127929687500e+01
1.578321647644042969e+01
3.247179794311523438e+01
2.609080505371093750e+01
3.290613937377929688e+01
1.104887771606445312e+01
3.259846115112304688e+01
2.583218765258789062e+01
3.198309707641601562e+01
3.228461837768554688e+01
1.289589977264404297e+01
3.915569686889648438e+01
3.235559082031250000e+01
3.297484588623046875e+01
2.375209999084472656e+01
1.033166313171386719e+01
1.423962402343750000e+01
1.233413219451904297e+01
2.369130897521972656e+01
3.289471435546875000e+01
1.572367286682128906e+01
3.312374114990234375e+01
3.633649826049804688e+01
2.908646774291992188e+01
1.020092201232910156e+01
1.114643001556396484e+01
1.789519500732421875e+01
2.599064636230468750e+01
1.075137805938720703e+01
1.939399528503417969e+01
2.416383171081542969e+01
2.973711776733398438e+01
1.128916645050048828e+01
1.568355178833007812e+01
3.562719345092773438e+01
2.433609390258789062e+01
1.203907489776611328e+01
1.457768440246582031e+01
1.273903465270996094e+01
3.654993438720703125e+01
3.614001846313476562e+01
1.240125465393066406e+01
1.357345008850097656e+01
1.486341953277587891e+01
3.259399032592773438e+01
1.517732048034667969e+01
2.909774780273437500e+01
1.063589763641357422e+01
1.569787788391113281e+01
2.629280471801757812e+01
3.636009216308593750e+01
1.107506179809570312e+01
1.548904895782470703e+01
1.498330688476562500e+01
2.947232437133789062e+01
3.569322967529296875e+01
3.887743377685546875e+01
1.178394126892089844e+01
2.959030151367187500e+01
2.904042434692382812e+01
2.864362907409667969e+01
4.002968597412109375e+01
1.342418956756591797e+01
4.058263778686523438e+01
1.256936454772949219e+01
1.168375492095947266e+01
1.115213489532470703e+01
2.430912399291992188e+01
1.950852394104003906e+01
6.476917266845703125e+00
3.267088699340820312e+01
3.938541412353515625e+01
1.519685459136962891e+01
4.198330688476562500e+01
1.540989875793457031e+01
1.573892402648925781e+01
3.305115127563476562e+01
1.492403793334960938e+01
2.566889190673828125e+01
1.462865352630615234e+01
3.306837844848632812e+01
1.345697879791259766e+01
3.264323425292968750e+01
1.388518238067626953e+01
1.931312751770019531e+01
4.024850463867187500e+01
4.060346984863281250e+01
6.894676208496093750e+00
2.610739135742187500e+01
1.232609653472900391e+01
1.462629222869873047e+01
4.060623168945312500e+01
1.929327011108398438e+01
2.354319953918457031e+01
1.252025794982910156e+01
1.743819618225097656e+01
1.346427249908447266e+01
1.363971996307373047e+01
1.599375438690185547e+01
1.253063106536865234e+01
1.576143264770507812e+01
1.715219306945800781e+01
1.084331035614013672e+01
1.265443038940429688e+01
1.117040920257568359e+01
3.901386260986328125e+01
1.575776863098144531e+01
1.728844833374023438e+01
2.857480621337890625e+01
1.071318435668945312e+01
7.373527526855468750e+00
2.359288978576660156e+01
1.727408409118652344e+01
4.166559600830078125e+01
2.869404983520507812e+01
6.298075675964355469e+00
3.272328186035156250e+01
1.117926216125488281e+01
3.289050674438476562e+01
3.647130584716796875e+01
1.557465839385986328e+01
1.742862701416015625e+01
2.906071662902832031e+01
1.223942565917968750e+01
1.013882732391357422e+01
2.598115158081054688e+01
1.460435485839843750e+01
2.936096191406250000e+01
1.238399124145507812e+01
1.216071510314941406e+01
2.935090637207031250e+01
1.067529487609863281e+01
2.933948135375976562e+01
1.244217300415039062e+01
1.139772033691406250e+01
1.174289321899414062e+01
1.990015411376953125e+01
2.855275535583496094e+01
3.282810974121093750e+01
3.264225769042968750e+01
3.564643096923828125e+01
3.635064315795898438e+01
3.587300109863281250e+01
2.453811454772949219e+01
1.172480201721191406e+01
2.603794670104980469e+01
2.365152740478515625e+01
4.035641860961914062e+01
1.086690139770507812e+01
1.737706565856933594e+01
1.756529998779296875e+01
2.916656875610351562e+01
3.586364746093750000e+01
6.462347984313964844e+00
1.483298110961914062e+01
2.919413757324218750e+01
2.610344123840332031e+01
1.964097976684570312e+01
2.945956420898437500e+01
4.025211334228515625e+01
1.244258689880371094e+01
4.190503692626953125e+01
2.908023643493652344e+01
1.049704837799072266e+01
1.265932178497314453e+01
1.724546813964843750e+01
1.033989715576171875e+01
1.206461238861083984e+01
2.839781951904296875e+01
1.046240615844726562e+01
2.346033859252929688e+01
1.065057563781738281e+01
3.271707916259765625e+01
2.429815101623535156e+01
1.182276535034179688e+01
1.335681533813476562e+01
1.474529457092285156e+01
2.634319114685058594e+01
1.053169059753417969e+01
1.739280319213867188e+01
6.461182594299316406e+00
1.071912479400634766e+01
1.488451194763183594e+01
1.207139015197753906e+01
1.232878589630126953e+01
2.430692291259765625e+01
3.287983703613281250e+01
1.061117839813232422e+01
2.864951515197753906e+01
1.236390686035156250e+01
1.446446418762207031e+01
1.351658439636230469e+01
1.336165332794189453e+01
1.177908039093017578e+01
1.576409435272216797e+01
1.019455337524414062e+01
3.643537139892578125e+01
1.121779918670654297e+01
1.019311904907226562e+01
2.638276863098144531e+01
2.387242507934570312e+01
2.070314025878906250e+01
3.675896835327148438e+01
3.939066314697265625e+01
4.062706375122070312e+01
2.562838745117187500e+01
3.581520080566406250e+01
2.843106651306152344e+01
2.608889961242675781e+01
1.479477691650390625e+01
1.742774391174316406e+01
1.111930179595947266e+01
1.597453117370605469e+01
1.170184803009033203e+01
1.481684684753417969e+01
4.068787384033203125e+01
1.247743606567382812e+01
2.278921127319335938e+01
1.508602333068847656e+01
1.037258625030517578e+01
2.857747268676757812e+01
2.835741233825683594e+01
1.478145027160644531e+01
1.260779094696044922e+01
2.887176322937011719e+01
2.391288185119628906e+01
1.720178222656250000e+01
1.338410758972167969e+01
2.453664016723632812e+01
1.757429695129394531e+01
1.462807464599609375e+01
1.572832393646240234e+01
1.249440002441406250e+01
1.347287082672119141e+01
2.966836929321289062e+01
1.263483238220214844e+01
3.555596542358398438e+01
1.598181724548339844e+01
2.885291099548339844e+01
1.056633472442626953e+01
1.235927200317382812e+01
1.219535255432128906e+01
3.664051818847656250e+01
1.714915466308593750e+01
3.276887893676757812e+01
3.678401947021484375e+01
3.634260177612304688e+01
1.935920524597167969e+01
3.933544158935546875e+01
1.113477706909179688e+01
1.239866924285888672e+01
2.922743225097656250e+01
2.656954193115234375e+01
3.660464477539062500e+01
3.285320663452148438e+01
3.904541778564453125e+01
8.826769828796386719e+00
2.595339965820312500e+01
2.586445236206054688e+01
2.860902214050292969e+01
3.222404861450195312e+01
4.215211486816406250e+01
2.914861297607421875e+01
1.066061687469482422e+01
1.977430725097656250e+01
2.920753097534179688e+01
1.209925556182861328e+01
3.267399597167968750e+01
1.337188243865966797e+01
3.206189346313476562e+01
1.341196632385253906e+01
1.328442192077636719e+01
3.623810195922851562e+01
1.119067001342773438e+01
1.519828033447265625e+01
1.374122810363769531e+01
1.950482940673828125e+01
1.353140354156494141e+01
1.730996894836425781e+01
1.458346462249755859e+01
2.601693725585937500e+01
1.462984275817871094e+01
2.908362197875976562e+01
1.576748466491699219e+01
2.556373405456542969e+01
6.962438583374023438e+00
1.446101760864257812e+01
1.083538150787353516e+01
3.592636108398437500e+01
2.589263725280761719e+01
3.264331054687500000e+01
1.588313674926757812e+01
2.337580871582031250e+01
1.024280452728271484e+01
3.692006301879882812e+01
1.572535324096679688e+01
2.456544113159179688e+01
1.728891372680664062e+01
4.170046234130859375e+01
1.494039821624755859e+01
1.455149269104003906e+01
4.207370376586914062e+01
3.645170593261718750e+01
1.164757156372070312e+01
2.840033149719238281e+01
2.970827865600585938e+01
1.270620059967041016e+01
4.173289489746093750e+01
1.703583908081054688e+01
4.188974380493164062e+01
2.350656700134277344e+01
1.554323863983154297e+01
1.045051765441894531e+01
2.341166496276855469e+01
1.755493354797363281e+01
3.285287475585937500e+01
1.277756881713867188e+01
1.486071014404296875e+01
1.372009658813476562e+01
2.594996261596679688e+01
2.092670822143554688e+01
2.916065216064453125e+01
1.453459548950195312e+01
1.582403087615966797e+01
3.563920593261718750e+01
3.312837600708007812e+01
1.777267837524414062e+01
1.486532592773437500e+01
1.450895404815673828e+01
3.617132568359375000e+01
1.236611938476562500e+01
3.284596252441406250e+01
1.387076854705810547e+01
1.345204830169677734e+01
1.064593887329101562e+01
1.062122058868408203e+01
1.918297004699707031e+01
1.505123329162597656e+01
2.862284278869628906e+01
1.715791893005371094e+01
3.619771575927734375e+01
1.506862640380859375e+01
2.902438163757324219e+01
3.268675613403320312e+01
4.065065765380859375e+01
1.326632881164550781e+01
1.937660026550292969e+01
2.622540092468261719e+01
1.185631179809570312e+01
4.207717895507812500e+01
