1.114233112335205078e+01
1.164814281463623047e+01
2.610005760192871094e+01
6.384478569030761719e+00
3.126210403442382812e+01
3.278646087646484375e+01
1.499202823638916016e+01
1.147048377990722656e+01
1.711532974243164062e+01
3.518903732299804688e+01
4.188783264160156250e+01
1.326269817352294922e+01
1.030518150329589844e+01
6.212143898010253906e+00
1.485879421234130859e+01
1.228284931182861328e+01
1.004021644592285156e+01
1.890077590942382812e+01
1.629940223693847656e+01
1.496161460876464844e+01
2.602365303039550781e+01
1.489831733703613281e+01
3.515953063964843750e+01
1.386432647705078125e+01
6.074863433837890625e+00
3.493038177490234375e+01
2.075746536254882812e+01
1.773256492614746094e+01
3.501375579833984375e+01
3.523838806152343750e+01
1.830137252807617188e+01
3.611518478393554688e+01
2.859035110473632812e+01
1.467629432678222656e+01
1.120652770996093750e+01
1.199507808685302734e+01
2.377236366271972656e+01
6.954123497009277344e+00
1.054528617858886719e+01
1.908486938476562500e+01
9.909996032714843750e+00
1.110599327087402344e+01
3.499621582031250000e+01
2.829975128173828125e+01
9.985372543334960938e+00
1.651824378967285156e+01
1.515509986877441406e+01
9.698549270629882812e+00
1.345310974121093750e+01
1.198463153839111328e+01
1.180269145965576172e+01
1.458758449554443359e+01
1.129268074035644531e+01
1.389523124694824219e+01
3.578498840332031250e+01
8.751782417297363281e+00
1.289541435241699219e+01
1.720280838012695312e+01
6.416374206542968750e+00
1.470408630371093750e+01
1.150697612762451172e+01
1.023273754119873047e+01
2.888023757934570312e+01
3.134886169433593750e+01
1.097856903076171875e+01
2.814225578308105469e+01
1.159299850463867188e+01
2.842823219299316406e+01
1.215345859527587891e+01
2.375101470947265625e+01
1.443687343597412109e+01
1.222781467437744141e+01
1.058584785461425781e+01
2.920908546447753906e+01
1.412429332733154297e+01
1.074569988250732422e+01
2.389849281311035156e+01
1.257966995239257812e+01
1.428128242492675781e+01
2.885427093505859375e+01
2.607061195373535156e+01
3.144626998901367188e+01
4.255267333984375000e+01
1.061870384216308594e+01
1.008353805541992188e+01
1.455544471740722656e+01
1.161079883575439453e+01
1.924202919006347656e+01
1.479289245605468750e+01
2.245497512817382812e+01
3.551179122924804688e+01
6.182005882263183594e+00
3.231710433959960938e+01
1.551494216918945312e+01
1.411728382110595703e+01
3.552529144287109375e+01
2.419077110290527344e+01
2.334594345092773438e+01
5.523502349853515625e+00
3.945327377319335938e+01
1.125127792358398438e+01
1.386134433746337891e+01
1.276218891143798828e+01
1.176649093627929688e+01
3.616199493408203125e+01
1.432972145080566406e+01
2.793700790405273438e+01
3.593798065185546875e+01
6.802688598632812500e+00
1.633612823486328125e+01
1.131103801727294922e+01
1.179166698455810547e+01
2.859698295593261719e+01
3.211577606201171875e+01
1.479874801635742188e+01
3.117672729492187500e+01
3.827046203613281250e+01
4.247525787353515625e+01
1.053623962402343750e+01
2.542058753967285156e+01
1.219936180114746094e+01
1.496017932891845703e+01
1.523503112792968750e+01
2.821413803100585938e+01
1.265561866760253906e+01
2.287018013000488281e+01
2.902182006835937500e+01
2.276522636413574219e+01
2.320646667480468750e+01
4.204872512817382812e+01
1.087340831756591797e+01
3.544847488403320312e+01
1.906095886230468750e+01
1.274207115173339844e+01
1.504908657073974609e+01
2.048132514953613281e+01
1.567140388488769531e+01
2.882591819763183594e+01
3.897303009033203125e+01
1.444334602355957031e+01
1.054392814636230469e+01
1.480518913269042969e+01
2.552520370483398438e+01
2.884342193603515625e+01
1.440759277343750000e+01
1.079114818572998047e+01
3.869865417480468750e+01
1.471030521392822266e+01
2.550780677795410156e+01
1.197202205657958984e+01
3.913110351562500000e+01
2.333220291137695312e+01
3.567041778564453125e+01
3.253450012207031250e+01
2.610056304931640625e+01
3.515731811523437500e+01
1.744762039184570312e+01
2.600664138793945312e+01
1.646104240417480469e+01
1.237404060363769531e+01
3.539620208740234375e+01
1.688488197326660156e+01
1.526798820495605469e+01
3.523361968994140625e+01
1.547517967224121094e+01
2.478670883178710938e+01
1.332924842834472656e+01
3.639507293701171875e+01
1.428510475158691406e+01
2.631439018249511719e+01
2.571636199951171875e+01
3.191403579711914062e+01
3.230220794677734375e+01
3.951853942871093750e+01
1.692622375488281250e+01
1.364725017547607422e+01
2.590230560302734375e+01
2.651239776611328125e+01
1.655148506164550781e+01
3.559486770629882812e+01
2.838002395629882812e+01
1.434076881408691406e+01
9.828452110290527344e+00
1.138146114349365234e+01
1.305618667602539062e+01
2.877422714233398438e+01
1.519147300720214844e+01
3.235028076171875000e+01
1.373970603942871094e+01
3.626053237915039062e+01
3.828827285766601562e+01
1.514719581604003906e+01
1.346554660797119141e+01
1.231572055816650391e+01
3.237464904785156250e+01
1.825705909729003906e+01
3.272717666625976562e+01
1.521419906616210938e+01
2.606563949584960938e+01
1.598460388183593750e+01
1.278769493103027344e+01
3.235161972045898438e+01
1.626290893554687500e+01
2.815303039550781250e+01
1.887384223937988281e+01
3.517951965332031250e+01
2.581486320495605469e+01
2.631240653991699219e+01
1.336398124694824219e+01
3.185621261596679688e+01
2.311591339111328125e+01
1.290765953063964844e+01
1.876990127563476562e+01
3.500933456420898438e+01
1.458542060852050781e+01
1.476333236694335938e+01
2.854535102844238281e+01
1.265845966339111328e+01
9.986038208007812500e+00
1.084759044647216797e+01
1.531001472473144531e+01
3.229782104492187500e+01
1.386206150054931641e+01
1.657427597045898438e+01
1.127949905395507812e+01
2.281908798217773438e+01
8.025699615478515625e+00
1.424267387390136719e+01
3.819973373413085938e+01
3.133958053588867188e+01
1.867299270629882812e+01
1.686209106445312500e+01
1.458057022094726562e+01
2.946010017395019531e+01
1.266305351257324219e+01
1.231149482727050781e+01
1.643062973022460938e+01
3.815155410766601562e+01
1.525002956390380859e+01
3.953869628906250000e+01
3.525854873657226562e+01
6.306655883789062500e+00
2.326234245300292969e+01
1.106609249114990234e+01
4.112890625000000000e+01
3.462994003295898438e+01
2.576908683776855469e+01
1.013647747039794922e+01
1.459940528869628906e+01
1.516725158691406250e+01
3.228806304931640625e+01
3.224171066284179688e+01
3.148577880859375000e+01
2.494001579284667969e+01
3.570288085937500000e+01
2.574296379089355469e+01
1.911180686950683594e+01
2.861286163330078125e+01
1.285197257995605469e+01
1.122508239746093750e+01
3.178980636596679688e+01
3.159411048889160156e+01
1.226709079742431641e+01
1.318030738830566406e+01
1.272654724121093750e+01
2.814924621582031250e+01
1.407321166992187500e+01
2.397900962829589844e+01
1.131142520904541016e+01
1.729812812805175781e+01
3.247986221313476562e+01
1.002686977386474609e+01
1.373731422424316406e+01
4.022426605224609375e+01
3.244239044189453125e+01
2.781835556030273438e+01
1.939371109008789062e+01
2.350990295410156250e+01
4.164628601074218750e+01
4.214138793945312500e+01
1.494640922546386719e+01
1.028258228302001953e+01
1.293562507629394531e+01
1.376758193969726562e+01
1.172589111328125000e+01
1.895464706420898438e+01
3.246697616577148438e+01
1.566084861755371094e+01
1.064440822601318359e+01
1.311824512481689453e+01
3.137042236328125000e+01
3.877619171142578125e+01
3.919990158081054688e+01
1.694187927246093750e+01
3.515283966064453125e+01
1.311569023132324219e+01
1.470449256896972656e+01
1.185635757446289062e+01
3.125145339965820312e+01
1.396737766265869141e+01
1.156126594543457031e+01
3.550910949707031250e+01
2.374062156677246094e+01
3.893657302856445312e+01
1.297649669647216797e+01
3.233168029785156250e+01
1.672031593322753906e+01
1.478480339050292969e+01
3.601356124877929688e+01
3.167320060729980469e+01
1.454093551635742188e+01
1.471646690368652344e+01
1.128434371948242188e+01
3.224865341186523438e+01
4.007181167602539062e+01
1.134974288940429688e+01
1.156903648376464844e+01
2.852758026123046875e+01
1.028440475463867188e+01
2.281021690368652344e+01
2.805224990844726562e+01
2.377697372436523438e+01
2.945567321777343750e+01
1.694192504882812500e+01
1.695754051208496094e+01
2.613477134704589844e+01
3.932794189453125000e+01
3.207352066040039062e+01
1.146932506561279297e+01
1.063334941864013672e+01
1.194249534606933594e+01
2.569840621948242188e+01
2.872291564941406250e+01
3.889550018310546875e+01
2.892529678344726562e+01
1.299156951904296875e+01
4.143669128417968750e+01
1.560304069519042969e+01
3.540820312500000000e+01
2.835868644714355469e+01
1.478815746307373047e+01
3.858083343505859375e+01
3.541834259033203125e+01
7.743506431579589844e+00
1.910930824279785156e+01
3.223526382446289062e+01
3.151786613464355469e+01
1.412614250183105469e+01
1.488899040222167969e+01
1.057713699340820312e+01
2.781848526000976562e+01
1.256442737579345703e+01
3.519855880737304688e+01
1.691056251525878906e+01
2.872523117065429688e+01
1.474077033996582031e+01
4.172496795654296875e+01
1.153211879730224609e+01
1.274366283416748047e+01
1.153785419464111328e+01
1.198069667816162109e+01
3.534270095825195312e+01
6.797825813293457031e+00
4.129675292968750000e+01
6.329955101013183594e+00
1.001700687408447266e+01
1.068596172332763672e+01
1.203522777557373047e+01
1.199339294433593750e+01
3.933725738525390625e+01
2.814369010925292969e+01
2.607949829101562500e+01
4.136484527587890625e+01
1.506443309783935547e+01
3.226363372802734375e+01
3.870834350585937500e+01
1.533737850189208984e+01
2.381387710571289062e+01
3.607390594482421875e+01
1.371661758422851562e+01
3.571376800537109375e+01
1.297830486297607422e+01
1.315685939788818359e+01
1.097315883636474609e+01
2.364497947692871094e+01
1.100545692443847656e+01
1.424945640563964844e+01
1.423895645141601562e+01
3.161951065063476562e+01
3.176618385314941406e+01
3.234088134765625000e+01
1.446886444091796875e+01
1.721827888488769531e+01
6.568117141723632812e+00
1.754614257812500000e+01
1.483814430236816406e+01
1.669661331176757812e+01
9.928985595703125000e+00
1.133016777038574219e+01
3.873741912841796875e+01
2.327343559265136719e+01
1.145174026489257812e+01
1.235420703887939453e+01
2.831244087219238281e+01
1.844084548950195312e+01
2.626883316040039062e+01
3.133179855346679688e+01
2.677151870727539062e+01
1.314754199981689453e+01
1.074256610870361328e+01
1.892771148681640625e+01
1.062088108062744141e+01
2.952408981323242188e+01
2.775480079650878906e+01
3.121261405944824219e+01
1.061118412017822266e+01
1.441677093505859375e+01
1.339863204956054688e+01
3.211373138427734375e+01
2.924110031127929688e+01
1.240925693511962891e+01
4.214005279541015625e+01
1.724106979370117188e+01
1.249500274658203125e+01
3.960709381103515625e+01
3.983060455322265625e+01
4.212591552734375000e+01
1.067844200134277344e+01
2.833455276489257812e+01
2.931052780151367188e+01
1.457447719573974609e+01
1.191726875305175781e+01
2.925969314575195312e+01
1.196115970611572266e+01
1.449645137786865234e+01
1.539574623107910156e+01
2.632042312622070312e+01
2.385823822021484375e+01
1.872144699096679688e+01
2.590258979797363281e+01
1.282886886596679688e+01
2.853316879272460938e+01
2.529979515075683594e+01
2.872267532348632812e+01
1.271374702453613281e+01
2.300363731384277344e+01
1.107478141784667969e+01
2.383182907104492188e+01
2.928136253356933594e+01
3.859483337402343750e+01
3.577422714233398438e+01
3.110682296752929688e+01
1.293595600128173828e+01
2.289568328857421875e+01
1.481631088256835938e+01
1.530625629425048828e+01
1.184574794769287109e+01
9.916324615478515625e+00
1.410299301147460938e+01
1.191774654388427734e+01
1.461527824401855469e+01
1.520207595825195312e+01
1.224526214599609375e+01
1.287356472015380859e+01
2.846725845336914062e+01
1.266586780548095703e+01
1.204370594024658203e+01
1.208126640319824219e+01
2.822737121582031250e+01
2.890377426147460938e+01
1.267468833923339844e+01
2.860306739807128906e+01
3.221302032470703125e+01
1.645710754394531250e+01
1.642002296447753906e+01
4.166499328613281250e+01
1.378287887573242188e+01
3.193067169189453125e+01
3.209142303466796875e+01
1.437307071685791016e+01
1.043434524536132812e+01
2.414153099060058594e+01
1.352681159973144531e+01
2.869510459899902344e+01
2.311316299438476562e+01
3.125989151000976562e+01
1.548328685760498047e+01
1.653760528564453125e+01
4.142849731445312500e+01
1.507964134216308594e+01
3.226931762695312500e+01
1.058819484710693359e+01
3.554843139648437500e+01
1.487109947204589844e+01
9.838079452514648438e+00
2.820335769653320312e+01
1.439238929748535156e+01
3.591195678710937500e+01
1.477118301391601562e+01
1.173545455932617188e+01
1.130771732330322266e+01
1.562107086181640625e+01
2.925889968872070312e+01
2.845907020568847656e+01
1.427627754211425781e+01
3.175971603393554688e+01
1.420178127288818359e+01
3.551284408569335938e+01
1.570629882812500000e+01
2.889862442016601562e+01
1.185172271728515625e+01
1.050986385345458984e+01
1.497682189941406250e+01
1.953203010559082031e+01
3.201036071777343750e+01
5.593685150146484375e+00
2.863171386718750000e+01
1.307165431976318359e+01
3.126431274414062500e+01
3.296043014526367188e+01
2.897351455688476562e+01
1.208169841766357422e+01
2.559120941162109375e+01
1.099502182006835938e+01
3.597323608398437500e+01
2.962639617919921875e+01
2.828706169128417969e+01
3.140996360778808594e+01
1.340217018127441406e+01
1.484358882904052734e+01
1.515204620361328125e+01
3.200721740722656250e+01
3.223799514770507812e+01
2.606657218933105469e+01
1.359360694885253906e+01
2.871229171752929688e+01
1.690767478942871094e+01
3.548991012573242188e+01
3.916987609863281250e+01
2.083332061767578125e+01
1.781752777099609375e+01
2.681907653808593750e+01
1.905793571472167969e+01
1.535197830200195312e+01
2.276416778564453125e+01
3.893834686279296875e+01
3.230077743530273438e+01
2.896053314208984375e+01
1.717149162292480469e+01
1.475597572326660156e+01
3.166998672485351562e+01
1.653344917297363281e+01
2.827076530456542969e+01
2.944873237609863281e+01
3.139027404785156250e+01
1.160647964477539062e+01
1.282426452636718750e+01
1.228006458282470703e+01
1.249454784393310547e+01
3.287000274658203125e+01
2.402001190185546875e+01
1.403208160400390625e+01
3.231583404541015625e+01
3.501154327392578125e+01
3.253709793090820312e+01
3.550085067749023438e+01
2.906339263916015625e+01
3.559250640869140625e+01
2.492799377441406250e+01
2.871006965637207031e+01
3.134146499633789062e+01
1.862453651428222656e+01
3.529402160644531250e+01
1.331333923339843750e+01
1.070062351226806641e+01
1.613419532775878906e+01
2.945469284057617188e+01
1.461744308471679688e+01
2.821488952636718750e+01
3.141229629516601562e+01
3.269465255737304688e+01
3.177845001220703125e+01
1.299286270141601562e+01
1.428877544403076172e+01
1.282245540618896484e+01
3.203766632080078125e+01
1.068220138549804688e+01
1.219165802001953125e+01
2.417124366760253906e+01
2.514262962341308594e+01
1.242984962463378906e+01
1.448094940185546875e+01
9.880939483642578125e+00
3.916684341430664062e+01
1.668095016479492188e+01
3.516174316406250000e+01
2.390317535400390625e+01
3.891436004638671875e+01
2.940452957153320312e+01
1.422416210174560547e+01
1.551455402374267578e+01
3.946253967285156250e+01
3.234481811523437500e+01
3.636538696289062500e+01
2.553826904296875000e+01
1.211454772949218750e+01
1.487400245666503906e+01
1.143299770355224609e+01
2.862862968444824219e+01
1.285854339599609375e+01
1.641664505004882812e+01
2.836031150817871094e+01
3.230348968505859375e+01
1.119686126708984375e+01
2.407916641235351562e+01
2.810230636596679688e+01
1.453039455413818359e+01
1.033078002929687500e+01
3.160475921630859375e+01
2.803963088989257812e+01
3.530875778198242188e+01
1.718715286254882812e+01
1.915959930419921875e+01
1.740256500244140625e+01
2.836459541320800781e+01
2.882932853698730469e+01
2.809249496459960938e+01
3.160527420043945312e+01
1.641542434692382812e+01
4.137726593017578125e+01
2.389305496215820312e+01
4.206481170654296875e+01
4.110799026489257812e+01
1.549765586853027344e+01
9.922655105590820312e+00
3.900133514404296875e+01
3.250343322753906250e+01
1.241567230224609375e+01
1.305362892150878906e+01
1.249446296691894531e+01
3.144579315185546875e+01
3.641536712646484375e+01
1.216646957397460938e+01
3.822862243652343750e+01
2.511431694030761719e+01
1.542484855651855469e+01
2.882343101501464844e+01
1.626267623901367188e+01
3.932968521118164062e+01
1.504922771453857422e+01
2.817830848693847656e+01
3.607371520996093750e+01
1.821274948120117188e+01
1.161641025543212891e+01
3.124217224121093750e+01
3.893426513671875000e+01
2.355709838867187500e+01
1.488920783996582031e+01
1.238009262084960938e+01
1.257325363159179688e+01
1.437258148193359375e+01
1.429084873199462891e+01
1.644583511352539062e+01
1.184995841979980469e+01
1.134365177154541016e+01
3.550402069091796875e+01
8.535443305969238281e+00
2.821238327026367188e+01
5.433931350708007812e+00
1.381070327758789062e+01
1.926896286010742188e+01
2.927431106567382812e+01
1.581729412078857422e+01
1.278061485290527344e+01
1.473773288726806641e+01
1.573601341247558594e+01
1.274632644653320312e+01
1.233046817779541016e+01
3.198514938354492188e+01
2.570458030700683594e+01
2.354564857482910156e+01
3.531387329101562500e+01
1.143281555175781250e+01
1.279069805145263672e+01
3.135238265991210938e+01
3.234862518310546875e+01
2.414775085449218750e+01
1.455139160156250000e+01
2.939624404907226562e+01
2.575654411315917969e+01
2.581528282165527344e+01
