1.644000000000000128e+01
2.726999999999999957e+01
2.860999999999999943e+01
1.108999999999999986e+01
1.288000000000000078e+01
3.599000000000000199e+01
2.814999999999999858e+01
2.901000000000000156e+01
1.685999999999999943e+01
3.696000000000000085e+01
8.500000000000000000e+00
1.555000000000000071e+01
1.242999999999999972e+01
1.555000000000000071e+01
1.508999999999999986e+01
1.047000000000000064e+01
1.247000000000000064e+01
3.671000000000000085e+01
3.471999999999999886e+01
2.939000000000000057e+01
3.267000000000000171e+01
1.441000000000000014e+01
2.939999999999999858e+01
7.179999999999999716e+00
1.286999999999999922e+01
2.817999999999999972e+01
1.694000000000000128e+01
2.548999999999999844e+01
1.114000000000000057e+01
3.628000000000000114e+01
1.211999999999999922e+01
2.696999999999999886e+01
1.433999999999999986e+01
3.568999999999999773e+01
1.367999999999999972e+01
2.962999999999999901e+01
7.099999999999999645e+00
3.665999999999999659e+01
2.855000000000000071e+01
3.664000000000000057e+01
1.452999999999999936e+01
3.271000000000000085e+01
1.523000000000000043e+01
1.113000000000000078e+01
1.284999999999999964e+01
3.225999999999999801e+01
1.033999999999999986e+01
1.465000000000000036e+01
1.014000000000000057e+01
4.078000000000000114e+01
4.039999999999999858e+01
1.717000000000000171e+01
1.471000000000000085e+01
1.664000000000000057e+01
2.857000000000000028e+01
1.436999999999999922e+01
3.272999999999999687e+01
1.218999999999999950e+01
2.869999999999999929e+01
1.535999999999999943e+01
3.238000000000000256e+01
3.835000000000000142e+01
2.817000000000000171e+01
2.257999999999999829e+01
3.547999999999999687e+01
2.905999999999999872e+01
2.644000000000000128e+01
2.403000000000000114e+01
1.683999999999999986e+01
2.701999999999999957e+01
3.267999999999999972e+01
3.645000000000000284e+01
2.494000000000000128e+01
1.451999999999999957e+01
3.285000000000000142e+01
2.862000000000000099e+01
1.523000000000000043e+01
1.216000000000000014e+01
1.391000000000000014e+01
1.491999999999999993e+01
3.209000000000000341e+01
2.646000000000000085e+01
2.457999999999999829e+01
2.851999999999999957e+01
1.168999999999999950e+01
1.067999999999999972e+01
1.508999999999999986e+01
1.301999999999999957e+01
4.109000000000000341e+01
2.808999999999999986e+01
1.107000000000000028e+01
1.950000000000000000e+01
3.967999999999999972e+01
1.530000000000000071e+01
2.989999999999999858e+01
1.705000000000000071e+01
2.412999999999999901e+01
2.423999999999999844e+01
1.300000000000000000e+01
1.714000000000000057e+01
3.307999999999999829e+01
3.889000000000000057e+01
2.410999999999999943e+01
1.673000000000000043e+01
3.725999999999999801e+01
3.128999999999999915e+01
3.246000000000000085e+01
2.967000000000000171e+01
2.392999999999999972e+01
2.648000000000000043e+01
1.666000000000000014e+01
2.517000000000000171e+01
4.129999999999999716e+01
1.496000000000000085e+01
1.217999999999999972e+01
1.692000000000000171e+01
1.530000000000000071e+01
2.971000000000000085e+01
1.466000000000000014e+01
6.809999999999999609e+00
6.049999999999999822e+00
3.327000000000000313e+01
1.110999999999999943e+01
1.459999999999999964e+01
1.393999999999999950e+01
1.682999999999999829e+01
1.056000000000000050e+01
2.566000000000000014e+01
3.428999999999999915e+01
3.589000000000000057e+01
1.714000000000000057e+01
1.710999999999999943e+01
2.862999999999999901e+01
1.180000000000000071e+01
3.985999999999999943e+01
2.907999999999999829e+01
1.942000000000000171e+01
2.885999999999999943e+01
3.724000000000000199e+01
3.162999999999999901e+01
3.884000000000000341e+01
1.523000000000000043e+01
3.221000000000000085e+01
3.564999999999999858e+01
1.296000000000000085e+01
2.864000000000000057e+01
1.967999999999999972e+01
3.625999999999999801e+01
4.192000000000000171e+01
2.353999999999999915e+01
3.267999999999999972e+01
1.077999999999999936e+01
3.231000000000000227e+01
1.233000000000000007e+01
1.292999999999999972e+01
4.125999999999999801e+01
1.044999999999999929e+01
2.948999999999999844e+01
3.213000000000000256e+01
2.423000000000000043e+01
1.750000000000000000e+01
1.490000000000000036e+01
3.293999999999999773e+01
6.370000000000000107e+00
1.169999999999999929e+01
1.317999999999999972e+01
1.714000000000000057e+01
2.403000000000000114e+01
2.542999999999999972e+01
1.735000000000000142e+01
1.533999999999999986e+01
1.241000000000000014e+01
1.072000000000000064e+01
1.516000000000000014e+01
2.864999999999999858e+01
3.267000000000000171e+01
2.814999999999999858e+01
4.000000000000000000e+01
1.433000000000000007e+01
3.252000000000000313e+01
3.657000000000000028e+01
4.167000000000000171e+01
3.169000000000000128e+01
1.228999999999999915e+01
1.994999999999999929e+01
3.221000000000000085e+01
2.866000000000000014e+01
1.450000000000000000e+01
1.460999999999999943e+01
1.447000000000000064e+01
1.133000000000000007e+01
1.015000000000000036e+01
2.437000000000000099e+01
1.273000000000000043e+01
1.450999999999999979e+01
3.232999999999999829e+01
3.000000000000000000e+01
2.548000000000000043e+01
3.321000000000000085e+01
3.204999999999999716e+01
1.122000000000000064e+01
1.528999999999999915e+01
2.908999999999999986e+01
1.241999999999999993e+01
7.099999999999999645e+00
2.071000000000000085e+01
1.433000000000000007e+01
1.110999999999999943e+01
3.567000000000000171e+01
3.328000000000000114e+01
1.053999999999999915e+01
1.455000000000000071e+01
1.491999999999999993e+01
2.146000000000000085e+01
3.681000000000000227e+01
2.535999999999999943e+01
1.900000000000000000e+01
4.078999999999999915e+01
2.289000000000000057e+01
2.887999999999999901e+01
1.516000000000000014e+01
2.907999999999999829e+01
2.946999999999999886e+01
1.080000000000000071e+01
2.569999999999999929e+01
2.385999999999999943e+01
6.790000000000000036e+00
1.511999999999999922e+01
2.933999999999999986e+01
2.367000000000000171e+01
1.523000000000000043e+01
1.830999999999999872e+01
1.036999999999999922e+01
3.296000000000000085e+01
3.311999999999999744e+01
1.541000000000000014e+01
1.516000000000000014e+01
1.202999999999999936e+01
1.291000000000000014e+01
2.517000000000000171e+01
3.225999999999999801e+01
3.578000000000000114e+01
1.472000000000000064e+01
3.545000000000000284e+01
1.235999999999999943e+01
3.696999999999999886e+01
1.694999999999999929e+01
2.837000000000000099e+01
1.448000000000000043e+01
1.305000000000000071e+01
1.316999999999999993e+01
2.867000000000000171e+01
3.857000000000000028e+01
1.291999999999999993e+01
4.274000000000000199e+01
1.517999999999999972e+01
2.864000000000000057e+01
3.274000000000000199e+01
1.280000000000000071e+01
3.564000000000000057e+01
2.907000000000000028e+01
2.914000000000000057e+01
1.303999999999999915e+01
1.673999999999999844e+01
1.276999999999999957e+01
2.462999999999999901e+01
3.556000000000000227e+01
2.573999999999999844e+01
2.358999999999999986e+01
3.646999999999999886e+01
3.903999999999999915e+01
2.942999999999999972e+01
1.519999999999999929e+01
3.200000000000000000e+01
3.500999999999999801e+01
2.867000000000000171e+01
3.659000000000000341e+01
1.244999999999999929e+01
1.297000000000000064e+01
3.670000000000000284e+01
2.807000000000000028e+01
1.714999999999999858e+01
1.518999999999999950e+01
1.159999999999999964e+01
1.300000000000000000e+01
1.271000000000000085e+01
1.133999999999999986e+01
1.244999999999999929e+01
3.249000000000000199e+01
1.258999999999999986e+01
3.690999999999999659e+01
1.655999999999999872e+01
2.987999999999999901e+01
3.282000000000000028e+01
1.726000000000000156e+01
1.848000000000000043e+01
2.982999999999999829e+01
1.409999999999999964e+01
2.703000000000000114e+01
1.198000000000000043e+01
2.855999999999999872e+01
3.989000000000000057e+01
1.407000000000000028e+01
1.662000000000000099e+01
4.196000000000000085e+01
2.987000000000000099e+01
2.598000000000000043e+01
1.416999999999999993e+01
2.644999999999999929e+01
4.210999999999999943e+01
1.889999999999999858e+01
1.216999999999999993e+01
2.469999999999999929e+01
1.117999999999999972e+01
3.214999999999999858e+01
4.277000000000000313e+01
1.160999999999999943e+01
2.860000000000000142e+01
1.466000000000000014e+01
3.253000000000000114e+01
3.271999999999999886e+01
2.387000000000000099e+01
1.067999999999999972e+01
1.282000000000000028e+01
1.294999999999999929e+01
2.537000000000000099e+01
1.263000000000000078e+01
2.839999999999999858e+01
1.316999999999999993e+01
2.830999999999999872e+01
2.644999999999999929e+01
3.593999999999999773e+01
1.067999999999999972e+01
1.453999999999999915e+01
1.508999999999999986e+01
1.433000000000000007e+01
1.114000000000000057e+01
1.385999999999999943e+01
1.541999999999999993e+01
4.249000000000000199e+01
6.769999999999999574e+00
4.139999999999999858e+01
1.076999999999999957e+01
4.250000000000000000e+01
2.439999999999999858e+01
8.449999999999999289e+00
1.274000000000000021e+01
1.168999999999999950e+01
1.912000000000000099e+01
3.903999999999999915e+01
4.060000000000000142e+01
3.867000000000000171e+01
2.278999999999999915e+01
1.297000000000000064e+01
1.152999999999999936e+01
1.819000000000000128e+01
3.695000000000000284e+01
3.231000000000000227e+01
1.469999999999999929e+01
2.375000000000000000e+01
3.606000000000000227e+01
4.207999999999999829e+01
1.517999999999999972e+01
1.427999999999999936e+01
3.642999999999999972e+01
3.206000000000000227e+01
2.905000000000000071e+01
1.653999999999999915e+01
1.461999999999999922e+01
1.528999999999999915e+01
3.153000000000000114e+01
1.459999999999999964e+01
1.919999999999999929e+01
1.273000000000000043e+01
2.380000000000000071e+01
1.226999999999999957e+01
1.644000000000000128e+01
2.967999999999999972e+01
2.403999999999999915e+01
1.076999999999999957e+01
1.066000000000000014e+01
1.516000000000000014e+01
3.524000000000000199e+01
3.710000000000000142e+01
2.389000000000000057e+01
1.741000000000000014e+01
3.652000000000000313e+01
4.164000000000000057e+01
1.149000000000000021e+01
3.677000000000000313e+01
1.397000000000000064e+01
1.475000000000000000e+01
1.444999999999999929e+01
1.072000000000000064e+01
1.440000000000000036e+01
2.383999999999999986e+01
3.696999999999999886e+01
3.347999999999999687e+01
3.931000000000000227e+01
2.392999999999999972e+01
2.425000000000000000e+01
3.424000000000000199e+01
1.121000000000000085e+01
1.039000000000000057e+01
1.471000000000000085e+01
3.572999999999999687e+01
3.222999999999999687e+01
1.816000000000000014e+01
1.141999999999999993e+01
6.070000000000000284e+00
3.112000000000000099e+01
2.435000000000000142e+01
1.676000000000000156e+01
3.309000000000000341e+01
3.495000000000000284e+01
1.368999999999999950e+01
2.992000000000000171e+01
4.078000000000000114e+01
3.239000000000000057e+01
3.584000000000000341e+01
3.282000000000000028e+01
1.225000000000000000e+01
2.839999999999999858e+01
2.703000000000000114e+01
1.511999999999999922e+01
3.005000000000000071e+01
1.292999999999999972e+01
7.099999999999999645e+00
1.285999999999999943e+01
1.039000000000000057e+01
4.172999999999999687e+01
1.233999999999999986e+01
2.460000000000000142e+01
2.628000000000000114e+01
3.275000000000000000e+01
1.300999999999999979e+01
1.737000000000000099e+01
1.535999999999999943e+01
1.518999999999999950e+01
1.055000000000000071e+01
3.932000000000000028e+01
4.067999999999999972e+01
3.689999999999999858e+01
3.313000000000000256e+01
2.083999999999999986e+01
2.646999999999999886e+01
1.132000000000000028e+01
2.903000000000000114e+01
1.689999999999999858e+01
1.008000000000000007e+01
1.247000000000000064e+01
3.711999999999999744e+01
1.511999999999999922e+01
3.685999999999999943e+01
1.536999999999999922e+01
1.142999999999999972e+01
2.476999999999999957e+01
3.670000000000000284e+01
1.676000000000000156e+01
2.814999999999999858e+01
2.683999999999999986e+01
1.064000000000000057e+01
1.211999999999999922e+01
3.183999999999999986e+01
2.600000000000000000e+01
3.231000000000000227e+01
3.166000000000000014e+01
1.541000000000000014e+01
1.285999999999999943e+01
2.951999999999999957e+01
1.450999999999999979e+01
1.469999999999999929e+01
1.540000000000000036e+01
1.300000000000000000e+01
1.635000000000000142e+01
2.987000000000000099e+01
1.034999999999999964e+01
3.271999999999999886e+01
8.490000000000000213e+00
1.685999999999999943e+01
1.041999999999999993e+01
3.685999999999999943e+01
1.143999999999999950e+01
1.164000000000000057e+01
3.268999999999999773e+01
1.411999999999999922e+01
4.296000000000000085e+01
1.516000000000000014e+01
1.676999999999999957e+01
1.450000000000000000e+01
1.230000000000000071e+01
4.042000000000000171e+01
1.948000000000000043e+01
1.069999999999999929e+01
2.426000000000000156e+01
1.242999999999999972e+01
2.805000000000000071e+01
4.014999999999999858e+01
2.476999999999999957e+01
1.521000000000000085e+01
1.951999999999999957e+01
2.841000000000000014e+01
3.982999999999999829e+01
1.769000000000000128e+01
1.230000000000000071e+01
1.460999999999999943e+01
2.435000000000000142e+01
2.875000000000000000e+01
3.246000000000000085e+01
2.857999999999999829e+01
6.009999999999999787e+00
2.353000000000000114e+01
3.232999999999999829e+01
3.695000000000000284e+01
2.292999999999999972e+01
2.867000000000000171e+01
1.250000000000000000e+01
2.991000000000000014e+01
1.533999999999999986e+01
1.701999999999999957e+01
1.418999999999999950e+01
3.982999999999999829e+01
2.891000000000000014e+01
3.539999999999999858e+01
3.327000000000000313e+01
1.284999999999999964e+01
1.109999999999999964e+01
2.921999999999999886e+01
1.133000000000000007e+01
3.996999999999999886e+01
1.433999999999999986e+01
1.122000000000000064e+01
2.280000000000000071e+01
4.010999999999999943e+01
1.417999999999999972e+01
1.033999999999999986e+01
1.408000000000000007e+01
1.035999999999999943e+01
3.996999999999999886e+01
1.142999999999999972e+01
6.400000000000000355e+00
1.422000000000000064e+01
3.315999999999999659e+01
3.240999999999999659e+01
3.657000000000000028e+01
1.508000000000000007e+01
1.122000000000000064e+01
2.462999999999999901e+01
1.466000000000000014e+01
2.428000000000000114e+01
2.805000000000000071e+01
2.535999999999999943e+01
3.207000000000000028e+01
4.132000000000000028e+01
1.399000000000000021e+01
3.284000000000000341e+01
1.846000000000000085e+01
1.533999999999999986e+01
1.456000000000000050e+01
3.606000000000000227e+01
1.257000000000000028e+01
3.238000000000000256e+01
2.882999999999999829e+01
1.272000000000000064e+01
4.042999999999999972e+01
1.301999999999999957e+01
2.637000000000000099e+01
1.275999999999999979e+01
4.310000000000000142e+01
1.071000000000000085e+01
2.537000000000000099e+01
1.234999999999999964e+01
1.168999999999999950e+01
6.040000000000000036e+00
1.219999999999999929e+01
4.011999999999999744e+01
1.217999999999999972e+01
1.166999999999999993e+01
1.116000000000000014e+01
2.458999999999999986e+01
2.869000000000000128e+01
1.883999999999999986e+01
2.541000000000000014e+01
2.632999999999999829e+01
1.007000000000000028e+01
1.421000000000000085e+01
1.443999999999999950e+01
1.441999999999999993e+01
1.265000000000000036e+01
1.144999999999999929e+01
1.069999999999999929e+01
1.787999999999999901e+01
2.842000000000000171e+01
1.669000000000000128e+01
1.935999999999999943e+01
4.261999999999999744e+01
3.228999999999999915e+01
2.905999999999999872e+01
1.283999999999999986e+01
1.723000000000000043e+01
2.789999999999999858e+01
3.547999999999999687e+01
1.067999999999999972e+01
1.257000000000000028e+01
2.430999999999999872e+01
1.146000000000000085e+01
2.691000000000000014e+01
1.460999999999999943e+01
3.166000000000000014e+01
1.158999999999999986e+01
1.377999999999999936e+01
1.138000000000000078e+01
6.400000000000000355e+00
3.328000000000000114e+01
3.180999999999999872e+01
3.246000000000000085e+01
1.249000000000000021e+01
1.535999999999999943e+01
1.052999999999999936e+01
6.370000000000000107e+00
2.950000000000000000e+01
2.619000000000000128e+01
1.226999999999999957e+01
3.645000000000000284e+01
1.905999999999999872e+01
3.275000000000000000e+01
1.432000000000000028e+01
1.698999999999999844e+01
4.071000000000000085e+01
1.263000000000000078e+01
2.689000000000000057e+01
3.603000000000000114e+01
2.526999999999999957e+01
1.046000000000000085e+01
1.263000000000000078e+01
1.292999999999999972e+01
1.249000000000000021e+01
1.294999999999999929e+01
3.645000000000000284e+01
3.211999999999999744e+01
4.018999999999999773e+01
3.284000000000000341e+01
2.953000000000000114e+01
2.946999999999999886e+01
1.209999999999999964e+01
3.247999999999999687e+01
2.432000000000000028e+01
1.075000000000000000e+01
3.189000000000000057e+01
1.066999999999999993e+01
1.274000000000000021e+01
3.224000000000000199e+01
2.894999999999999929e+01
1.231000000000000050e+01
3.882000000000000028e+01
1.116000000000000014e+01
1.266999999999999993e+01
1.297000000000000064e+01
3.864999999999999858e+01
2.803000000000000114e+01
1.416000000000000014e+01
3.981000000000000227e+01
1.848000000000000043e+01
1.516000000000000014e+01
1.461999999999999922e+01
2.814999999999999858e+01
1.458000000000000007e+01
1.241000000000000014e+01
2.962000000000000099e+01
1.402999999999999936e+01
3.613000000000000256e+01
1.317999999999999972e+01
1.069999999999999929e+01
1.933999999999999986e+01
3.971999999999999886e+01
1.292999999999999972e+01
8.599999999999999645e+00
1.912999999999999901e+01
1.459999999999999964e+01
3.239999999999999858e+01
6.849999999999999645e+00
1.598000000000000043e+01
3.985999999999999943e+01
1.246000000000000085e+01
1.450000000000000000e+01
1.439000000000000057e+01
1.399000000000000021e+01
3.832999999999999829e+01
1.441999999999999993e+01
1.042999999999999972e+01
2.960000000000000142e+01
