1.008815860748291016e+01
1.735385894775390625e+01
1.838590431213378906e+01
2.724961662292480469e+01
2.360486412048339844e+01
2.819473838806152344e+01
3.326163482666015625e+01
1.616414642333984375e+01
1.410863876342773438e+01
1.332238578796386719e+01
2.018520164489746094e+01
8.971149444580078125e+00
1.743386268615722656e+01
1.971893501281738281e+01
1.796572875976562500e+01
2.571694755554199219e+01
1.839032936096191406e+01
2.015529632568359375e+01
5.144738769531250000e+01
1.014474773406982422e+01
8.969120979309082031e+00
2.374417114257812500e+01
2.028711318969726562e+01
4.931905364990234375e+01
1.459031105041503906e+01
4.261363601684570312e+01
1.416088294982910156e+01
3.138714599609375000e+01
2.148257446289062500e+01
3.558966064453125000e+01
1.667805671691894531e+01
2.309003829956054688e+01
1.553777885437011719e+01
1.703595161437988281e+01
2.299592590332031250e+01
1.149544239044189453e+01
2.279665374755859375e+01
1.685251235961914062e+01
1.401287078857421875e+01
1.938131523132324219e+01
2.045355796813964844e+01
4.207753753662109375e+01
1.308511447906494141e+01
1.315694904327392578e+01
1.513801383972167969e+01
3.610538482666015625e+01
2.789346313476562500e+01
2.400046920776367188e+01
2.184258460998535156e+01
2.003330993652343750e+01
1.216572856903076172e+01
2.050039863586425781e+01
2.196899032592773438e+01
4.382578659057617188e+01
2.478559875488281250e+01
4.553455352783203125e+01
2.212170791625976562e+01
2.315935897827148438e+01
3.491661071777343750e+01
4.851566314697265625e+01
2.286972999572753906e+01
2.278339004516601562e+01
1.870145225524902344e+01
2.145095252990722656e+01
2.342581367492675781e+01
5.027899932861328125e+01
2.096543884277343750e+01
2.442344093322753906e+01
1.951441764831542969e+01
1.757537651062011719e+01
2.301532173156738281e+01
3.443775558471679688e+01
1.663201904296875000e+01
4.989396667480468750e+01
2.386229133605957031e+01
2.084023857116699219e+01
1.985307693481445312e+01
1.999678611755371094e+01
2.002933120727539062e+01
1.724372100830078125e+01
2.954661941528320312e+01
1.966385459899902344e+01
8.397378921508789062e+00
1.573476028442382812e+01
1.150036048889160156e+01
2.307958221435546875e+01
2.323172378540039062e+01
2.227429771423339844e+01
1.623647689819335938e+01
1.231948661804199219e+01
1.936375427246093750e+01
3.081146240234375000e+01
3.054170799255371094e+01
1.801755905151367188e+01
2.036537933349609375e+01
2.730746078491210938e+01
1.697378158569335938e+01
2.648840332031250000e+01
1.802925872802734375e+01
2.873604583740234375e+01
2.166150093078613281e+01
2.308262062072753906e+01
2.164683532714843750e+01
1.483480644226074219e+01
2.182889747619628906e+01
2.449878883361816406e+01
1.993139457702636719e+01
2.266434478759765625e+01
5.155464553833007812e+01
2.114363098144531250e+01
1.598894882202148438e+01
2.881994247436523438e+01
1.215718078613281250e+01
3.406534957885742188e+01
1.709622573852539062e+01
1.976998519897460938e+01
1.373100566864013672e+01
2.725050735473632812e+01
2.123807907104492188e+01
1.999810218811035156e+01
2.193238067626953125e+01
2.015534019470214844e+01
2.418386077880859375e+01
2.031071853637695312e+01
1.770491981506347656e+01
3.210055541992187500e+01
2.367634773254394531e+01
2.074791336059570312e+01
2.240012359619140625e+01
1.868780136108398438e+01
2.153158760070800781e+01
2.018605422973632812e+01
2.060577964782714844e+01
2.402843666076660156e+01
2.338679504394531250e+01
2.024175834655761719e+01
1.971691131591796875e+01
2.344106101989746094e+01
1.155604267120361328e+01
2.008439254760742188e+01
2.765382766723632812e+01
4.984272003173828125e+01
3.161410522460937500e+01
2.112445068359375000e+01
1.913376045227050781e+01
3.887290191650390625e+01
1.349437713623046875e+01
1.967482757568359375e+01
2.263989830017089844e+01
2.688097381591796875e+01
2.449586677551269531e+01
3.805679321289062500e+01
3.354774093627929688e+01
3.976330566406250000e+01
2.098675918579101562e+01
1.874462509155273438e+01
3.281175231933593750e+01
1.402912807464599609e+01
1.887439537048339844e+01
2.623000526428222656e+01
1.714043235778808594e+01
1.873819541931152344e+01
2.371134757995605469e+01
3.337945556640625000e+01
2.411083984375000000e+01
1.483893203735351562e+01
2.067857933044433594e+01
2.479755401611328125e+01
1.854378509521484375e+01
2.211533737182617188e+01
2.138969802856445312e+01
1.325010871887207031e+01
2.204771232604980469e+01
3.330361557006835938e+01
2.006979751586914062e+01
1.985906600952148438e+01
1.175610733032226562e+01
3.381933593750000000e+01
2.175144577026367188e+01
1.019374179840087891e+01
1.643312454223632812e+01
1.615851211547851562e+01
1.427380847930908203e+01
2.862414550781250000e+01
3.173649978637695312e+01
2.295424079895019531e+01
3.169878768920898438e+01
2.332061004638671875e+01
2.379847145080566406e+01
1.259522724151611328e+01
4.814141082763671875e+01
1.872929191589355469e+01
1.962447357177734375e+01
2.666027641296386719e+01
2.184824180603027344e+01
2.384037208557128906e+01
2.959128189086914062e+01
3.538823318481445312e+01
1.652728271484375000e+01
2.177640724182128906e+01
2.750309181213378906e+01
1.629285812377929688e+01
1.400839805603027344e+01
1.807900238037109375e+01
1.471568679809570312e+01
2.671549224853515625e+01
2.437193489074707031e+01
2.400520324707031250e+01
2.063783836364746094e+01
8.791491508483886719e+00
1.454205894470214844e+01
2.467463302612304688e+01
1.997615051269531250e+01
4.664215469360351562e+01
1.628043174743652344e+01
7.412117958068847656e+00
1.914818763732910156e+01
1.920597839355468750e+01
2.759923362731933594e+01
1.209801292419433594e+01
1.726765060424804688e+01
1.561456680297851562e+01
2.168831443786621094e+01
2.048012924194335938e+01
3.107486343383789062e+01
3.188353347778320312e+01
1.712908363342285156e+01
2.895943069458007812e+01
1.152225208282470703e+01
1.886726379394531250e+01
2.461081695556640625e+01
1.072003555297851562e+01
1.899496269226074219e+01
3.165322113037109375e+01
1.823194122314453125e+01
1.272031116485595703e+01
2.391974449157714844e+01
2.916222572326660156e+01
2.461439514160156250e+01
1.703464508056640625e+01
2.432121086120605469e+01
1.237473678588867188e+01
1.822152137756347656e+01
1.877873229980468750e+01
2.002297019958496094e+01
1.830036354064941406e+01
1.935430526733398438e+01
2.334436607360839844e+01
1.353703308105468750e+01
1.944940757751464844e+01
2.037006378173828125e+01
2.199441719055175781e+01
2.448711204528808594e+01
2.114967346191406250e+01
3.246401214599609375e+01
1.885067367553710938e+01
2.311528396606445312e+01
1.665354919433593750e+01
1.962519645690917969e+01
4.568838500976562500e+01
2.257824897766113281e+01
2.447138023376464844e+01
1.891131210327148438e+01
3.519133377075195312e+01
1.710112380981445312e+01
5.015590667724609375e+01
2.476870346069335938e+01
2.388247108459472656e+01
1.943360900878906250e+01
1.985255050659179688e+01
2.337528038024902344e+01
1.976478576660156250e+01
2.987632560729980469e+01
1.708782386779785156e+01
1.622745895385742188e+01
2.738859939575195312e+01
1.826902389526367188e+01
9.953551292419433594e+00
1.619239616394042969e+01
2.608341217041015625e+01
2.061022186279296875e+01
2.410988616943359375e+01
1.402667331695556641e+01
1.970699691772460938e+01
3.562673950195312500e+01
1.475158309936523438e+01
2.845769119262695312e+01
1.242131042480468750e+01
1.623975753784179688e+01
1.859093475341796875e+01
9.392992019653320312e+00
1.790634155273437500e+01
2.118418884277343750e+01
3.377425003051757812e+01
3.417194747924804688e+01
2.405654525756835938e+01
3.318078613281250000e+01
2.394925308227539062e+01
1.773750495910644531e+01
1.730778694152832031e+01
2.161100769042968750e+01
1.396929931640625000e+01
2.379030990600585938e+01
1.744332504272460938e+01
1.837128448486328125e+01
2.435443305969238281e+01
1.159524726867675781e+01
1.301685714721679688e+01
1.578132247924804688e+01
1.985816764831542969e+01
3.377305221557617188e+01
1.611878585815429688e+01
1.862498092651367188e+01
9.687966346740722656e+00
2.723181915283203125e+01
9.616683959960937500e+00
1.907445526123046875e+01
2.463752555847167969e+01
1.245685958862304688e+01
1.470675373077392578e+01
4.928328323364257812e+01
4.765385818481445312e+01
2.584524154663085938e+01
2.912236976623535156e+01
2.008659934997558594e+01
2.164121246337890625e+01
1.898092842102050781e+01
2.105461883544921875e+01
3.108498001098632812e+01
4.730987930297851562e+01
4.668082427978515625e+01
1.440828800201416016e+01
2.083432960510253906e+01
2.286317062377929688e+01
2.334051895141601562e+01
1.721777153015136719e+01
3.339760971069335938e+01
2.247361564636230469e+01
1.898264503479003906e+01
2.225025367736816406e+01
3.510153961181640625e+01
1.919511795043945312e+01
4.427993774414062500e+01
4.419826889038085938e+01
9.375508308410644531e+00
3.451116943359375000e+01
1.896198463439941406e+01
2.474123001098632812e+01
2.295081901550292969e+01
1.154222488403320312e+01
2.176481056213378906e+01
1.216361618041992188e+01
2.016785812377929688e+01
2.915423965454101562e+01
2.874040603637695312e+01
2.446401786804199219e+01
2.227133560180664062e+01
2.220919609069824219e+01
1.594191360473632812e+01
2.559498214721679688e+01
1.705763816833496094e+01
2.190493583679199219e+01
1.489917373657226562e+01
2.314316940307617188e+01
2.344635009765625000e+01
1.596918106079101562e+01
2.344627761840820312e+01
2.367612457275390625e+01
1.900806427001953125e+01
2.015971374511718750e+01
1.834306716918945312e+01
1.852912521362304688e+01
3.408003234863281250e+01
1.818205451965332031e+01
2.981901931762695312e+01
1.488770294189453125e+01
1.919029617309570312e+01
2.165995216369628906e+01
3.973131561279296875e+01
2.414826965332031250e+01
1.740207290649414062e+01
1.873148536682128906e+01
2.898956871032714844e+01
2.768170547485351562e+01
2.485647201538085938e+01
4.965490722656250000e+01
1.942633247375488281e+01
1.995692443847656250e+01
1.262038612365722656e+01
1.551019191741943359e+01
2.248315620422363281e+01
3.600611114501953125e+01
3.228749084472656250e+01
2.609835433959960938e+01
1.312048244476318359e+01
2.370956230163574219e+01
7.559744834899902344e+00
2.158844375610351562e+01
3.530599212646484375e+01
2.538808441162109375e+01
1.916225814819335938e+01
2.149514007568359375e+01
2.393267059326171875e+01
1.347201251983642578e+01
2.146255493164062500e+01
3.105927276611328125e+01
3.651754760742187500e+01
3.193777084350585938e+01
1.342214012145996094e+01
2.539068222045898438e+01
1.193668174743652344e+01
1.947230720520019531e+01
1.786442375183105469e+01
2.567233657836914062e+01
2.683000183105468750e+01
2.592927169799804688e+01
1.950629806518554688e+01
2.247413635253906250e+01
1.289675045013427734e+01
1.791453933715820312e+01
2.173876953125000000e+01
4.931063842773437500e+01
2.143537139892578125e+01
2.300867271423339844e+01
2.213070106506347656e+01
3.102106094360351562e+01
1.920792770385742188e+01
2.428392982482910156e+01
2.487071609497070312e+01
1.557119750976562500e+01
1.599937152862548828e+01
2.208926963806152344e+01
1.660980796813964844e+01
1.899584197998046875e+01
1.398559474945068359e+01
1.553842926025390625e+01
1.992015075683593750e+01
4.707105636596679688e+01
2.197904586791992188e+01
3.119821929931640625e+01
1.799414443969726562e+01
2.830704879760742188e+01
5.193138122558593750e+01
1.865876960754394531e+01
2.068130302429199219e+01
3.428167724609375000e+01
3.007118988037109375e+01
8.770306587219238281e+00
1.317803668975830078e+01
4.466271209716796875e+01
1.017800617218017578e+01
2.894102668762207031e+01
2.213535690307617188e+01
2.237763404846191406e+01
3.301143646240234375e+01
