2.175180625915527344e+01
2.462183952331542969e+01
1.894095993041992188e+01
2.126859474182128906e+01
2.157774162292480469e+01
2.351676368713378906e+01
2.016820716857910156e+01
1.878887367248535156e+01
1.870804786682128906e+01
1.560504722595214844e+01
4.882469940185546875e+01
2.321972656250000000e+01
2.636581611633300781e+01
1.267070484161376953e+01
2.287608718872070312e+01
2.862865066528320312e+01
2.703457450866699219e+01
4.932453536987304688e+01
1.410065364837646484e+01
1.983339118957519531e+01
4.752455902099609375e+01
3.591809463500976562e+01
1.625388717651367188e+01
1.763149452209472656e+01
2.381455039978027344e+01
2.646623802185058594e+01
7.069535255432128906e+00
1.935011291503906250e+01
3.339559555053710938e+01
3.553318023681640625e+01
2.080775260925292969e+01
4.780461502075195312e+01
2.300521278381347656e+01
2.118416404724121094e+01
1.979350280761718750e+01
3.230097198486328125e+01
1.064602565765380859e+01
2.886807823181152344e+01
1.093888378143310547e+01
1.136908435821533203e+01
2.444084167480468750e+01
1.704585075378417969e+01
5.224346160888671875e+00
3.208327102661132812e+01
2.433106231689453125e+01
2.324156188964843750e+01
2.380102920532226562e+01
1.880035781860351562e+01
2.174903297424316406e+01
1.130158138275146484e+01
2.916433143615722656e+01
1.905167198181152344e+01
3.255316925048828125e+01
1.603819847106933594e+01
2.155474472045898438e+01
1.702414512634277344e+01
2.471867942810058594e+01
1.503894710540771484e+01
2.056056976318359375e+01
2.160142898559570312e+01
3.076053619384765625e+01
2.085023498535156250e+01
2.379088592529296875e+01
2.481066513061523438e+01
1.746783447265625000e+01
2.410595893859863281e+01
2.216923141479492188e+01
1.936360359191894531e+01
1.567186546325683594e+01
1.640023422241210938e+01
2.332429504394531250e+01
1.990263748168945312e+01
1.982917785644531250e+01
2.440437507629394531e+01
2.095345306396484375e+01
2.855265426635742188e+01
1.817191696166992188e+01
2.545504379272460938e+01
2.160627365112304688e+01
2.013870048522949219e+01
3.177888298034667969e+01
3.701389694213867188e+01
1.532896232604980469e+01
4.446572113037109375e+01
1.919949722290039062e+01
2.078174209594726562e+01
2.164524269104003906e+01
9.006064414978027344e+00
2.009242057800292969e+01
3.374628448486328125e+01
1.177910900115966797e+01
2.480389213562011719e+01
1.552325057983398438e+01
2.184463691711425781e+01
1.398953723907470703e+01
1.775911140441894531e+01
2.542451095581054688e+01
3.325213241577148438e+01
2.184603881835937500e+01
3.269211578369140625e+01
1.942941665649414062e+01
2.771448707580566406e+01
3.546032714843750000e+01
2.007878494262695312e+01
2.097100830078125000e+01
2.356160926818847656e+01
3.215056228637695312e+01
2.846737289428710938e+01
2.404845046997070312e+01
2.009429550170898438e+01
1.457676124572753906e+01
2.516028785705566406e+01
2.103016853332519531e+01
1.814637756347656250e+01
1.799408340454101562e+01
2.294417381286621094e+01
4.931379699707031250e+01
2.847655487060546875e+01
1.879383468627929688e+01
8.174089431762695312e+00
3.555669403076171875e+01
2.172840499877929688e+01
2.342666053771972656e+01
1.974513816833496094e+01
2.021689605712890625e+01
1.789917373657226562e+01
9.565504074096679688e+00
2.478829574584960938e+01
1.060354423522949219e+01
3.678017425537109375e+01
2.038779258728027344e+01
1.284923171997070312e+01
1.365913963317871094e+01
2.483765792846679688e+01
2.282723426818847656e+01
1.004300594329833984e+01
1.790476799011230469e+01
2.110155105590820312e+01
2.387625503540039062e+01
1.575618362426757812e+01
3.284515762329101562e+01
1.690773582458496094e+01
1.646465682983398438e+01
5.072292709350585938e+01
1.675130081176757812e+01
1.296123504638671875e+01
2.290512847900390625e+01
3.101562309265136719e+01
1.629543876647949219e+01
2.177905654907226562e+01
2.337576103210449219e+01
2.963697624206542969e+01
2.479515266418457031e+01
6.869264602661132812e+00
4.589462661743164062e+01
1.625973129272460938e+01
2.235105895996093750e+01
1.765530204772949219e+01
4.885750579833984375e+01
2.233422470092773438e+01
1.752705001831054688e+01
3.341187667846679688e+01
1.585717582702636719e+01
2.487424087524414062e+01
1.195218181610107422e+01
2.488698005676269531e+01
1.394254970550537109e+01
1.933270645141601562e+01
4.949230575561523438e+01
3.306479644775390625e+01
1.418184185028076172e+01
1.726209259033203125e+01
8.323666572570800781e+00
2.347367477416992188e+01
2.376246833801269531e+01
1.932919311523437500e+01
2.254026031494140625e+01
1.678344726562500000e+01
2.414037132263183594e+01
1.977614212036132812e+01
1.114063167572021484e+01
3.275648117065429688e+01
5.086424255371093750e+01
1.953152275085449219e+01
1.323435878753662109e+01
2.271661567687988281e+01
3.444818878173828125e+01
2.279934692382812500e+01
4.269606781005859375e+01
1.819278717041015625e+01
2.509336853027343750e+01
5.055879974365234375e+01
2.314607810974121094e+01
2.840512466430664062e+01
1.677870750427246094e+01
4.505208969116210938e+01
2.240805625915527344e+01
1.124951648712158203e+01
1.898210716247558594e+01
1.744547653198242188e+01
3.176469802856445312e+01
2.381364250183105469e+01
2.329921150207519531e+01
1.860599136352539062e+01
1.747451972961425781e+01
1.143831157684326172e+01
1.301255416870117188e+01
1.444763755798339844e+01
2.699456024169921875e+01
4.895726013183593750e+01
1.923358345031738281e+01
1.322833347320556641e+01
1.611114120483398438e+01
1.996776580810546875e+01
1.923589515686035156e+01
2.798670196533203125e+01
1.191456317901611328e+01
1.678742599487304688e+01
2.055417251586914062e+01
2.016249656677246094e+01
1.832758903503417969e+01
1.871644401550292969e+01
3.373713302612304688e+01
2.459192657470703125e+01
1.705764770507812500e+01
1.537092590332031250e+01
9.174222946166992188e+00
2.180070495605468750e+01
2.518089294433593750e+01
2.139300346374511719e+01
1.234045314788818359e+01
2.438197135925292969e+01
2.462197875976562500e+01
1.304275894165039062e+01
9.568796157836914062e+00
1.342699527740478516e+01
1.913005828857421875e+01
3.098983764648437500e+01
2.771177864074707031e+01
2.428985977172851562e+01
1.792197608947753906e+01
4.954169464111328125e+01
2.889330482482910156e+01
2.996146011352539062e+01
1.863660049438476562e+01
1.839882278442382812e+01
2.203983116149902344e+01
1.797463607788085938e+01
9.974524497985839844e+00
1.633154678344726562e+01
2.015162277221679688e+01
3.033065032958984375e+01
8.680371284484863281e+00
3.486273956298828125e+01
1.502113151550292969e+01
1.710548973083496094e+01
1.541585445404052734e+01
1.495332050323486328e+01
2.499657249450683594e+01
2.565537834167480469e+01
2.728609466552734375e+01
1.860958862304687500e+01
1.864921951293945312e+01
2.498466491699218750e+01
1.469082260131835938e+01
1.087204837799072266e+01
3.431359481811523438e+01
1.373462200164794922e+01
3.070903015136718750e+01
2.381478118896484375e+01
3.303100585937500000e+01
2.184634208679199219e+01
4.048664474487304688e+01
4.515866088867187500e+01
1.055392932891845703e+01
2.034237289428710938e+01
2.163736152648925781e+01
2.205139160156250000e+01
1.865942764282226562e+01
4.544369506835937500e+01
2.007264709472656250e+01
3.938308715820312500e+01
3.198484802246093750e+01
2.025282478332519531e+01
3.654748153686523438e+01
2.099020385742187500e+01
2.528420257568359375e+01
1.605400848388671875e+01
1.458825111389160156e+01
2.292674255371093750e+01
1.703982162475585938e+01
2.358153533935546875e+01
3.107661437988281250e+01
3.235432434082031250e+01
1.644952392578125000e+01
2.436089515686035156e+01
2.124364852905273438e+01
2.367926025390625000e+01
1.654763412475585938e+01
1.387166881561279297e+01
1.704912567138671875e+01
1.947504997253417969e+01
2.243376159667968750e+01
1.842381668090820312e+01
4.321966552734375000e+01
7.950992584228515625e+00
1.808351898193359375e+01
1.844673538208007812e+01
2.103605651855468750e+01
8.938756942749023438e+00
1.593922138214111328e+01
2.131735038757324219e+01
1.829686737060546875e+01
2.934769630432128906e+01
1.230087471008300781e+01
2.261525344848632812e+01
2.135822486877441406e+01
8.712672233581542969e+00
2.048975372314453125e+01
2.099675369262695312e+01
3.215980529785156250e+01
3.069877624511718750e+01
1.360836505889892578e+01
1.926809692382812500e+01
2.064329910278320312e+01
2.329384422302246094e+01
2.886388206481933594e+01
1.965089988708496094e+01
2.248007965087890625e+01
2.257796287536621094e+01
1.385402202606201172e+01
2.125056838989257812e+01
1.769636154174804688e+01
1.861351203918457031e+01
2.022702789306640625e+01
1.379517555236816406e+01
4.983702850341796875e+01
2.672393608093261719e+01
1.456675720214843750e+01
5.078273773193359375e+01
2.823639106750488281e+01
1.831686782836914062e+01
2.232128524780273438e+01
2.376779747009277344e+01
1.735212898254394531e+01
2.423347091674804688e+01
4.887602233886718750e+01
1.974905204772949219e+01
2.475854301452636719e+01
3.482278060913085938e+01
1.632096099853515625e+01
1.202089023590087891e+01
2.876751136779785156e+01
1.408068084716796875e+01
2.201583099365234375e+01
1.683808708190917969e+01
1.797088813781738281e+01
2.691572952270507812e+01
3.618292236328125000e+01
2.139244842529296875e+01
2.562816619873046875e+01
2.725766372680664062e+01
2.306777763366699219e+01
2.425728034973144531e+01
2.351502418518066406e+01
2.457512664794921875e+01
9.333499908447265625e+00
2.247897338867187500e+01
2.179803276062011719e+01
1.403155708312988281e+01
2.225215339660644531e+01
2.126913642883300781e+01
2.074855041503906250e+01
2.363073921203613281e+01
5.026895523071289062e+01
1.171971702575683594e+01
2.369206619262695312e+01
3.328569030761718750e+01
2.325970458984375000e+01
1.931464767456054688e+01
3.216939544677734375e+01
2.171578025817871094e+01
3.478305053710937500e+01
2.296156311035156250e+01
2.067119407653808594e+01
2.545867919921875000e+01
1.955780982971191406e+01
2.122736740112304688e+01
4.237884521484375000e+01
2.369697952270507812e+01
1.485745048522949219e+01
2.157903099060058594e+01
1.460825347900390625e+01
2.367418670654296875e+01
1.988277053833007812e+01
2.108652114868164062e+01
4.026607513427734375e+01
1.809012603759765625e+01
1.215557765960693359e+01
2.352196884155273438e+01
2.058209037780761719e+01
2.617897605895996094e+01
1.509918212890625000e+01
3.027630615234375000e+01
1.748083686828613281e+01
3.402867889404296875e+01
4.600638961791992188e+01
1.992937660217285156e+01
1.846341133117675781e+01
2.212788391113281250e+01
2.008996391296386719e+01
1.658555221557617188e+01
1.523075962066650391e+01
5.020581436157226562e+01
2.668306732177734375e+01
2.577103042602539062e+01
1.685648727416992188e+01
2.138903427124023438e+01
1.476692008972167969e+01
1.925346946716308594e+01
1.253635406494140625e+01
1.530201339721679688e+01
2.001690673828125000e+01
3.414164733886718750e+01
1.502732849121093750e+01
2.264765548706054688e+01
3.554880523681640625e+01
1.422273445129394531e+01
2.354185295104980469e+01
2.962141990661621094e+01
1.607284164428710938e+01
2.402187538146972656e+01
1.941881752014160156e+01
2.469291687011718750e+01
1.968212318420410156e+01
2.232068634033203125e+01
9.402908325195312500e+00
1.801002120971679688e+01
9.002848625183105469e+00
2.120257949829101562e+01
4.531764984130859375e+01
1.877401733398437500e+01
2.414899063110351562e+01
4.281748199462890625e+01
1.654945564270019531e+01
2.372086906433105469e+01
2.036081314086914062e+01
2.936126708984375000e+01
1.921619415283203125e+01
3.300415420532226562e+01
2.343679618835449219e+01
2.232871437072753906e+01
2.368354797363281250e+01
4.110928344726562500e+01
2.266861343383789062e+01
