2.491993713378906250e+01
1.636888694763183594e+01
4.027341079711914062e+01
1.898791313171386719e+01
2.295611953735351562e+01
2.127757644653320312e+01
3.293546295166015625e+01
1.872756004333496094e+01
2.025428581237792969e+01
1.631834220886230469e+01
1.794431304931640625e+01
4.702202987670898438e+01
2.398887252807617188e+01
3.226298522949218750e+01
2.345433998107910156e+01
1.027021503448486328e+01
3.023398590087890625e+01
2.185626029968261719e+01
2.403295898437500000e+01
1.552972030639648438e+01
2.355870437622070312e+01
1.818861007690429688e+01
1.923109626770019531e+01
4.937816619873046875e+01
1.437589263916015625e+01
1.501137828826904297e+01
2.122463607788085938e+01
2.222473335266113281e+01
1.618411636352539062e+01
3.263414382934570312e+01
4.550113677978515625e+01
2.065639686584472656e+01
2.481731414794921875e+01
1.800854873657226562e+01
2.036007690429687500e+01
2.114290237426757812e+01
2.758380889892578125e+01
1.979819107055664062e+01
2.297406768798828125e+01
3.414348602294921875e+01
3.177532577514648438e+01
2.382320976257324219e+01
2.126732635498046875e+01
1.599916839599609375e+01
3.024517250061035156e+01
5.402324676513671875e+00
2.131554794311523438e+01
1.315145111083984375e+01
1.807177543640136719e+01
2.189238166809082031e+01
4.499282073974609375e+01
3.626904296875000000e+01
1.342377662658691406e+01
2.785033035278320312e+01
2.169488525390625000e+01
2.707994079589843750e+01
8.030650138854980469e+00
1.667844390869140625e+01
2.548310279846191406e+01
2.003853607177734375e+01
8.491428375244140625e+00
1.638682556152343750e+01
5.045954513549804688e+01
2.291765403747558594e+01
2.170574760437011719e+01
2.727659225463867188e+01
3.564435958862304688e+01
2.974434852600097656e+01
2.310784912109375000e+01
2.227300643920898438e+01
1.172405338287353516e+01
2.560894584655761719e+01
1.658337020874023438e+01
1.876998519897460938e+01
1.132337093353271484e+01
1.669858741760253906e+01
3.529186248779296875e+01
4.862630844116210938e+01
2.158469581604003906e+01
9.680576324462890625e+00
3.301891326904296875e+01
2.341794013977050781e+01
1.875130844116210938e+01
3.509077835083007812e+01
3.258071136474609375e+01
1.966894912719726562e+01
2.261327934265136719e+01
2.147259712219238281e+01
1.569954109191894531e+01
1.553726863861083984e+01
1.891878890991210938e+01
2.401437568664550781e+01
1.151465129852294922e+01
1.663599014282226562e+01
2.038854980468750000e+01
2.509889793395996094e+01
1.500296497344970703e+01
5.216249084472656250e+01
2.866310119628906250e+01
1.090863227844238281e+01
2.887487602233886719e+01
2.435585594177246094e+01
2.915048599243164062e+01
1.505597972869873047e+01
2.262204360961914062e+01
1.878979873657226562e+01
2.035562515258789062e+01
1.236702346801757812e+01
2.325280761718750000e+01
1.844793319702148438e+01
1.942737770080566406e+01
2.396823501586914062e+01
1.294418239593505859e+01
1.548071479797363281e+01
1.525054740905761719e+01
1.437235450744628906e+01
9.991151809692382812e+00
2.044651603698730469e+01
1.244833183288574219e+01
2.102643775939941406e+01
1.788979911804199219e+01
1.739570999145507812e+01
1.543340492248535156e+01
2.004089355468750000e+01
2.422225570678710938e+01
2.126048660278320312e+01
2.508926773071289062e+01
2.297135925292968750e+01
2.404280090332031250e+01
2.464333534240722656e+01
3.246540832519531250e+01
1.467217350006103516e+01
1.689585876464843750e+01
2.462443161010742188e+01
2.127557945251464844e+01
3.536173248291015625e+01
1.604858970642089844e+01
2.015497207641601562e+01
2.035498237609863281e+01
2.556088638305664062e+01
3.301510620117187500e+01
2.918229293823242188e+01
2.558792686462402344e+01
1.179407882690429688e+01
2.464975738525390625e+01
2.136926078796386719e+01
2.453235626220703125e+01
2.138854026794433594e+01
2.867358779907226562e+01
4.867295837402343750e+01
3.205798339843750000e+01
2.449194145202636719e+01
3.484638595581054688e+01
3.308265686035156250e+01
4.338552093505859375e+01
2.075705909729003906e+01
2.219101905822753906e+01
2.103757476806640625e+01
1.753210449218750000e+01
1.827249145507812500e+01
1.809701919555664062e+01
2.196020507812500000e+01
2.425263023376464844e+01
3.125077438354492188e+01
1.679852676391601562e+01
1.980516815185546875e+01
1.950718116760253906e+01
3.593190765380859375e+01
1.868266677856445312e+01
1.813663864135742188e+01
2.644532203674316406e+01
3.762648391723632812e+01
2.225676918029785156e+01
1.902630615234375000e+01
2.260624313354492188e+01
4.450403594970703125e+01
1.791800689697265625e+01
2.634740829467773438e+01
1.289999103546142578e+01
2.750952148437500000e+01
2.400359916687011719e+01
1.894630622863769531e+01
1.879059600830078125e+01
2.001957130432128906e+01
4.757082748413085938e+01
1.946366119384765625e+01
2.366192436218261719e+01
1.326082611083984375e+01
2.316990470886230469e+01
1.326541233062744141e+01
3.205238342285156250e+01
2.892874717712402344e+01
1.145105838775634766e+01
2.452110290527343750e+01
2.273601531982421875e+01
2.466866302490234375e+01
2.149745559692382812e+01
2.359370803833007812e+01
2.688214302062988281e+01
9.675242424011230469e+00
2.083835983276367188e+01
1.946853637695312500e+01
2.195868873596191406e+01
1.831671714782714844e+01
4.360579681396484375e+01
2.926354598999023438e+01
3.357492065429687500e+01
1.311001777648925781e+01
3.429220581054687500e+01
1.583659267425537109e+01
1.944756698608398438e+01
2.156518554687500000e+01
8.949323654174804688e+00
1.579463100433349609e+01
2.259991455078125000e+01
2.022762298583984375e+01
2.552207756042480469e+01
2.227200889587402344e+01
2.511651229858398438e+01
3.390930175781250000e+01
2.496956634521484375e+01
2.594622611999511719e+01
4.213484191894531250e+01
2.065977859497070312e+01
2.772507476806640625e+01
2.246061325073242188e+01
3.494097137451171875e+01
2.058805656433105469e+01
1.785116577148437500e+01
2.222517776489257812e+01
1.870094680786132812e+01
2.335268974304199219e+01
1.569952774047851562e+01
9.296410560607910156e+00
2.072945022583007812e+01
5.070310211181640625e+01
3.016958427429199219e+01
2.884253120422363281e+01
1.494922733306884766e+01
2.325683212280273438e+01
2.255151748657226562e+01
3.279228210449218750e+01
3.333955001831054688e+01
1.407707405090332031e+01
2.613700294494628906e+01
2.359068679809570312e+01
4.799580001831054688e+01
2.161869812011718750e+01
3.735155868530273438e+01
9.246068000793457031e+00
3.064866447448730469e+01
2.084148979187011719e+01
1.811714553833007812e+01
1.903203392028808594e+01
1.162304115295410156e+01
1.908556556701660156e+01
4.811657333374023438e+01
1.491852855682373047e+01
2.891843032836914062e+01
2.332732772827148438e+01
2.064572525024414062e+01
4.440546417236328125e+01
2.018260002136230469e+01
1.618068122863769531e+01
2.350125885009765625e+01
2.149230003356933594e+01
2.328656578063964844e+01
2.270440864562988281e+01
2.129286003112792969e+01
1.761882209777832031e+01
3.586080551147460938e+01
1.628208160400390625e+01
1.525867652893066406e+01
2.361420249938964844e+01
3.872203063964843750e+01
2.043299484252929688e+01
9.798007965087890625e+00
2.460770988464355469e+01
4.199952697753906250e+01
1.861758232116699219e+01
2.309118270874023438e+01
2.476662063598632812e+01
2.917105102539062500e+01
4.428367996215820312e+01
1.008908462524414062e+01
2.414841461181640625e+01
2.878390121459960938e+01
1.792481803894042969e+01
2.352045059204101562e+01
1.834824943542480469e+01
7.714433670043945312e+00
1.846863937377929688e+01
2.093063354492187500e+01
7.164466857910156250e+00
1.108401775360107422e+01
2.522161102294921875e+01
2.026783370971679688e+01
2.078063774108886719e+01
5.004397201538085938e+01
1.789386367797851562e+01
1.807151794433593750e+01
5.074054718017578125e+01
1.888394927978515625e+01
3.076412773132324219e+01
3.259293746948242188e+01
2.077132415771484375e+01
2.195620918273925781e+01
2.291693687438964844e+01
2.502467727661132812e+01
1.938831520080566406e+01
1.505602550506591797e+01
1.632933425903320312e+01
2.130250740051269531e+01
2.815378570556640625e+01
1.985982704162597656e+01
1.181032085418701172e+01
1.594636821746826172e+01
1.456356334686279297e+01
2.113886833190917969e+01
2.293783378601074219e+01
2.449197387695312500e+01
2.528516578674316406e+01
1.348533248901367188e+01
2.704703903198242188e+01
2.078778266906738281e+01
2.404422760009765625e+01
2.289273262023925781e+01
1.900076103210449219e+01
1.901735877990722656e+01
2.270459175109863281e+01
2.171993064880371094e+01
1.894208526611328125e+01
1.410415554046630859e+01
1.780391502380371094e+01
2.016879653930664062e+01
3.133545875549316406e+01
2.287170982360839844e+01
7.790140151977539062e+00
1.258103847503662109e+01
3.524433135986328125e+01
8.031975746154785156e+00
2.906962585449218750e+01
3.391314697265625000e+01
2.097647857666015625e+01
2.541983604431152344e+01
1.789125061035156250e+01
1.862365341186523438e+01
2.761007499694824219e+01
1.752922058105468750e+01
2.424634361267089844e+01
4.730194473266601562e+01
1.783527946472167969e+01
2.155344963073730469e+01
3.448426055908203125e+01
2.118261718750000000e+01
2.311795997619628906e+01
1.755683326721191406e+01
1.491562175750732422e+01
2.461896896362304688e+01
2.346818542480468750e+01
2.006470680236816406e+01
2.733481979370117188e+01
9.924531936645507812e+00
1.552740287780761719e+01
2.627801895141601562e+01
1.697039031982421875e+01
2.557806587219238281e+01
2.266141319274902344e+01
6.405118942260742188e+00
9.254003524780273438e+00
1.493209362030029297e+01
1.568283081054687500e+01
1.612580680847167969e+01
2.246267890930175781e+01
8.903450012207031250e+00
1.741446685791015625e+01
1.805339813232421875e+01
2.467472648620605469e+01
2.052096939086914062e+01
2.731115722656250000e+01
4.356356430053710938e+01
2.663418769836425781e+01
1.508029460906982422e+01
8.349620819091796875e+00
1.407955646514892578e+01
1.835972213745117188e+01
1.966533088684082031e+01
2.019367027282714844e+01
1.822799682617187500e+01
2.334677124023437500e+01
1.898101806640625000e+01
4.868576049804687500e+01
1.065871334075927734e+01
1.309835147857666016e+01
1.563603782653808594e+01
1.734030914306640625e+01
1.565125465393066406e+01
3.183855438232421875e+01
3.061500549316406250e+01
3.280055236816406250e+01
2.021852302551269531e+01
2.857857704162597656e+01
3.084346389770507812e+01
1.725995254516601562e+01
3.108377265930175781e+01
2.298501586914062500e+01
1.951908493041992188e+01
1.579262733459472656e+01
1.656929016113281250e+01
2.061161231994628906e+01
2.413214111328125000e+01
2.308639526367187500e+01
2.410374641418457031e+01
2.408544921875000000e+01
1.903968048095703125e+01
2.413755607604980469e+01
2.388145828247070312e+01
1.331696891784667969e+01
2.142360305786132812e+01
2.044959640502929688e+01
9.960842132568359375e+00
1.455820941925048828e+01
2.099989891052246094e+01
1.477506828308105469e+01
3.796832275390625000e+01
2.106924819946289062e+01
1.939928627014160156e+01
4.189484786987304688e+01
2.037648582458496094e+01
2.616169357299804688e+01
3.053796768188476562e+01
2.337671852111816406e+01
2.086054229736328125e+01
1.757639312744140625e+01
1.413988780975341797e+01
4.919442749023437500e+01
2.579973411560058594e+01
2.439067077636718750e+01
1.759722137451171875e+01
2.288988113403320312e+01
2.225823402404785156e+01
3.171861457824707031e+01
2.699893951416015625e+01
2.520776748657226562e+01
1.890639495849609375e+01
2.911275482177734375e+01
2.200338745117187500e+01
2.302389526367187500e+01
2.841569900512695312e+01
4.832248687744140625e+00
1.933735847473144531e+01
4.071327972412109375e+01
4.862522125244140625e+01
1.921212577819824219e+01
2.339268684387207031e+01
