1.493162155151367188e+01
1.305886554718017578e+01
2.086108398437500000e+01
1.755601882934570312e+01
1.616564941406250000e+01
7.117533683776855469e+00
1.605312347412109375e+01
2.134474182128906250e+01
2.420750045776367188e+01
4.681573486328125000e+01
2.716246032714843750e+01
3.415460586547851562e+01
2.433236503601074219e+01
2.185958099365234375e+01
1.639148139953613281e+01
2.093367004394531250e+01
2.471411323547363281e+01
2.448902511596679688e+01
4.991143035888671875e+01
1.200321292877197266e+01
2.045571899414062500e+01
2.044376945495605469e+01
1.770230102539062500e+01
4.956976318359375000e+01
2.799182128906250000e+01
3.485905456542968750e+01
2.097752189636230469e+01
2.401489067077636719e+01
1.909567642211914062e+01
2.337222480773925781e+01
2.187068939208984375e+01
3.093252563476562500e+01
7.924522399902343750e+00
1.953140830993652344e+01
1.931156730651855469e+01
2.900253677368164062e+01
2.013837623596191406e+01
2.197155952453613281e+01
2.101093292236328125e+01
2.230887222290039062e+01
5.156779098510742188e+01
2.639266395568847656e+01
2.026322937011718750e+01
2.325441169738769531e+01
4.044296646118164062e+01
2.480204963684082031e+01
2.468005371093750000e+01
2.260777473449707031e+01
3.734936523437500000e+01
1.189723873138427734e+01
1.531518363952636719e+01
2.657230567932128906e+01
2.293861579895019531e+01
2.360684776306152344e+01
1.406343936920166016e+01
2.664111328125000000e+01
1.189694118499755859e+01
1.870632934570312500e+01
3.159428787231445312e+01
1.818539047241210938e+01
2.362599182128906250e+01
1.542424583435058594e+01
2.559654998779296875e+01
1.735030364990234375e+01
1.602529716491699219e+01
4.458296203613281250e+01
1.105074310302734375e+01
3.393622589111328125e+01
2.133885574340820312e+01
2.326396179199218750e+01
1.896077346801757812e+01
3.242951965332031250e+01
1.693134307861328125e+01
2.383135604858398438e+01
2.487618255615234375e+01
1.848681068420410156e+01
3.107411193847656250e+01
1.835543060302734375e+01
2.101485824584960938e+01
1.514669036865234375e+01
7.951828002929687500e+00
1.800639724731445312e+01
2.776565933227539062e+01
1.351868915557861328e+01
1.407504653930664062e+01
1.820838356018066406e+01
3.416215515136718750e+01
1.990492057800292969e+01
1.617157936096191406e+01
2.014905166625976562e+01
1.980551719665527344e+01
1.896694564819335938e+01
2.261358642578125000e+01
2.756999015808105469e+01
3.293291473388671875e+01
2.898301506042480469e+01
1.282437038421630859e+01
3.042625617980957031e+01
2.861716842651367188e+01
4.345847320556640625e+01
1.617372894287109375e+01
1.734155654907226562e+01
1.155925655364990234e+01
2.235254859924316406e+01
1.594215488433837891e+01
1.757062149047851562e+01
2.015912437438964844e+01
1.709142303466796875e+01
1.189642524719238281e+01
1.431311893463134766e+01
3.800225830078125000e+01
2.406237411499023438e+01
3.921649551391601562e+01
1.599773597717285156e+01
1.269184207916259766e+01
2.086972427368164062e+01
1.430746746063232422e+01
2.715080261230468750e+01
2.148337745666503906e+01
1.894269943237304688e+01
1.730717468261718750e+01
2.456141281127929688e+01
1.282640838623046875e+01
1.898637580871582031e+01
2.242472457885742188e+01
4.406104278564453125e+01
9.947765350341796875e+00
1.903199005126953125e+01
1.253696060180664062e+01
2.491631698608398438e+01
3.109661483764648438e+01
2.330844497680664062e+01
4.686486816406250000e+01
2.801601028442382812e+01
3.440780258178710938e+01
1.126775836944580078e+01
4.048844146728515625e+01
2.323673820495605469e+01
1.460550880432128906e+01
1.837768554687500000e+01
2.335820960998535156e+01
1.844787216186523438e+01
1.952806854248046875e+01
1.096305561065673828e+01
2.533911705017089844e+01
2.305213165283203125e+01
2.454085731506347656e+01
2.047971916198730469e+01
1.192275238037109375e+01
1.513380432128906250e+01
2.018316268920898438e+01
2.170568084716796875e+01
1.770409011840820312e+01
2.173463058471679688e+01
2.273714447021484375e+01
1.094706153869628906e+01
2.850854682922363281e+01
3.393378067016601562e+01
2.390283203125000000e+01
1.316327667236328125e+01
2.895223045349121094e+01
2.111202812194824219e+01
2.936474227905273438e+01
1.207599449157714844e+01
1.141103363037109375e+01
2.091292762756347656e+01
1.879921531677246094e+01
2.109900856018066406e+01
2.076772308349609375e+01
1.971825218200683594e+01
1.471429443359375000e+01
3.171366882324218750e+01
4.962517547607421875e+01
2.181454277038574219e+01
2.237337493896484375e+01
2.596776580810546875e+01
2.133624839782714844e+01
1.322476673126220703e+01
1.939537811279296875e+01
2.001228523254394531e+01
2.077928543090820312e+01
4.785236740112304688e+01
2.076757431030273438e+01
1.576111698150634766e+01
1.453468990325927734e+01
2.352744483947753906e+01
2.399408340454101562e+01
1.956793785095214844e+01
2.142035102844238281e+01
1.083937931060791016e+01
2.740990829467773438e+01
5.166732025146484375e+01
1.046255683898925781e+01
1.137772083282470703e+01
2.474322128295898438e+01
2.104828453063964844e+01
2.079362869262695312e+01
2.317336654663085938e+01
2.158279800415039062e+01
2.215416336059570312e+01
3.345434188842773438e+01
3.980532836914062500e+01
1.323372650146484375e+01
2.779872131347656250e+01
2.204826736450195312e+01
1.282728385925292969e+01
2.722158432006835938e+01
2.292175483703613281e+01
2.113454627990722656e+01
3.208678436279296875e+01
1.075574970245361328e+01
2.479676055908203125e+01
2.915381813049316406e+01
1.798286247253417969e+01
9.592472076416015625e+00
2.068291282653808594e+01
1.118376064300537109e+01
1.987710952758789062e+01
1.510365486145019531e+01
1.397285747528076172e+01
1.886205673217773438e+01
2.312285232543945312e+01
2.185458374023437500e+01
1.969175720214843750e+01
3.418019866943359375e+01
1.902366256713867188e+01
1.985029029846191406e+01
2.044147300720214844e+01
2.935773468017578125e+01
8.220111846923828125e+00
9.504163742065429688e+00
1.841561317443847656e+01
1.397916984558105469e+01
2.801171684265136719e+01
1.635177421569824219e+01
2.276002502441406250e+01
8.516901016235351562e+00
2.087483406066894531e+01
1.778539657592773438e+01
4.877840423583984375e+01
3.071395111083984375e+01
2.027178955078125000e+01
1.988959693908691406e+01
2.340007591247558594e+01
3.119318389892578125e+01
1.758849525451660156e+01
2.046469879150390625e+01
2.399445533752441406e+01
2.909663009643554688e+01
1.730114364624023438e+01
2.286787223815917969e+01
2.131755828857421875e+01
2.219723892211914062e+01
5.810260772705078125e+00
2.396284675598144531e+01
1.990460968017578125e+01
8.970529556274414062e+00
1.845141029357910156e+01
3.326620101928710938e+01
2.268399620056152344e+01
1.911324691772460938e+01
3.244891738891601562e+01
2.007487106323242188e+01
2.495571327209472656e+01
2.300819587707519531e+01
1.461455249786376953e+01
1.007974433898925781e+01
3.005945968627929688e+01
2.338656234741210938e+01
1.311116695404052734e+01
1.842356491088867188e+01
1.916672897338867188e+01
1.561178112030029297e+01
5.055612945556640625e+01
1.646614456176757812e+01
2.282213020324707031e+01
1.682212066650390625e+01
3.177313995361328125e+01
2.865768623352050781e+01
3.088588333129882812e+01
3.299769210815429688e+01
2.424384307861328125e+01
5.117420196533203125e+01
2.318804931640625000e+01
1.609492492675781250e+01
1.518922996520996094e+01
2.178807640075683594e+01
1.880001449584960938e+01
3.174687767028808594e+01
1.730598068237304688e+01
1.997553062438964844e+01
2.368243408203125000e+01
7.067566871643066406e+00
1.687465667724609375e+01
1.967272758483886719e+01
1.591803264617919922e+01
1.897259902954101562e+01
8.087458610534667969e+00
2.218963623046875000e+01
1.591816520690917969e+01
2.252662849426269531e+01
2.478377723693847656e+01
1.837346649169921875e+01
2.785255622863769531e+01
2.459036254882812500e+01
9.290139198303222656e+00
4.463504028320312500e+01
2.562602233886718750e+01
1.978791427612304688e+01
3.263104248046875000e+01
1.064307689666748047e+01
2.086384391784667969e+01
4.896160888671875000e+01
2.340229415893554688e+01
2.418507766723632812e+01
1.630247879028320312e+01
2.115855026245117188e+01
2.143320083618164062e+01
2.333329963684082031e+01
2.185761833190917969e+01
1.110560417175292969e+01
1.682072830200195312e+01
2.578359794616699219e+01
2.171881675720214844e+01
2.213087844848632812e+01
1.952377510070800781e+01
1.602463150024414062e+01
2.036836051940917969e+01
3.620165634155273438e+01
3.181565093994140625e+01
2.440502929687500000e+01
2.024234008789062500e+01
1.381215476989746094e+01
1.900965309143066406e+01
2.428571128845214844e+01
2.149371337890625000e+01
1.476231002807617188e+01
2.012882804870605469e+01
2.153226661682128906e+01
2.735411834716796875e+01
1.745140838623046875e+01
2.891742324829101562e+01
1.102360343933105469e+01
3.480691528320312500e+01
2.176497459411621094e+01
2.396720123291015625e+01
3.655216979980468750e+01
1.725088310241699219e+01
2.472565460205078125e+01
1.276661396026611328e+01
1.973231506347656250e+01
1.747039794921875000e+01
1.266128349304199219e+01
1.907016372680664062e+01
2.530879402160644531e+01
2.283701324462890625e+01
1.978458976745605469e+01
1.819231414794921875e+01
1.866937637329101562e+01
1.902689361572265625e+01
2.166493797302246094e+01
1.635228538513183594e+01
1.461097621917724609e+01
2.044417190551757812e+01
4.944711303710937500e+01
1.514447975158691406e+01
2.444049453735351562e+01
2.693353271484375000e+01
2.712011337280273438e+01
2.234758567810058594e+01
2.830351066589355469e+01
2.594834518432617188e+01
2.959319114685058594e+01
2.023981475830078125e+01
4.203880310058593750e+01
1.891213607788085938e+01
1.221733474731445312e+01
1.735269737243652344e+01
2.068786430358886719e+01
3.517801284790039062e+01
2.280482482910156250e+01
1.925047492980957031e+01
3.031958007812500000e+01
2.685488319396972656e+01
2.953038978576660156e+01
4.027256774902343750e+01
4.966098785400390625e+01
2.323865509033203125e+01
2.389542770385742188e+01
1.419744014739990234e+01
3.272596359252929688e+01
2.965153694152832031e+01
2.434819984436035156e+01
4.859654235839843750e+01
3.983531951904296875e+01
1.822873687744140625e+01
1.453238296508789062e+01
1.781942939758300781e+01
3.132305526733398438e+01
1.610575866699218750e+01
4.355953216552734375e+01
1.469359588623046875e+01
1.468210124969482422e+01
2.379848480224609375e+01
3.455149459838867188e+01
2.614167976379394531e+01
1.637376785278320312e+01
1.833851623535156250e+01
2.376366996765136719e+01
1.638054656982421875e+01
2.214955711364746094e+01
2.083311843872070312e+01
2.309694290161132812e+01
4.671313476562500000e+01
4.708049774169921875e+01
1.994070625305175781e+01
2.269599342346191406e+01
2.896783447265625000e+01
1.349406528472900391e+01
2.177632141113281250e+01
2.263101387023925781e+01
9.116671562194824219e+00
2.622528457641601562e+01
2.313134193420410156e+01
1.158075237274169922e+01
1.590587425231933594e+01
1.701860809326171875e+01
2.956815719604492188e+01
4.593737030029296875e+01
1.666979217529296875e+01
7.627049446105957031e+00
1.499930381774902344e+01
1.799691581726074219e+01
1.553529357910156250e+01
3.413069915771484375e+01
1.952813529968261719e+01
2.025825881958007812e+01
2.665145492553710938e+01
9.409365653991699219e+00
2.338595390319824219e+01
1.644716262817382812e+01
2.551218032836914062e+01
2.209331130981445312e+01
2.357935905456542969e+01
3.428109359741210938e+01
1.718359375000000000e+01
1.620601654052734375e+01
1.370543193817138672e+01
2.105640792846679688e+01
2.164056587219238281e+01
2.513062477111816406e+01
1.972350311279296875e+01
1.268276119232177734e+01
1.407512474060058594e+01
1.720099830627441406e+01
