3.078791809082031250e+01
1.761188125610351562e+01
3.215098190307617188e+01
4.758953094482421875e+01
7.130681991577148438e+00
2.277940177917480469e+01
1.881769371032714844e+01
1.734241676330566406e+01
2.673503303527832031e+01
2.572978782653808594e+01
1.515210533142089844e+01
2.070097541809082031e+01
1.926452255249023438e+01
2.364351463317871094e+01
1.237937164306640625e+01
2.396633911132812500e+01
1.941073989868164062e+01
4.093794250488281250e+01
1.449378490447998047e+01
2.983325386047363281e+01
3.233532333374023438e+01
1.900530815124511719e+01
1.413569545745849609e+01
4.335301589965820312e+01
2.144053268432617188e+01
2.372854232788085938e+01
2.850221824645996094e+01
1.595509910583496094e+01
1.725770378112792969e+01
2.781293678283691406e+01
3.585699844360351562e+01
2.436242294311523438e+01
2.504105186462402344e+01
1.658139419555664062e+01
2.630358314514160156e+01
3.163554763793945312e+01
1.941262817382812500e+01
1.936018371582031250e+01
3.406315994262695312e+01
2.533461952209472656e+01
1.114101123809814453e+01
2.818939781188964844e+01
4.419573974609375000e+01
1.632579994201660156e+01
4.894870758056640625e+01
2.891333770751953125e+01
1.793921279907226562e+01
2.174296379089355469e+01
1.944781875610351562e+01
1.254645061492919922e+01
9.461557388305664062e+00
1.011323642730712891e+01
8.478182792663574219e+00
1.467828845977783203e+01
1.551260757446289062e+01
3.175382614135742188e+01
1.776988220214843750e+01
2.868334960937500000e+01
3.038479995727539062e+01
1.571957778930664062e+01
1.986285018920898438e+01
3.542047119140625000e+01
1.025092887878417969e+01
1.937401962280273438e+01
2.301645278930664062e+01
2.809410667419433594e+01
7.143575668334960938e+00
1.619569396972656250e+01
3.535727310180664062e+01
1.115296936035156250e+01
2.212908554077148438e+01
3.429029083251953125e+01
2.410158729553222656e+01
2.114577102661132812e+01
8.728213310241699219e+00
2.187005805969238281e+01
2.267131423950195312e+01
4.851564788818359375e+01
3.336515426635742188e+01
1.821197128295898438e+01
1.740950965881347656e+01
1.219010353088378906e+01
1.592728328704833984e+01
1.765769577026367188e+01
2.382275199890136719e+01
1.879918289184570312e+01
2.368572235107421875e+01
3.260414886474609375e+01
2.150173568725585938e+01
2.611425590515136719e+01
2.122544479370117188e+01
2.395315170288085938e+01
2.033343124389648438e+01
2.067884254455566406e+01
2.439739608764648438e+01
1.622922706604003906e+01
1.605261039733886719e+01
3.433045196533203125e+01
8.550951004028320312e+00
2.738646697998046875e+01
2.378777885437011719e+01
1.861267662048339844e+01
2.304243278503417969e+01
1.724980926513671875e+01
1.999838638305664062e+01
9.184115409851074219e+00
2.262064743041992188e+01
2.090724182128906250e+01
2.119233131408691406e+01
3.356689834594726562e+01
1.820492744445800781e+01
2.125672531127929688e+01
1.127779388427734375e+01
2.336514663696289062e+01
2.512404251098632812e+01
4.204515457153320312e+00
1.336604022979736328e+01
1.785907745361328125e+01
4.905141448974609375e+01
1.430085086822509766e+01
2.022347450256347656e+01
2.263184928894042969e+01
2.158090019226074219e+01
1.906712722778320312e+01
2.096532058715820312e+01
2.657044601440429688e+01
2.171326637268066406e+01
1.381363201141357422e+01
1.531476783752441406e+01
6.804616928100585938e+00
1.933307075500488281e+01
1.422833728790283203e+01
2.191844558715820312e+01
1.478841400146484375e+01
2.266257858276367188e+01
2.557727622985839844e+01
2.182111549377441406e+01
3.047077560424804688e+01
1.287131690979003906e+01
2.619022750854492188e+01
1.485051727294921875e+01
2.566874122619628906e+01
1.365112209320068359e+01
1.592014122009277344e+01
3.191118240356445312e+01
2.041320800781250000e+01
2.119403266906738281e+01
1.562765312194824219e+01
4.518379974365234375e+01
2.733755493164062500e+01
1.889650344848632812e+01
3.162230682373046875e+01
2.088656234741210938e+01
2.141937637329101562e+01
2.202083969116210938e+01
3.121463012695312500e+01
1.766989326477050781e+01
3.069153022766113281e+01
1.853372001647949219e+01
1.307802581787109375e+01
2.313087081909179688e+01
2.225190925598144531e+01
2.177375030517578125e+01
2.485688781738281250e+01
8.462766647338867188e+00
1.327019596099853516e+01
1.996056365966796875e+01
2.364289474487304688e+01
2.147216987609863281e+01
2.052561187744140625e+01
1.998958396911621094e+01
1.900055313110351562e+01
1.423631858825683594e+01
2.359049034118652344e+01
1.313179302215576172e+01
2.299922370910644531e+01
2.454349136352539062e+01
2.042181968688964844e+01
1.447936725616455078e+01
2.284819412231445312e+01
2.363268089294433594e+01
2.321508407592773438e+01
3.130974960327148438e+01
2.402277183532714844e+01
1.850540733337402344e+01
1.127067947387695312e+01
2.050675392150878906e+01
2.104474639892578125e+01
5.131156539916992188e+01
1.998607635498046875e+01
2.122395324707031250e+01
2.373895263671875000e+01
2.084387779235839844e+01
9.876580238342285156e+00
2.359821891784667969e+01
8.618680000305175781e+00
1.448530578613281250e+01
2.021547889709472656e+01
1.005465316772460938e+01
2.086675453186035156e+01
3.501144790649414062e+01
2.348331642150878906e+01
1.896009826660156250e+01
2.736953735351562500e+01
1.288057708740234375e+01
2.692654800415039062e+01
3.595308685302734375e+01
2.143307685852050781e+01
1.507164382934570312e+01
1.237044906616210938e+01
2.847866821289062500e+01
2.488486289978027344e+01
1.687273025512695312e+01
1.270693302154541016e+01
2.382224464416503906e+01
2.339270782470703125e+01
2.015350914001464844e+01
2.188173484802246094e+01
1.950642967224121094e+01
5.102116775512695312e+01
2.956586456298828125e+01
2.756932830810546875e+01
3.113496780395507812e+01
2.008610916137695312e+01
2.338153839111328125e+01
2.296666336059570312e+01
1.719035720825195312e+01
5.053733444213867188e+01
1.371006870269775391e+01
1.946352195739746094e+01
1.082485294342041016e+01
2.326592636108398438e+01
2.413533973693847656e+01
1.999294281005859375e+01
2.230353927612304688e+01
3.217366409301757812e+01
2.447488975524902344e+01
1.836734390258789062e+01
2.069987106323242188e+01
2.287199592590332031e+01
3.214262771606445312e+01
3.752468872070312500e+01
2.419223976135253906e+01
9.737824440002441406e+00
4.614781951904296875e+01
2.169793701171875000e+01
1.893223190307617188e+01
2.841410827636718750e+01
2.016137886047363281e+01
2.429427337646484375e+01
5.030366516113281250e+01
1.326461791992187500e+01
2.472307205200195312e+01
5.067838668823242188e+01
3.999506378173828125e+01
1.348636817932128906e+01
2.303799629211425781e+01
2.402287673950195312e+01
2.130880165100097656e+01
2.842281723022460938e+01
1.753640365600585938e+01
2.634957504272460938e+01
3.223149871826171875e+01
5.057084655761718750e+01
3.333924484252929688e+01
2.285410690307617188e+01
5.072666168212890625e+01
1.955749702453613281e+01
1.473229408264160156e+01
2.856110382080078125e+01
1.256616401672363281e+01
9.689371109008789062e+00
2.240490722656250000e+01
1.643815612792968750e+01
2.247672080993652344e+01
1.995601272583007812e+01
2.009186172485351562e+01
2.595311737060546875e+01
2.163481140136718750e+01
1.462233924865722656e+01
8.589609146118164062e+00
3.853979492187500000e+01
1.937974739074707031e+01
1.610158348083496094e+01
3.393535614013671875e+01
1.875629806518554688e+01
2.100765991210937500e+01
2.345287704467773438e+01
2.265637397766113281e+01
2.283171081542968750e+01
8.510390281677246094e+00
1.879181289672851562e+01
2.389426612854003906e+01
3.922617721557617188e+01
1.253728103637695312e+01
4.928554534912109375e+01
2.394380760192871094e+01
9.349963188171386719e+00
1.991868209838867188e+01
2.495976829528808594e+01
2.357131767272949219e+01
1.952570724487304688e+01
2.885869407653808594e+01
1.750442504882812500e+01
3.581718444824218750e+01
2.316472053527832031e+01
1.860601234436035156e+01
2.154721641540527344e+01
2.054062461853027344e+01
4.982976531982421875e+01
2.446212959289550781e+01
1.433165836334228516e+01
4.963886260986328125e+01
2.043275451660156250e+01
2.761543846130371094e+01
1.926402473449707031e+01
1.003377819061279297e+01
2.064699554443359375e+01
2.069836235046386719e+01
2.277440643310546875e+01
4.496092224121093750e+01
4.153770446777343750e+01
3.313755798339843750e+01
3.635519027709960938e+01
1.766245841979980469e+01
2.354227638244628906e+01
2.501209831237792969e+01
2.278807640075683594e+01
2.454039955139160156e+01
4.768072891235351562e+01
2.199728012084960938e+01
2.156865119934082031e+01
1.125085449218750000e+01
1.742910003662109375e+01
2.628379058837890625e+01
3.532719039916992188e+01
2.435469627380371094e+01
2.059796905517578125e+01
2.174701499938964844e+01
1.772530364990234375e+01
2.071928024291992188e+01
1.915195274353027344e+01
1.511315536499023438e+01
1.426753425598144531e+01
1.707491302490234375e+01
1.347021961212158203e+01
4.833978652954101562e+00
1.844820785522460938e+01
2.547871208190917969e+01
1.862098312377929688e+01
1.418466377258300781e+01
3.423736190795898438e+01
1.236627101898193359e+01
2.163221359252929688e+01
1.575436210632324219e+01
2.542745018005371094e+01
2.875280761718750000e+01
1.763014602661132812e+01
5.181890106201171875e+01
2.135995292663574219e+01
9.660987854003906250e+00
3.323770904541015625e+01
2.273619461059570312e+01
1.518938827514648438e+01
1.896473503112792969e+01
2.375246810913085938e+01
2.249036407470703125e+01
1.940012168884277344e+01
1.617190170288085938e+01
1.789863395690917969e+01
2.608210945129394531e+01
2.119876670837402344e+01
1.644251632690429688e+01
1.915196228027343750e+01
1.895249938964843750e+01
1.946834564208984375e+01
4.023764038085937500e+01
1.666381454467773438e+01
3.314764022827148438e+01
2.197170066833496094e+01
1.108985042572021484e+01
2.337882041931152344e+01
1.735786056518554688e+01
3.177982330322265625e+01
1.375413799285888672e+01
2.417501831054687500e+01
1.885006332397460938e+01
1.146481513977050781e+01
1.925104904174804688e+01
2.873343276977539062e+01
1.436059856414794922e+01
1.782003974914550781e+01
2.406521797180175781e+01
2.317192077636718750e+01
1.597231864929199219e+01
1.968157196044921875e+01
4.504555511474609375e+01
2.293257522583007812e+01
2.092447662353515625e+01
4.379546356201171875e+01
1.596067523956298828e+01
1.946022033691406250e+01
3.379681777954101562e+01
8.070344924926757812e+00
8.189217567443847656e+00
1.348468494415283203e+01
1.765180778503417969e+01
1.661566543579101562e+01
1.177286720275878906e+01
2.341311645507812500e+01
8.720510482788085938e+00
3.018643569946289062e+01
1.614945220947265625e+01
1.339322471618652344e+01
1.760361099243164062e+01
2.134808158874511719e+01
6.435817718505859375e+00
1.457417106628417969e+01
1.878170013427734375e+01
4.458251190185546875e+01
3.100270462036132812e+01
2.210674285888671875e+01
1.707201004028320312e+01
3.228927993774414062e+01
2.297246170043945312e+01
1.881383323669433594e+01
1.490262222290039062e+01
2.420995903015136719e+01
1.649021720886230469e+01
2.316330146789550781e+01
1.663621139526367188e+01
1.984575080871582031e+01
1.921383285522460938e+01
1.475281143188476562e+01
3.182910156250000000e+01
1.846051025390625000e+01
1.677583503723144531e+01
2.496332550048828125e+01
2.321348190307617188e+01
2.021184730529785156e+01
2.485679817199707031e+01
1.979583740234375000e+01
2.561081504821777344e+01
2.027968788146972656e+01
2.002986145019531250e+01
2.188647651672363281e+01
2.759754180908203125e+01
9.318021774291992188e+00
1.873944282531738281e+01
2.378987121582031250e+01
4.942073822021484375e+01
1.332900810241699219e+01
2.071687889099121094e+01
2.344096755981445312e+01
3.286869049072265625e+01
