2.624100303649902344e+01
1.125593185424804688e+01
2.416682052612304688e+01
3.650917434692382812e+01
1.730986404418945312e+01
3.165705108642578125e+01
1.973771286010742188e+01
2.435469245910644531e+01
3.248035430908203125e+01
2.339090919494628906e+01
2.685090637207031250e+01
2.090155220031738281e+01
2.409121513366699219e+01
2.223271560668945312e+01
2.212460708618164062e+01
2.497633552551269531e+01
1.985853195190429688e+01
1.918809509277343750e+01
9.715140342712402344e+00
1.413776206970214844e+01
2.075569343566894531e+01
2.252146339416503906e+01
1.618036460876464844e+01
1.589064502716064453e+01
2.795083618164062500e+01
2.240187835693359375e+01
2.655228805541992188e+01
3.825096130371093750e+01
1.815707778930664062e+01
1.854502487182617188e+01
1.844830894470214844e+01
4.329778671264648438e+01
2.265381813049316406e+01
2.051886558532714844e+01
3.083896255493164062e+01
2.039856338500976562e+01
1.808193778991699219e+01
2.543699455261230469e+01
1.927793121337890625e+01
3.403244781494140625e+01
1.674850082397460938e+01
1.889635276794433594e+01
5.258328247070312500e+01
2.001143074035644531e+01
1.937871551513671875e+01
1.979655075073242188e+01
2.087487983703613281e+01
2.801725578308105469e+01
2.228738784790039062e+01
1.965373992919921875e+01
8.817575454711914062e+00
1.549090003967285156e+01
8.894011497497558594e+00
1.938234519958496094e+01
2.010723876953125000e+01
3.176643180847167969e+01
2.374505805969238281e+01
2.140610885620117188e+01
1.969355964660644531e+01
2.377178382873535156e+01
3.026722145080566406e+01
4.577486419677734375e+01
1.796380805969238281e+01
2.185524177551269531e+01
1.753159141540527344e+01
2.487177848815917969e+01
1.857335281372070312e+01
1.282938671112060547e+01
3.639878082275390625e+01
2.415454101562500000e+01
2.227857017517089844e+01
1.232865524291992188e+01
5.425983428955078125e+00
2.826631736755371094e+01
1.556103038787841797e+01
2.331415939331054688e+01
2.063074874877929688e+01
2.315879440307617188e+01
2.116117286682128906e+01
5.450083160400390625e+01
2.213849830627441406e+01
3.539971923828125000e+01
1.269109821319580078e+01
2.807076072692871094e+01
2.064826774597167969e+01
1.337991142272949219e+01
2.301401329040527344e+01
1.791316032409667969e+01
7.801390647888183594e+00
4.610190200805664062e+01
6.767948150634765625e+00
2.020750427246093750e+01
2.432855987548828125e+01
1.409578132629394531e+01
2.683680343627929688e+01
1.494078826904296875e+01
2.191463279724121094e+01
1.541757011413574219e+01
4.139384078979492188e+01
2.539242744445800781e+01
3.240200805664062500e+01
2.418748092651367188e+01
3.514817810058593750e+01
2.286065292358398438e+01
4.912879943847656250e+01
5.158310699462890625e+01
1.205335617065429688e+01
2.337331199645996094e+01
1.298475646972656250e+01
1.646865463256835938e+01
2.381997680664062500e+01
3.591980743408203125e+01
2.020186614990234375e+01
7.929664611816406250e+00
2.196713066101074219e+01
1.867158317565917969e+01
1.612855911254882812e+01
5.087724304199218750e+01
1.680986976623535156e+01
3.134387016296386719e+01
2.086942291259765625e+01
1.814515495300292969e+01
2.377000236511230469e+01
4.212188720703125000e+01
5.063966369628906250e+01
2.356378936767578125e+01
2.299559593200683594e+01
2.507786941528320312e+01
2.070608901977539062e+01
9.277884483337402344e+00
1.826828765869140625e+01
2.707097625732421875e+01
1.877962684631347656e+01
2.494897651672363281e+01
1.440676021575927734e+01
3.062203025817871094e+01
2.592656898498535156e+01
2.111174201965332031e+01
2.438143348693847656e+01
1.344400215148925781e+01
2.784217453002929688e+01
9.957076072692871094e+00
2.350800323486328125e+01
1.950721168518066406e+01
2.272314071655273438e+01
2.215445709228515625e+01
2.374573135375976562e+01
2.578412246704101562e+01
3.140433883666992188e+01
1.859867858886718750e+01
2.075944900512695312e+01
3.348594284057617188e+01
2.357534790039062500e+01
4.272615814208984375e+01
2.147499275207519531e+01
7.897218704223632812e+00
3.377712249755859375e+01
1.702751159667968750e+01
9.640674591064453125e+00
2.134694480895996094e+01
1.829046821594238281e+01
2.525634956359863281e+01
1.366637802124023438e+01
9.287585258483886719e+00
2.148850631713867188e+01
2.067894744873046875e+01
2.271375083923339844e+01
1.606486129760742188e+01
3.727814483642578125e+01
1.662508773803710938e+01
1.286331558227539062e+01
1.949215888977050781e+01
1.535061168670654297e+01
1.932629776000976562e+01
2.349081802368164062e+01
2.509480667114257812e+01
2.197030258178710938e+01
1.520491409301757812e+01
1.593321037292480469e+01
2.283591461181640625e+01
2.298977470397949219e+01
1.646400451660156250e+01
2.009221458435058594e+01
2.069329643249511719e+01
1.718452072143554688e+01
2.123149490356445312e+01
2.331235694885253906e+01
2.573269081115722656e+01
1.975305557250976562e+01
1.814948654174804688e+01
1.022041893005371094e+01
9.879959106445312500e+00
1.474317169189453125e+01
1.263994884490966797e+01
2.251881217956542969e+01
2.214427947998046875e+01
1.702641105651855469e+01
1.809422492980957031e+01
1.148936462402343750e+01
1.414069461822509766e+01
1.782409667968750000e+01
1.896221733093261719e+01
1.872753524780273438e+01
6.949552536010742188e+00
1.671372985839843750e+01
1.393341159820556641e+01
3.507244491577148438e+01
1.015281391143798828e+01
2.170932197570800781e+01
3.345642471313476562e+01
4.392062759399414062e+01
1.352732563018798828e+01
2.251247406005859375e+01
1.372295475006103516e+01
1.888947868347167969e+01
2.237586402893066406e+01
2.761204147338867188e+01
1.580086135864257812e+01
2.242559432983398438e+01
1.354504013061523438e+01
1.911716842651367188e+01
1.554661273956298828e+01
3.479695892333984375e+01
1.583176040649414062e+01
2.371612739562988281e+01
2.168701934814453125e+01
4.340714263916015625e+01
2.129727554321289062e+01
2.500580978393554688e+01
4.499712371826171875e+01
2.106724166870117188e+01
1.615174293518066406e+01
2.247374725341796875e+01
2.083652114868164062e+01
1.466944694519042969e+01
2.170604324340820312e+01
1.583860778808593750e+01
1.999729919433593750e+01
2.151211547851562500e+01
1.129554176330566406e+01
1.698952484130859375e+01
4.902244186401367188e+01
3.691109085083007812e+01
3.253719329833984375e+01
1.924583816528320312e+01
1.672156143188476562e+01
2.606223297119140625e+01
3.161263656616210938e+01
3.369141387939453125e+01
5.440114974975585938e+00
1.645242691040039062e+01
2.044510459899902344e+01
2.167685699462890625e+01
2.441668891906738281e+01
1.152633762359619141e+01
1.895427131652832031e+01
1.750322723388671875e+01
1.404186248779296875e+01
5.033734130859375000e+01
3.045871353149414062e+01
2.106166648864746094e+01
3.164383697509765625e+01
3.607758712768554688e+01
2.649379539489746094e+01
3.628829574584960938e+01
1.810783004760742188e+01
3.260691070556640625e+01
1.950982666015625000e+01
1.324805545806884766e+01
2.193589019775390625e+01
8.935861587524414062e+00
1.008091449737548828e+01
1.824714660644531250e+01
1.417706966400146484e+01
2.020600128173828125e+01
2.119942665100097656e+01
3.103673744201660156e+01
1.642211914062500000e+01
3.074734497070312500e+01
1.743194389343261719e+01
2.157519912719726562e+01
1.476295471191406250e+01
3.323049545288085938e+01
6.047080993652343750e+00
1.968503189086914062e+01
2.212742805480957031e+01
9.902247428894042969e+00
2.003005218505859375e+01
2.341257476806640625e+01
2.973709297180175781e+01
1.826918983459472656e+01
1.776851654052734375e+01
1.454958438873291016e+01
2.263541412353515625e+01
1.585260200500488281e+01
3.929447937011718750e+01
2.018344497680664062e+01
3.061247634887695312e+01
2.153089714050292969e+01
2.424907302856445312e+01
4.450189208984375000e+01
1.345290470123291016e+01
3.020767402648925781e+01
1.335157012939453125e+01
1.899224472045898438e+01
2.335084724426269531e+01
2.357849884033203125e+01
2.235543632507324219e+01
2.661569595336914062e+01
2.094421195983886719e+01
2.221873855590820312e+01
2.032435798645019531e+01
3.100333404541015625e+01
2.646977043151855469e+01
1.087601184844970703e+01
4.402583694458007812e+01
2.090123748779296875e+01
3.725270080566406250e+01
2.027182388305664062e+01
5.075733184814453125e+01
2.116994476318359375e+01
2.918122863769531250e+01
2.797287750244140625e+01
2.512138938903808594e+01
1.937524795532226562e+01
2.218094825744628906e+01
3.332973480224609375e+01
2.618922042846679688e+01
2.458283233642578125e+01
1.612507247924804688e+01
1.787546539306640625e+01
3.135321044921875000e+01
1.558175182342529297e+01
2.305777359008789062e+01
2.724668502807617188e+01
5.422794342041015625e+01
1.874420356750488281e+01
2.035941123962402344e+01
9.213728904724121094e+00
2.517295265197753906e+01
2.114657020568847656e+01
1.124270439147949219e+01
2.529606819152832031e+01
1.840829849243164062e+01
2.905569458007812500e+01
1.941351890563964844e+01
2.662909317016601562e+01
2.017515945434570312e+01
3.184466934204101562e+01
1.550102138519287109e+01
2.382880210876464844e+01
2.502990150451660156e+01
2.116936302185058594e+01
1.353816318511962891e+01
1.998057746887207031e+01
4.036142730712890625e+01
2.047607994079589844e+01
2.190492057800292969e+01
1.041437721252441406e+01
2.884385681152343750e+01
2.298503112792968750e+01
3.484512329101562500e+01
2.500042343139648438e+01
1.417147827148437500e+01
1.866864013671875000e+01
1.875133323669433594e+01
2.065399932861328125e+01
1.367697429656982422e+01
2.576123619079589844e+01
2.166893768310546875e+01
3.238206100463867188e+01
2.048178291320800781e+01
1.999335861206054688e+01
1.061046218872070312e+01
2.100238037109375000e+01
1.966456985473632812e+01
1.365530776977539062e+01
1.293103408813476562e+01
1.768976020812988281e+01
1.344934272766113281e+01
2.292597198486328125e+01
1.544762897491455078e+01
2.354066467285156250e+01
1.501079368591308594e+01
1.572327232360839844e+01
3.771955871582031250e+01
2.231125259399414062e+01
1.475425624847412109e+01
2.837696838378906250e+01
1.936200141906738281e+01
3.034667968750000000e+01
2.285996627807617188e+01
1.615401840209960938e+01
2.256184959411621094e+01
2.999896430969238281e+01
2.027052116394042969e+01
2.364467048645019531e+01
2.290972328186035156e+01
2.796171188354492188e+01
5.120672225952148438e+01
2.364166450500488281e+01
1.167780971527099609e+01
2.244579124450683594e+01
2.332446670532226562e+01
1.961542320251464844e+01
2.741892051696777344e+01
3.342585754394531250e+01
1.430624675750732422e+01
5.017217636108398438e+01
3.100626564025878906e+01
2.135247039794921875e+01
1.845671463012695312e+01
2.438445663452148438e+01
2.206307983398437500e+01
1.779961776733398438e+01
2.513986206054687500e+01
5.053452301025390625e+01
2.121951293945312500e+01
2.343292808532714844e+01
2.074103355407714844e+01
2.223371887207031250e+01
2.058099746704101562e+01
1.945297622680664062e+01
1.356957626342773438e+01
1.922205162048339844e+01
2.989154624938964844e+01
5.370643615722656250e+01
3.480442428588867188e+01
2.214390182495117188e+01
2.368376922607421875e+01
4.933596801757812500e+01
1.001074028015136719e+01
1.421293544769287109e+01
2.614990234375000000e+01
1.365436553955078125e+01
1.685110855102539062e+01
2.272161483764648438e+01
1.804736137390136719e+01
2.416243553161621094e+01
8.877494812011718750e+00
1.145429992675781250e+01
2.028598022460937500e+01
2.272408485412597656e+01
8.013163566589355469e+00
1.996965217590332031e+01
4.813092422485351562e+01
2.417857360839843750e+01
3.006729316711425781e+01
1.939465904235839844e+01
2.180578994750976562e+01
2.354755020141601562e+01
3.249792098999023438e+01
2.643919181823730469e+01
3.313167190551757812e+01
2.359232711791992188e+01
