2.399926757812500000e+01
1.197113895416259766e+01
1.905543899536132812e+01
1.667913627624511719e+01
1.931955528259277344e+01
2.102572441101074219e+01
2.305785369873046875e+01
2.835654067993164062e+01
1.832802200317382812e+01
9.808226585388183594e+00
2.186119461059570312e+01
9.679802894592285156e+00
2.056714630126953125e+01
2.407341575622558594e+01
3.315040206909179688e+01
1.385363006591796875e+01
2.632234191894531250e+01
7.050302505493164062e+00
1.765999221801757812e+01
1.104417037963867188e+01
2.163938713073730469e+01
2.455018615722656250e+01
1.602219009399414062e+01
2.307799911499023438e+01
4.801538848876953125e+01
3.122531127929687500e+01
1.808792304992675781e+01
6.747617721557617188e+00
2.661642265319824219e+01
1.945308113098144531e+01
1.699402046203613281e+01
1.918175888061523438e+01
2.115525627136230469e+01
2.802262687683105469e+01
1.820761871337890625e+01
2.258295249938964844e+01
3.654711914062500000e+01
1.919008064270019531e+01
2.516171264648437500e+01
1.854833793640136719e+01
2.388570404052734375e+01
1.539198493957519531e+01
1.892017936706542969e+01
3.485744476318359375e+01
8.197499275207519531e+00
1.132148456573486328e+01
1.946497726440429688e+01
1.768740081787109375e+01
2.308674430847167969e+01
2.913406372070312500e+01
2.877104949951171875e+01
3.171615219116210938e+01
2.917349815368652344e+01
3.021755218505859375e+01
2.101329040527343750e+01
3.073467636108398438e+01
4.775367736816406250e+01
1.565093231201171875e+01
1.205045127868652344e+01
2.249870872497558594e+01
1.323052597045898438e+01
1.573489379882812500e+01
1.499568939208984375e+01
3.275337600708007812e+01
1.009186077117919922e+01
2.840323257446289062e+01
2.052868270874023438e+01
3.347474670410156250e+01
2.614815711975097656e+01
3.140340805053710938e+01
2.131615257263183594e+01
1.368198680877685547e+01
3.094939422607421875e+01
2.417847442626953125e+01
2.280904197692871094e+01
2.596714019775390625e+01
1.742482376098632812e+01
3.926237106323242188e+00
1.461814498901367188e+01
9.685812950134277344e+00
1.479682922363281250e+01
8.929124832153320312e+00
5.033165359497070312e+01
2.280858802795410156e+01
2.373936843872070312e+01
1.884917831420898438e+01
1.538051605224609375e+01
2.495193099975585938e+01
1.536610603332519531e+01
1.869839286804199219e+01
2.047842407226562500e+01
1.861408996582031250e+01
4.482145309448242188e+00
2.193260574340820312e+01
2.024562263488769531e+01
4.168780517578125000e+01
2.455623626708984375e+01
2.398184204101562500e+01
1.978890800476074219e+01
4.542149734497070312e+01
4.823305130004882812e+01
4.045907211303710938e+01
2.193208885192871094e+01
2.458719635009765625e+01
2.190154266357421875e+01
1.912895393371582031e+01
3.543862915039062500e+01
2.079540061950683594e+01
4.756452941894531250e+01
1.584991264343261719e+01
2.383620834350585938e+01
3.389595794677734375e+01
1.779795837402343750e+01
4.287528228759765625e+01
2.413728523254394531e+01
1.757601547241210938e+01
2.401431274414062500e+01
1.582114028930664062e+01
1.507930374145507812e+01
2.157905960083007812e+01
1.379038047790527344e+01
2.102169418334960938e+01
1.193919181823730469e+01
1.997447395324707031e+01
3.042172431945800781e+01
1.167625045776367188e+01
2.497679519653320312e+01
5.264825439453125000e+01
2.916006851196289062e+01
1.581297683715820312e+01
1.946596336364746094e+01
1.154434108734130859e+01
2.044663238525390625e+01
3.844226074218750000e+01
1.960373306274414062e+01
2.522091102600097656e+01
1.379845046997070312e+01
1.319029808044433594e+01
2.437200736999511719e+01
2.016941070556640625e+01
2.417615127563476562e+01
2.269598197937011719e+01
1.736035537719726562e+01
1.871092796325683594e+01
1.621366691589355469e+01
2.361906814575195312e+01
1.076713466644287109e+01
2.116417121887207031e+01
1.238272762298583984e+01
2.147770690917968750e+01
2.857913398742675781e+01
4.441203308105468750e+01
1.613460350036621094e+01
2.131528282165527344e+01
1.696937179565429688e+01
3.851640319824218750e+01
1.834397125244140625e+01
2.452326011657714844e+01
1.682897186279296875e+01
2.757063484191894531e+01
3.315721511840820312e+01
1.523103427886962891e+01
1.129201602935791016e+01
1.716463851928710938e+01
2.272382354736328125e+01
2.305179405212402344e+01
2.452489089965820312e+01
3.207942581176757812e+01
1.692591285705566406e+01
8.024865150451660156e+00
1.660187530517578125e+01
2.369203758239746094e+01
1.694224548339843750e+01
2.605760574340820312e+01
2.495717239379882812e+01
4.830555725097656250e+01
2.690546989440917969e+01
3.062019920349121094e+01
1.840949249267578125e+01
3.066489601135253906e+01
1.826984786987304688e+01
3.519697570800781250e+01
3.312767028808593750e+01
8.121205329895019531e+00
1.867237663269042969e+01
2.157089233398437500e+01
5.003945159912109375e+01
2.400434684753417969e+01
5.215982055664062500e+01
2.818183135986328125e+01
2.722378158569335938e+01
1.045009136199951172e+01
1.509368515014648438e+01
2.486113166809082031e+01
3.623846054077148438e+01
1.407358837127685547e+01
3.650623321533203125e+01
2.041707229614257812e+01
2.748600959777832031e+01
1.802867126464843750e+01
1.624450111389160156e+01
1.967645454406738281e+01
1.329371643066406250e+01
3.257376861572265625e+01
3.465166473388671875e+01
2.059135627746582031e+01
8.922972679138183594e+00
1.373888206481933594e+01
1.463252639770507812e+01
2.967327117919921875e+01
2.338777542114257812e+01
2.168535804748535156e+01
4.261736297607421875e+01
1.388475894927978516e+01
1.432377433776855469e+01
1.225896835327148438e+01
2.057958793640136719e+01
2.180219841003417969e+01
3.180707740783691406e+01
2.215586853027343750e+01
1.979092788696289062e+01
1.327505207061767578e+01
1.733792114257812500e+01
1.681111717224121094e+01
2.151773071289062500e+01
2.550443458557128906e+01
1.801263427734375000e+01
5.120690536499023438e+01
1.699337005615234375e+01
2.113241577148437500e+01
1.327696228027343750e+01
2.140217208862304688e+01
2.135271835327148438e+01
1.790121650695800781e+01
2.747412490844726562e+01
3.560432815551757812e+01
1.590654563903808594e+01
8.065025329589843750e+00
2.054058456420898438e+01
1.562235450744628906e+01
1.858622741699218750e+01
1.379822635650634766e+01
4.923583984375000000e+01
4.000548553466796875e+01
1.865258789062500000e+01
2.227651786804199219e+01
1.846437454223632812e+01
1.358167362213134766e+01
2.067108726501464844e+01
1.533365249633789062e+01
2.058591461181640625e+01
3.053043746948242188e+01
1.964047431945800781e+01
2.839855003356933594e+01
1.579751968383789062e+01
1.501319789886474609e+01
2.185806465148925781e+01
4.623589324951171875e+01
2.008104896545410156e+01
2.426320266723632812e+01
2.287191772460937500e+01
9.231639862060546875e+00
3.175442504882812500e+01
3.522299957275390625e+01
2.421512031555175781e+01
1.385721397399902344e+01
2.170940399169921875e+01
1.526926422119140625e+01
1.926983261108398438e+01
4.815661621093750000e+01
1.695905303955078125e+01
4.316437530517578125e+01
3.317577362060546875e+01
1.082201576232910156e+01
1.946102333068847656e+01
2.323164176940917969e+01
2.676991271972656250e+01
3.451600646972656250e+01
1.228887844085693359e+01
2.003466987609863281e+01
2.258209991455078125e+01
1.413016605377197266e+01
2.169248390197753906e+01
2.465287971496582031e+01
1.368063735961914062e+01
2.557694625854492188e+01
2.047424316406250000e+01
2.132543182373046875e+01
4.421221923828125000e+01
3.702589416503906250e+01
3.449317932128906250e+01
1.966789245605468750e+01
2.430601882934570312e+01
1.366168880462646484e+01
2.099846458435058594e+01
2.241175460815429688e+01
2.082677841186523438e+01
2.099265289306640625e+01
2.023730278015136719e+01
1.450725555419921875e+01
1.867661476135253906e+01
2.171127510070800781e+01
1.981686782836914062e+01
2.413809967041015625e+01
3.451333618164062500e+01
1.200579071044921875e+01
1.415234756469726562e+01
1.989352416992187500e+01
1.878410530090332031e+01
3.981290435791015625e+01
2.324188423156738281e+01
1.164243316650390625e+01
1.252106761932373047e+01
2.132505607604980469e+01
2.589781188964843750e+01
1.170590782165527344e+01
2.397816085815429688e+01
2.784188842773437500e+01
2.200419044494628906e+01
2.363402748107910156e+01
2.276098060607910156e+01
1.992238044738769531e+01
1.603321647644042969e+01
1.693022346496582031e+01
3.202039337158203125e+01
2.065921783447265625e+01
8.441297531127929688e+00
2.340878295898437500e+01
1.328147220611572266e+01
2.419308090209960938e+01
1.963940429687500000e+01
1.871664810180664062e+01
1.681694221496582031e+01
2.053313255310058594e+01
4.900304794311523438e+01
1.385705184936523438e+01
4.968371963500976562e+01
1.448426532745361328e+01
9.759745597839355469e+00
2.437557220458984375e+01
2.119001007080078125e+01
1.977813911437988281e+01
2.557196044921875000e+01
1.232625770568847656e+01
1.944176292419433594e+01
3.033842277526855469e+01
1.973584365844726562e+01
2.393536186218261719e+01
1.578096389770507812e+01
9.499336242675781250e+00
1.881910324096679688e+01
3.533672332763671875e+01
2.151923179626464844e+01
2.374401283264160156e+01
2.051022720336914062e+01
2.166869163513183594e+01
2.220554924011230469e+01
4.471788787841796875e+01
1.849299621582031250e+01
3.334976959228515625e+01
2.200547218322753906e+01
1.551496505737304688e+01
1.693148612976074219e+01
3.392602920532226562e+01
1.007327175140380859e+01
2.057759857177734375e+01
2.056598281860351562e+01
1.747548294067382812e+01
2.360043525695800781e+01
1.191125106811523438e+01
2.095404052734375000e+01
2.142518615722656250e+01
1.806696319580078125e+01
3.469527053833007812e+01
2.393082046508789062e+01
1.928178215026855469e+01
2.539887237548828125e+01
2.750378990173339844e+01
3.256101989746093750e+01
2.453680038452148438e+01
1.008351898193359375e+01
1.652799415588378906e+01
2.113884544372558594e+01
2.600898933410644531e+01
2.092491912841796875e+01
2.299580001831054688e+01
3.010616302490234375e+01
2.163348007202148438e+01
3.046015357971191406e+01
3.084125900268554688e+01
2.276379966735839844e+01
2.136953735351562500e+01
2.002292060852050781e+01
1.448902034759521484e+01
1.363455390930175781e+01
2.318402671813964844e+01
3.266130065917968750e+01
2.628006553649902344e+01
1.987577438354492188e+01
1.383803081512451172e+01
1.957193565368652344e+01
1.565920257568359375e+01
2.129231071472167969e+01
2.314222717285156250e+01
2.371178627014160156e+01
2.027776145935058594e+01
2.170414161682128906e+01
1.924654388427734375e+01
2.003718757629394531e+01
6.520356178283691406e+00
1.717570686340332031e+01
7.286427497863769531e+00
1.716969299316406250e+01
2.331698608398437500e+01
2.168451690673828125e+01
1.536804008483886719e+01
4.752368927001953125e+01
1.820014381408691406e+01
1.774130630493164062e+01
3.342211914062500000e+01
2.257931327819824219e+01
1.902628326416015625e+01
2.124477577209472656e+01
8.868053436279296875e+00
1.938634109497070312e+01
2.157363510131835938e+01
2.543390846252441406e+01
2.211985969543457031e+01
7.269937515258789062e+00
1.243958187103271484e+01
7.831024169921875000e+00
9.600344657897949219e+00
3.853636169433593750e+01
1.259024810791015625e+01
1.994788551330566406e+01
2.800323677062988281e+01
2.469893264770507812e+01
2.379343605041503906e+01
2.720991897583007812e+01
1.336243724822998047e+01
2.314480781555175781e+01
2.771265411376953125e+01
9.262134552001953125e+00
1.791481399536132812e+01
1.623349761962890625e+01
8.949345588684082031e+00
1.954462051391601562e+01
2.307474136352539062e+01
3.325501632690429688e+01
2.069539451599121094e+01
8.804117202758789062e+00
1.898656272888183594e+01
1.588591575622558594e+01
1.934612655639648438e+01
7.323330879211425781e+00
