3.430042266845703125e+01
3.403861236572265625e+01
1.884454345703125000e+01
2.267154693603515625e+01
2.444937133789062500e+01
2.371486473083496094e+01
2.543653297424316406e+01
3.020590782165527344e+01
2.351476860046386719e+01
4.134143447875976562e+01
1.707360267639160156e+01
3.903062438964843750e+01
8.528879165649414062e+00
3.953823471069335938e+01
1.664832115173339844e+01
1.078603553771972656e+01
2.013116645812988281e+01
2.812388420104980469e+01
1.880216979980468750e+01
3.673191452026367188e+01
2.198431968688964844e+01
1.064946079254150391e+01
3.496948623657226562e+01
1.550045680999755859e+01
1.943001365661621094e+01
2.306217765808105469e+01
2.770694351196289062e+01
2.489684867858886719e+01
2.322539710998535156e+01
4.373551940917968750e+01
4.634846115112304688e+01
2.580863571166992188e+01
1.976522064208984375e+01
2.004681396484375000e+01
2.432181739807128906e+01
2.711402511596679688e+01
3.673392868041992188e+01
2.796362304687500000e+01
2.099528312683105469e+01
2.461648368835449219e+01
2.390450096130371094e+01
2.429249954223632812e+01
1.527086257934570312e+01
3.326374053955078125e+01
1.747823715209960938e+01
2.429374122619628906e+01
2.304153633117675781e+01
2.113189125061035156e+01
2.111942863464355469e+01
2.287505912780761719e+01
1.672027206420898438e+01
2.058079147338867188e+01
2.804067993164062500e+01
2.054474639892578125e+01
2.273060226440429688e+01
3.020155906677246094e+01
1.170778179168701172e+01
2.458807945251464844e+01
1.797721481323242188e+01
3.102116775512695312e+01
4.203635406494140625e+01
1.778084754943847656e+01
1.947206115722656250e+01
2.888854217529296875e+01
1.482033920288085938e+01
3.548474884033203125e+01
2.508045768737792969e+01
2.021452903747558594e+01
1.620559310913085938e+01
2.066843795776367188e+01
1.920348930358886719e+01
1.653375244140625000e+01
2.149336242675781250e+01
1.740556335449218750e+01
1.583793830871582031e+01
1.989020919799804688e+01
2.256007003784179688e+01
1.723450469970703125e+01
2.270061111450195312e+01
2.243749237060546875e+01
9.233133316040039062e+00
1.021503734588623047e+01
3.030766487121582031e+01
4.331935882568359375e+01
4.062838745117187500e+01
2.989293479919433594e+01
1.835551834106445312e+01
2.120310020446777344e+01
3.192807769775390625e+01
1.249328327178955078e+01
1.949223899841308594e+01
2.449562263488769531e+01
2.944561576843261719e+01
2.416951560974121094e+01
2.905562210083007812e+01
1.974960517883300781e+01
1.436512565612792969e+01
1.534420776367187500e+01
2.491111564636230469e+01
2.329483032226562500e+01
1.457406616210937500e+01
2.746048355102539062e+01
2.449800682067871094e+01
2.332530975341796875e+01
2.187941932678222656e+01
1.613902091979980469e+01
1.112444972991943359e+01
3.317057037353515625e+01
2.134469413757324219e+01
2.315784835815429688e+01
1.812755584716796875e+01
1.021584224700927734e+01
1.614416503906250000e+01
1.949160575866699219e+01
5.049477386474609375e+01
8.448150634765625000e+00
1.982321166992187500e+01
1.971308898925781250e+01
2.319536018371582031e+01
2.352200126647949219e+01
2.049632453918457031e+01
2.091836357116699219e+01
2.478376579284667969e+01
2.066073417663574219e+01
1.857427978515625000e+01
1.980092239379882812e+01
2.156239891052246094e+01
2.345381546020507812e+01
2.074769210815429688e+01
2.481612205505371094e+01
1.604068946838378906e+01
1.229236412048339844e+01
2.380189514160156250e+01
1.117033004760742188e+01
3.076443672180175781e+01
1.976594161987304688e+01
1.986791992187500000e+01
4.137724304199218750e+01
2.154209518432617188e+01
8.689886093139648438e+00
2.388880157470703125e+01
2.001589012145996094e+01
2.187030220031738281e+01
2.707300758361816406e+01
6.913951873779296875e+00
1.762130355834960938e+01
2.300882148742675781e+01
4.446927261352539062e+01
2.016368103027343750e+01
1.749619674682617188e+01
1.088139820098876953e+01
2.432192230224609375e+01
9.775065422058105469e+00
2.563224220275878906e+01
1.710484504699707031e+01
4.812768554687500000e+01
1.594285202026367188e+01
3.634997558593750000e+01
1.944471740722656250e+01
2.800432395935058594e+01
1.513463306427001953e+01
1.928532218933105469e+01
2.382157325744628906e+01
1.671943664550781250e+01
5.204945373535156250e+01
9.171203613281250000e+00
1.908999824523925781e+01
3.580670928955078125e+01
1.953739166259765625e+01
2.400197601318359375e+01
2.324661827087402344e+01
3.535108947753906250e+01
4.926932907104492188e+01
1.111647415161132812e+01
2.092935371398925781e+01
1.916763877868652344e+01
1.304387283325195312e+01
1.497800827026367188e+01
1.934021377563476562e+01
2.203062438964843750e+01
1.499009895324707031e+01
4.762129974365234375e+01
2.033421134948730469e+01
2.342033386230468750e+01
1.921138191223144531e+01
3.001713180541992188e+01
1.257680225372314453e+01
2.303237152099609375e+01
1.552607250213623047e+01
3.047121238708496094e+01
2.217256546020507812e+01
1.870964813232421875e+01
2.769800376892089844e+01
2.225401115417480469e+01
1.470809173583984375e+01
1.613917350769042969e+01
7.886747360229492188e+00
2.325265312194824219e+01
1.773596191406250000e+01
1.679302215576171875e+01
1.287611103057861328e+01
2.346218490600585938e+01
2.162543869018554688e+01
2.284694862365722656e+01
1.188095569610595703e+01
2.514046859741210938e+01
7.959328651428222656e+00
4.327935791015625000e+01
1.067612075805664062e+01
2.231583976745605469e+01
2.013928985595703125e+01
2.089292335510253906e+01
3.406281280517578125e+01
2.203913497924804688e+01
2.323905563354492188e+01
1.831634140014648438e+01
1.590347290039062500e+01
1.488816165924072266e+01
3.138241004943847656e+01
1.951729583740234375e+01
7.577254295349121094e+00
1.896671676635742188e+01
1.882869911193847656e+01
1.435973930358886719e+01
1.560319709777832031e+01
2.981919097900390625e+01
1.113596820831298828e+01
3.449810791015625000e+01
1.031326484680175781e+01
1.894889640808105469e+01
3.518205261230468750e+01
2.265874862670898438e+01
1.839619445800781250e+01
1.873394203186035156e+01
2.307202529907226562e+01
1.751698493957519531e+01
1.376233768463134766e+01
1.674254608154296875e+01
3.356274414062500000e+01
2.882015991210937500e+01
2.520745468139648438e+01
1.689508438110351562e+01
2.117787551879882812e+01
1.302913761138916016e+01
2.544326019287109375e+01
2.451341247558593750e+01
1.568330097198486328e+01
2.225061988830566406e+01
2.208658790588378906e+01
2.341622161865234375e+01
1.489688873291015625e+01
1.873063850402832031e+01
1.903042411804199219e+01
2.438806724548339844e+01
1.875530624389648438e+01
1.182271480560302734e+01
1.531533622741699219e+01
1.822869873046875000e+01
1.769917106628417969e+01
1.981466674804687500e+01
2.344647407531738281e+01
2.145798110961914062e+01
4.800559997558593750e+01
3.096812057495117188e+01
1.236542034149169922e+01
2.477334976196289062e+01
1.680027580261230469e+01
1.494962120056152344e+01
1.394243717193603516e+01
2.771474838256835938e+01
1.722708320617675781e+01
1.611148452758789062e+01
1.885737228393554688e+01
1.728378677368164062e+01
2.327227210998535156e+01
2.085151863098144531e+01
1.872002792358398438e+01
2.194006919860839844e+01
8.935153007507324219e+00
1.356214427947998047e+01
1.299890327453613281e+01
2.286442756652832031e+01
1.891802406311035156e+01
1.931841659545898438e+01
1.124158573150634766e+01
2.355207061767578125e+01
2.035098648071289062e+01
3.197086715698242188e+01
2.379038429260253906e+01
5.158106994628906250e+01
2.492975616455078125e+01
2.684798240661621094e+01
1.491891288757324219e+01
2.550889205932617188e+01
2.073495674133300781e+01
1.414021778106689453e+01
1.220195007324218750e+01
4.922378540039062500e+01
8.478778839111328125e+00
4.825836181640625000e+01
2.330907058715820312e+01
2.042782592773437500e+01
3.426875686645507812e+01
1.360432910919189453e+01
1.570523643493652344e+01
1.261077022552490234e+01
2.497535324096679688e+01
2.410142517089843750e+01
4.758867645263671875e+01
1.626223754882812500e+01
1.081442260742187500e+01
3.558664703369140625e+01
3.314874649047851562e+01
2.257795333862304688e+01
2.809448051452636719e+01
2.803754425048828125e+01
1.110929203033447266e+01
3.203606796264648438e+01
2.194109725952148438e+01
2.904589271545410156e+01
2.612529563903808594e+01
2.391344642639160156e+01
2.637711524963378906e+01
3.203330230712890625e+01
1.747134399414062500e+01
1.964043426513671875e+01
3.512195587158203125e+01
2.342102050781250000e+01
2.455677032470703125e+01
1.689423751831054688e+01
2.071920585632324219e+01
3.621849060058593750e+01
2.190246391296386719e+01
1.287491226196289062e+01
3.602119445800781250e+01
2.682627105712890625e+01
2.723839187622070312e+01
2.402669143676757812e+01
1.579021072387695312e+01
1.498345470428466797e+01
2.911625289916992188e+01
2.255516052246093750e+01
2.675989913940429688e+01
3.310923004150390625e+01
2.681335449218750000e+01
1.830756759643554688e+01
1.951183128356933594e+01
1.317139339447021484e+01
1.804104042053222656e+01
1.598070526123046875e+01
1.449414157867431641e+01
2.038645935058593750e+01
2.438030242919921875e+01
2.053148841857910156e+01
2.428000831604003906e+01
4.570331573486328125e+01
1.961540222167968750e+01
1.724338340759277344e+01
4.951231765747070312e+01
3.402959060668945312e+01
1.898978233337402344e+01
2.384449768066406250e+01
4.427758407592773438e+01
1.944361495971679688e+01
4.349679183959960938e+01
3.003506278991699219e+01
1.812376022338867188e+01
9.873196601867675781e+00
1.742104721069335938e+01
2.211729621887207031e+01
8.986644744873046875e+00
2.032916831970214844e+01
2.379352569580078125e+01
2.008627128601074219e+01
2.126079750061035156e+01
1.378563117980957031e+01
1.519001579284667969e+01
8.307508468627929688e+00
2.024946975708007812e+01
3.219179534912109375e+01
1.923805046081542969e+01
5.094850158691406250e+01
1.718402862548828125e+01
1.837411880493164062e+01
1.704158401489257812e+01
1.902469444274902344e+01
1.432624053955078125e+01
2.338129234313964844e+01
1.864714241027832031e+01
2.250314903259277344e+01
2.115869712829589844e+01
2.174052619934082031e+01
2.128795623779296875e+01
1.589929771423339844e+01
7.673510551452636719e+00
2.151287651062011719e+01
2.249083900451660156e+01
1.861817169189453125e+01
1.420566177368164062e+01
3.520597457885742188e+01
1.756622886657714844e+01
1.817603874206542969e+01
1.739140510559082031e+01
1.391712856292724609e+01
1.318933582305908203e+01
1.349706554412841797e+01
2.307562065124511719e+01
1.882872390747070312e+01
2.224947357177734375e+01
1.257363224029541016e+01
2.000201225280761719e+01
5.980133056640625000e+00
1.862347030639648438e+01
2.660007667541503906e+01
1.812004661560058594e+01
3.258704757690429688e+01
2.076643371582031250e+01
2.057357215881347656e+01
4.959219360351562500e+01
2.263541412353515625e+01
2.105496597290039062e+01
2.831016159057617188e+01
1.504483413696289062e+01
1.955790328979492188e+01
2.423833465576171875e+01
2.100909233093261719e+01
2.528648376464843750e+01
2.881504440307617188e+01
2.220643234252929688e+01
1.977834701538085938e+01
2.331208992004394531e+01
1.878184700012207031e+01
2.861523818969726562e+01
2.228619194030761719e+01
1.521061515808105469e+01
1.769904136657714844e+01
2.069316101074218750e+01
1.578701019287109375e+01
2.067263031005859375e+01
1.173350238800048828e+01
3.220975112915039062e+01
2.100880241394042969e+01
2.180589294433593750e+01
1.505313301086425781e+01
2.254493141174316406e+01
1.718093872070312500e+01
2.167553520202636719e+01
4.049699401855468750e+01
2.374464416503906250e+01
2.873332214355468750e+01
2.526976203918457031e+01
1.996531677246093750e+01
2.130407714843750000e+01
1.045347881317138672e+01
5.063615417480468750e+01
