2.394399833679199219e+01
1.886525917053222656e+01
1.974291610717773438e+01
2.025005722045898438e+01
1.050432491302490234e+01
1.768309211730957031e+01
3.406887435913085938e+01
4.719509887695312500e+01
1.837839889526367188e+01
3.533119201660156250e+01
4.036813735961914062e+01
2.006993675231933594e+01
1.505017375946044922e+01
1.646200370788574219e+01
9.612971305847167969e+00
1.366649627685546875e+01
7.832876205444335938e+00
1.755736541748046875e+01
5.135988616943359375e+01
2.597647285461425781e+01
3.256829071044921875e+01
2.378269958496093750e+01
6.971082687377929688e+00
2.578944015502929688e+01
2.436558723449707031e+01
1.319911289215087891e+01
1.722304725646972656e+01
3.288533020019531250e+01
4.618515396118164062e+01
5.012171173095703125e+01
2.898746109008789062e+01
2.487993621826171875e+01
1.735265159606933594e+01
1.048910140991210938e+01
1.633489418029785156e+01
2.406210136413574219e+01
1.202852344512939453e+01
3.368835449218750000e+01
1.738449478149414062e+01
1.486782455444335938e+01
2.899056434631347656e+01
1.308100032806396484e+01
2.348990058898925781e+01
1.035630989074707031e+01
1.266256713867187500e+01
7.237446784973144531e+00
2.317024040222167969e+01
1.215741443634033203e+01
2.118436241149902344e+01
1.977805328369140625e+01
1.691959953308105469e+01
1.465689468383789062e+01
9.466620445251464844e+00
1.800369071960449219e+01
1.570985507965087891e+01
1.797380256652832031e+01
1.350566577911376953e+01
2.450231361389160156e+01
8.630852699279785156e+00
2.413116264343261719e+01
1.327230072021484375e+01
3.542092514038085938e+01
7.237597465515136719e+00
2.457748794555664062e+01
2.131885528564453125e+01
7.463170051574707031e+00
3.579035186767578125e+01
1.190371036529541016e+01
1.369462871551513672e+01
3.462856674194335938e+01
3.672282791137695312e+01
1.515588951110839844e+01
5.018408584594726562e+01
1.613786697387695312e+01
2.154214859008789062e+01
2.100681686401367188e+01
1.917056274414062500e+01
2.068561553955078125e+01
4.380655288696289062e+01
2.321055603027343750e+01
3.578846359252929688e+01
7.460398674011230469e+00
2.970496559143066406e+01
2.905398368835449219e+01
2.338778305053710938e+01
1.985753250122070312e+01
3.696974563598632812e+01
2.168407440185546875e+01
2.760978698730468750e+01
6.907632827758789062e+00
1.420414733886718750e+01
1.989126396179199219e+01
2.779118156433105469e+01
1.685457611083984375e+01
3.330854797363281250e+01
1.233985519409179688e+01
8.106045722961425781e+00
2.850234413146972656e+01
1.678807449340820312e+01
9.248494148254394531e+00
2.214056205749511719e+01
2.418473243713378906e+01
2.158587074279785156e+01
3.252010726928710938e+01
2.139615249633789062e+01
1.543633651733398438e+01
3.011020851135253906e+01
3.077961921691894531e+01
2.705079650878906250e+01
2.494554138183593750e+01
2.711100006103515625e+01
9.026659011840820312e+00
1.973585891723632812e+01
1.355407333374023438e+01
3.322238540649414062e+01
2.083091354370117188e+01
2.420889282226562500e+01
7.808694839477539062e+00
1.618730735778808594e+01
2.317925453186035156e+01
2.011143875122070312e+01
1.852163314819335938e+01
1.886003112792968750e+01
1.391473579406738281e+01
1.765955352783203125e+01
2.515517997741699219e+01
1.856861877441406250e+01
2.329214286804199219e+01
2.446530151367187500e+01
2.178762054443359375e+01
5.181896209716796875e+01
1.570866584777832031e+01
1.808777427673339844e+01
2.387313652038574219e+01
1.955980682373046875e+01
1.505083656311035156e+01
2.832130432128906250e+01
2.248380279541015625e+01
4.876587677001953125e+01
8.963354110717773438e+00
1.324923515319824219e+01
2.176449394226074219e+01
2.452031898498535156e+01
3.268513488769531250e+01
1.834883117675781250e+01
1.269071674346923828e+01
2.031776237487792969e+01
1.180787944793701172e+01
2.463691902160644531e+01
2.031250762939453125e+01
2.221022987365722656e+01
4.927380752563476562e+01
3.299500656127929688e+01
1.943967628479003906e+01
2.214222526550292969e+01
1.982564926147460938e+01
2.297172546386718750e+01
2.177727317810058594e+01
1.547035312652587891e+01
2.090303039550781250e+01
2.004279136657714844e+01
1.503350448608398438e+01
1.343744659423828125e+01
1.225746154785156250e+01
4.201026153564453125e+01
2.097251701354980469e+01
2.016244125366210938e+01
4.942021179199218750e+01
2.576354598999023438e+01
1.465747261047363281e+01
3.301686859130859375e+01
2.004150390625000000e+01
2.205119705200195312e+01
1.851881217956542969e+01
1.284069919586181641e+01
2.240896606445312500e+01
1.215830612182617188e+01
1.127808475494384766e+01
1.832393836975097656e+01
2.518249511718750000e+01
3.884639739990234375e+01
2.210272026062011719e+01
3.998121643066406250e+01
1.582637977600097656e+01
2.311033248901367188e+01
2.465061569213867188e+01
2.557207298278808594e+01
2.727079010009765625e+01
9.002793312072753906e+00
2.576175498962402344e+01
3.360613250732421875e+01
5.124763488769531250e+00
3.311378479003906250e+01
2.248976516723632812e+01
1.762223625183105469e+01
3.250760650634765625e+01
2.963556671142578125e+01
4.974665069580078125e+01
1.852158546447753906e+01
1.880223846435546875e+01
2.293531227111816406e+01
2.615533447265625000e+01
2.828961753845214844e+01
1.025245189666748047e+01
9.387994766235351562e+00
1.619233703613281250e+01
2.000867652893066406e+01
1.843069076538085938e+01
2.793180847167968750e+01
4.447147369384765625e+01
1.156883716583251953e+01
2.321117210388183594e+01
2.423634719848632812e+01
2.106797599792480469e+01
1.452114582061767578e+01
1.857600021362304688e+01
2.152161788940429688e+01
2.062484359741210938e+01
1.931272888183593750e+01
1.407217502593994141e+01
1.150530242919921875e+01
1.939563751220703125e+01
2.156299209594726562e+01
5.065866088867187500e+01
2.384284210205078125e+01
3.749042510986328125e+01
2.884471893310546875e+01
2.029939270019531250e+01
1.238327693939208984e+01
2.330831909179687500e+01
2.289440345764160156e+01
2.139118003845214844e+01
2.312421798706054688e+01
2.922483062744140625e+01
2.179768180847167969e+01
2.115979003906250000e+01
1.944719123840332031e+01
2.616656875610351562e+01
2.337606811523437500e+01
4.703311157226562500e+01
1.745212936401367188e+01
2.353208923339843750e+01
2.493826675415039062e+01
3.669738388061523438e+01
4.658016586303710938e+01
1.929802894592285156e+01
3.397849273681640625e+01
1.619538307189941406e+01
6.958530426025390625e+00
2.430488014221191406e+01
4.844219207763671875e+01
1.052410984039306641e+01
2.556601524353027344e+01
2.138268280029296875e+01
1.672808456420898438e+01
1.779882049560546875e+01
1.876432609558105469e+01
1.416284084320068359e+01
2.244435882568359375e+01
2.137164115905761719e+01
2.632889938354492188e+01
9.881973266601562500e+00
1.197077846527099609e+01
6.522279739379882812e+00
2.344571495056152344e+01
1.912596893310546875e+01
3.444633865356445312e+01
3.204949951171875000e+01
2.078715133666992188e+01
6.259582519531250000e+00
2.212753868103027344e+01
1.649666023254394531e+01
2.298065948486328125e+01
1.593345069885253906e+01
4.909571838378906250e+01
2.112978363037109375e+01
2.300652885437011719e+01
2.587641334533691406e+01
1.374087333679199219e+01
1.888812446594238281e+01
3.682300567626953125e+01
1.773158264160156250e+01
1.341434288024902344e+01
1.575313758850097656e+01
3.297836303710937500e+01
3.247579193115234375e+01
2.390426445007324219e+01
3.315016174316406250e+01
2.119929504394531250e+01
1.834880638122558594e+01
2.012333106994628906e+01
1.453844261169433594e+01
2.652413558959960938e+01
2.366022109985351562e+01
2.375176429748535156e+01
2.034038925170898438e+01
1.920681953430175781e+01
2.553587341308593750e+01
2.318550872802734375e+01
2.105920219421386719e+01
3.542403411865234375e+01
5.081060409545898438e+00
2.007396316528320312e+01
2.261503601074218750e+01
2.558889198303222656e+01
2.339133262634277344e+01
1.755232048034667969e+01
2.571407318115234375e+01
2.835908889770507812e+01
1.580703735351562500e+01
1.336108684539794922e+01
1.936518096923828125e+01
1.341791820526123047e+01
1.438392353057861328e+01
4.780158615112304688e+01
1.020524501800537109e+01
1.444068050384521484e+01
1.553990077972412109e+01
1.728711318969726562e+01
3.026461791992187500e+01
1.797027778625488281e+01
1.112799835205078125e+01
2.487708282470703125e+01
2.429306221008300781e+01
2.121833229064941406e+01
1.354406166076660156e+01
3.098850631713867188e+01
1.991423416137695312e+01
3.242814254760742188e+01
2.119966125488281250e+01
6.959997177124023438e+00
3.002466201782226562e+01
2.178352355957031250e+01
2.614621734619140625e+01
2.173205184936523438e+01
1.687511062622070312e+01
2.119185447692871094e+01
1.907721900939941406e+01
1.931428527832031250e+01
1.807170295715332031e+01
3.112917327880859375e+01
1.601946258544921875e+01
3.546412277221679688e+01
2.357048416137695312e+01
1.341499614715576172e+01
8.620536804199218750e+00
2.534164810180664062e+01
2.139210700988769531e+01
1.939140892028808594e+01
2.037832641601562500e+01
2.956764984130859375e+01
2.323505210876464844e+01
4.761935424804687500e+01
2.228016090393066406e+01
2.489509582519531250e+01
1.680494308471679688e+01
1.878783607482910156e+01
2.440341949462890625e+01
2.222765922546386719e+01
2.542330551147460938e+01
1.643932533264160156e+01
2.580161094665527344e+01
2.186533927917480469e+01
1.627937507629394531e+01
2.230348587036132812e+01
3.063787078857421875e+01
1.717316818237304688e+01
3.502353286743164062e+01
2.057633972167968750e+01
3.120748901367187500e+01
2.107611465454101562e+01
2.414969635009765625e+01
9.539525032043457031e+00
2.151693153381347656e+01
1.779623031616210938e+01
4.253475189208984375e+01
2.121653366088867188e+01
4.522306823730468750e+01
1.916561508178710938e+01
2.167707252502441406e+01
1.634476470947265625e+01
1.527544212341308594e+01
1.886035537719726562e+01
2.351321029663085938e+01
2.669847106933593750e+01
2.818330955505371094e+01
2.418409347534179688e+01
1.824174118041992188e+01
2.002854347229003906e+01
2.329825019836425781e+01
1.850910758972167969e+01
1.619078063964843750e+01
1.801663208007812500e+01
3.237777328491210938e+01
2.165775680541992188e+01
1.923569869995117188e+01
3.829909133911132812e+01
1.103259849548339844e+01
2.226183700561523438e+01
3.478440856933593750e+01
1.806637382507324219e+01
1.207928085327148438e+01
2.284647750854492188e+01
2.191333007812500000e+01
2.329303169250488281e+01
3.173393630981445312e+01
9.635880470275878906e+00
2.015575027465820312e+01
2.032186698913574219e+01
2.046795272827148438e+01
1.936662483215332031e+01
2.115502738952636719e+01
2.254380798339843750e+01
1.321304035186767578e+01
2.052606964111328125e+01
3.155704498291015625e+01
1.813490486145019531e+01
3.290966033935546875e+01
1.866312026977539062e+01
2.335671806335449219e+01
1.703233909606933594e+01
1.881877708435058594e+01
3.413188171386718750e+01
2.142199897766113281e+01
1.231686878204345703e+01
1.514240455627441406e+01
2.288907051086425781e+01
2.919467544555664062e+01
2.157309532165527344e+01
2.179864501953125000e+01
2.004973411560058594e+01
1.879917526245117188e+01
2.070445823669433594e+01
1.904006576538085938e+01
3.573629379272460938e+01
5.047971343994140625e+01
2.197171974182128906e+01
1.334818649291992188e+01
1.984028053283691406e+01
2.413736343383789062e+01
1.467272949218750000e+01
2.361773490905761719e+01
1.555212402343750000e+01
2.534845542907714844e+01
1.327013778686523438e+01
1.194026184082031250e+01
2.233668136596679688e+01
2.819266510009765625e+01
1.897639274597167969e+01
7.227499008178710938e+00
4.462701416015625000e+01
8.977250099182128906e+00
1.574874305725097656e+01
2.495453262329101562e+01
6.490959167480468750e+00
