1.960871505737304688e+01
2.458269882202148438e+01
2.493239402770996094e+01
1.762488746643066406e+01
1.897741699218750000e+01
2.434391403198242188e+01
1.873112297058105469e+01
1.004221820831298828e+01
3.810066223144531250e+01
4.752188873291015625e+01
2.024032211303710938e+01
1.658088302612304688e+01
1.317114543914794922e+01
4.586987304687500000e+01
2.178600311279296875e+01
1.150052547454833984e+01
1.263412761688232422e+01
5.044776535034179688e+01
3.583242034912109375e+01
2.049751281738281250e+01
4.414205169677734375e+01
2.192623519897460938e+01
2.490332984924316406e+01
1.708746719360351562e+01
2.354367065429687500e+01
1.905679893493652344e+01
2.086288070678710938e+01
2.401651191711425781e+01
1.549604415893554688e+01
1.902617263793945312e+01
3.666299057006835938e+01
1.178144550323486328e+01
1.678894615173339844e+01
2.209660148620605469e+01
1.463014316558837891e+01
1.358858013153076172e+01
2.831815338134765625e+01
3.202269744873046875e+01
1.934842491149902344e+01
1.340204524993896484e+01
2.361966133117675781e+01
1.483625030517578125e+01
1.865760231018066406e+01
3.426681137084960938e+01
2.761598968505859375e+01
1.672916603088378906e+01
1.689803886413574219e+01
3.398797225952148438e+01
2.612070465087890625e+01
2.133559226989746094e+01
1.792991828918457031e+01
1.920770072937011719e+01
2.501771163940429688e+01
2.086180686950683594e+01
1.972164344787597656e+01
2.390638732910156250e+01
1.645069885253906250e+01
1.457141208648681641e+01
2.035545539855957031e+01
1.753307723999023438e+01
1.655357742309570312e+01
1.928883552551269531e+01
1.998628616333007812e+01
3.303702545166015625e+01
8.854037284851074219e+00
2.176170921325683594e+01
1.983085441589355469e+01
1.583513736724853516e+01
1.944139862060546875e+01
2.255116844177246094e+01
1.112718772888183594e+01
1.835161590576171875e+01
2.488500976562500000e+01
2.082669639587402344e+01
2.078500747680664062e+01
1.964552688598632812e+01
1.324694728851318359e+01
3.575579833984375000e+01
1.636648178100585938e+01
2.234644508361816406e+01
2.139228248596191406e+01
2.029526138305664062e+01
2.590602684020996094e+01
2.014534187316894531e+01
1.863462448120117188e+01
2.558504104614257812e+01
2.271641159057617188e+01
1.959249305725097656e+01
8.600763320922851562e+00
2.855217552185058594e+01
2.253535652160644531e+01
1.169123172760009766e+01
1.536133575439453125e+01
2.313267326354980469e+01
1.976801872253417969e+01
1.697520637512207031e+01
2.008933830261230469e+01
1.307019901275634766e+01
2.771163177490234375e+01
1.147696971893310547e+01
1.804990386962890625e+01
3.365648269653320312e+01
1.366459465026855469e+01
2.206895446777343750e+01
2.417508697509765625e+01
3.997003936767578125e+01
2.903791809082031250e+01
2.056085968017578125e+01
2.062824058532714844e+01
8.258803367614746094e+00
7.973751068115234375e+00
3.416441345214843750e+01
4.609226989746093750e+01
8.993763923645019531e+00
1.895388793945312500e+01
7.469525337219238281e+00
3.994198608398437500e+01
2.688375854492187500e+01
2.056973648071289062e+01
2.043789100646972656e+01
1.556710243225097656e+01
4.895411682128906250e+01
1.765578842163085938e+01
1.952126884460449219e+01
1.449053192138671875e+01
2.712072753906250000e+01
2.822809410095214844e+01
2.099174690246582031e+01
2.539549255371093750e+01
4.974752044677734375e+01
2.447625160217285156e+01
1.688121795654296875e+01
2.268926811218261719e+01
1.547714233398437500e+01
1.420244884490966797e+01
9.302865982055664062e+00
1.790696716308593750e+01
1.930129814147949219e+01
1.068624305725097656e+01
2.157292175292968750e+01
2.230727005004882812e+01
2.185693550109863281e+01
2.311924171447753906e+01
2.314805412292480469e+01
2.149804115295410156e+01
2.707280540466308594e+01
2.694858551025390625e+01
1.237990856170654297e+01
5.296419143676757812e+00
1.898936462402343750e+01
2.256647109985351562e+01
2.403725051879882812e+01
1.822646331787109375e+01
2.358353614807128906e+01
1.655803108215332031e+01
3.052504730224609375e+01
3.323248291015625000e+01
1.663043403625488281e+01
1.737384986877441406e+01
2.158522224426269531e+01
1.312234306335449219e+01
2.127856826782226562e+01
9.809446334838867188e+00
2.297868347167968750e+01
2.843842315673828125e+01
1.660242271423339844e+01
2.813391685485839844e+01
2.322728538513183594e+01
1.631823158264160156e+01
2.321031379699707031e+01
1.697370910644531250e+01
1.419628429412841797e+01
2.020585823059082031e+01
9.362483024597167969e+00
1.790311241149902344e+01
2.389938354492187500e+01
9.933445930480957031e+00
3.292599868774414062e+01
4.819586181640625000e+01
2.436998176574707031e+01
8.301715850830078125e+00
3.023326110839843750e+01
2.254076766967773438e+01
1.544394683837890625e+01
1.684447097778320312e+01
3.161015319824218750e+01
1.364039516448974609e+01
2.037026214599609375e+01
1.445752429962158203e+01
3.090720748901367188e+01
5.036374664306640625e+01
3.324360656738281250e+01
1.704505920410156250e+01
2.926617813110351562e+01
2.178241920471191406e+01
9.954448699951171875e+00
1.356380367279052734e+01
3.301808547973632812e+01
1.862947845458984375e+01
1.571316719055175781e+01
2.008496665954589844e+01
2.473992538452148438e+01
1.542272949218750000e+01
1.788463211059570312e+01
2.155575752258300781e+01
2.209257888793945312e+01
2.467540740966796875e+01
1.640684890747070312e+01
1.173823451995849609e+01
4.873467254638671875e+01
2.206788444519042969e+01
1.828454399108886719e+01
1.977447700500488281e+01
2.064955520629882812e+01
2.009501075744628906e+01
7.208898544311523438e+00
1.983825302124023438e+01
2.015968132019042969e+01
1.471449851989746094e+01
2.077971839904785156e+01
1.380651760101318359e+01
2.308669090270996094e+01
5.182801818847656250e+01
1.580553817749023438e+01
1.081660461425781250e+01
2.223805236816406250e+01
2.312827301025390625e+01
2.462711143493652344e+01
1.599068260192871094e+01
3.502210998535156250e+01
2.381224632263183594e+01
2.247293090820312500e+01
4.353290557861328125e+01
2.164706039428710938e+01
2.288374137878417969e+01
1.162653160095214844e+01
3.449990844726562500e+01
1.913225173950195312e+01
9.653204917907714844e+00
2.350850486755371094e+01
2.151640510559082031e+01
2.747280502319335938e+01
2.913394355773925781e+01
1.719615745544433594e+01
1.449025344848632812e+01
3.051449966430664062e+01
3.438002014160156250e+01
1.905764770507812500e+01
3.087492942810058594e+01
1.947192382812500000e+01
1.587191009521484375e+01
2.612659835815429688e+01
2.159062957763671875e+01
2.279828834533691406e+01
2.163156700134277344e+01
2.610184097290039062e+01
2.386030387878417969e+01
1.744051170349121094e+01
2.252160072326660156e+01
4.518672180175781250e+01
2.817484664916992188e+01
1.264972496032714844e+01
2.400967597961425781e+01
3.295175552368164062e+01
1.513673400878906250e+01
1.771483421325683594e+01
6.812988281250000000e+00
3.100335311889648438e+01
1.841635131835937500e+01
2.720649528503417969e+01
7.935693740844726562e+00
2.207529067993164062e+01
2.330692672729492188e+01
3.193560981750488281e+01
1.760277557373046875e+01
3.399421691894531250e+01
2.437510681152343750e+01
1.922724151611328125e+01
2.561040496826171875e+01
2.052024841308593750e+01
3.095324325561523438e+01
2.025918769836425781e+01
1.972706413269042969e+01
1.975129318237304688e+01
4.208052825927734375e+01
2.987596511840820312e+01
1.886444664001464844e+01
2.330378150939941406e+01
1.943206214904785156e+01
1.217755985260009766e+01
2.930136299133300781e+01
5.004003906250000000e+01
1.093593978881835938e+01
1.852384376525878906e+01
2.265020370483398438e+01
1.308661746978759766e+01
3.509620666503906250e+01
1.495343208312988281e+01
1.214070606231689453e+01
1.368525123596191406e+01
1.929270744323730469e+01
1.402030849456787109e+01
2.162548065185546875e+01
1.494367218017578125e+01
6.945690155029296875e+00
1.125788402557373047e+01
2.853128051757812500e+01
1.512801933288574219e+01
2.340248680114746094e+01
2.431584167480468750e+01
2.584874153137207031e+01
1.963564109802246094e+01
1.842358589172363281e+01
5.096208953857421875e+01
2.019849014282226562e+01
1.972909545898437500e+01
1.771982383728027344e+01
1.903997230529785156e+01
1.674667358398437500e+01
2.081961441040039062e+01
2.918349838256835938e+01
3.040263366699218750e+01
3.160680770874023438e+01
2.490219497680664062e+01
2.376623916625976562e+01
1.447507953643798828e+01
2.500465393066406250e+01
2.523463821411132812e+01
1.642256164550781250e+01
3.008559417724609375e+01
1.865483283996582031e+01
3.386606979370117188e+01
2.776075363159179688e+01
3.576539611816406250e+01
2.328867340087890625e+01
2.875055122375488281e+01
2.187143516540527344e+01
2.511523056030273438e+01
1.530490589141845703e+01
3.499580764770507812e+01
1.367458438873291016e+01
2.541002082824707031e+01
1.485152244567871094e+01
2.362151718139648438e+01
3.013434600830078125e+01
2.111669731140136719e+01
2.369403266906738281e+01
2.384615325927734375e+01
1.809112930297851562e+01
4.717969512939453125e+01
2.288290786743164062e+01
2.915832519531250000e+01
2.517488670349121094e+01
2.139090156555175781e+01
2.166767501831054688e+01
1.067012691497802734e+01
2.273891448974609375e+01
1.667337226867675781e+01
1.543942451477050781e+01
1.729897689819335938e+01
2.433175659179687500e+01
1.876115417480468750e+01
1.925074768066406250e+01
1.024031066894531250e+01
2.249227142333984375e+01
1.410864925384521484e+01
2.083357620239257812e+01
2.168509864807128906e+01
1.519408798217773438e+01
1.923836135864257812e+01
2.277234649658203125e+01
1.953890228271484375e+01
3.328569030761718750e+01
2.349295425415039062e+01
1.881147384643554688e+01
1.402415657043457031e+01
1.762336349487304688e+01
2.110082054138183594e+01
1.337116241455078125e+01
3.580256271362304688e+01
1.567491054534912109e+01
4.293956756591796875e+01
1.598666095733642578e+01
3.454592132568359375e+01
3.245179748535156250e+01
1.977809715270996094e+01
2.498557853698730469e+01
1.698485755920410156e+01
2.791251945495605469e+01
2.394148826599121094e+01
2.504349899291992188e+01
1.918463897705078125e+01
2.502307319641113281e+01
1.170735645294189453e+01
2.143935012817382812e+01
1.389539146423339844e+01
8.941009521484375000e+00
2.119266510009765625e+01
2.839815139770507812e+01
2.150330543518066406e+01
2.388056564331054688e+01
1.361073303222656250e+01
1.949211120605468750e+01
1.674759483337402344e+01
2.471549606323242188e+01
2.396539306640625000e+01
2.352275848388671875e+01
2.137655830383300781e+01
2.741312599182128906e+01
9.123392105102539062e+00
1.923590660095214844e+01
3.132557678222656250e+01
2.343082809448242188e+01
2.330203819274902344e+01
1.941230392456054688e+01
4.775364303588867188e+01
2.391571426391601562e+01
1.108921241760253906e+01
2.372864341735839844e+01
2.392297554016113281e+01
4.893823242187500000e+01
1.814607620239257812e+01
2.470610427856445312e+01
1.446390533447265625e+01
1.320777130126953125e+01
1.857635879516601562e+01
2.392525482177734375e+01
1.461361598968505859e+01
5.081980133056640625e+01
3.567988586425781250e+01
2.413445281982421875e+01
2.152676391601562500e+01
3.319132232666015625e+01
1.287787723541259766e+01
1.865722846984863281e+01
3.473488998413085938e+01
1.315565299987792969e+01
2.120215988159179688e+01
1.803060913085937500e+01
4.251614379882812500e+01
2.075840187072753906e+01
2.111835479736328125e+01
5.022356796264648438e+01
1.690183258056640625e+01
2.853297996520996094e+01
3.310833358764648438e+01
1.893318557739257812e+01
2.379647445678710938e+01
2.398963356018066406e+01
2.052729797363281250e+01
6.611480712890625000e+00
1.690782546997070312e+01
2.224205970764160156e+01
4.563734436035156250e+01
1.566475868225097656e+01
