1.302523994445800781e+01
2.946177482604980469e+01
2.184762191772460938e+01
2.883250045776367188e+01
2.462366294860839844e+01
1.694874382019042969e+01
2.176858139038085938e+01
1.202158832550048828e+01
1.965206146240234375e+01
1.898576736450195312e+01
1.454450607299804688e+01
2.179376029968261719e+01
2.000304412841796875e+01
1.909253883361816406e+01
1.903877067565917969e+01
3.272500610351562500e+01
1.510263538360595703e+01
2.454277801513671875e+01
1.863188171386718750e+01
2.306195068359375000e+01
1.900819015502929688e+01
1.594039916992187500e+01
2.594161224365234375e+01
1.832173347473144531e+01
8.465026855468750000e+00
3.620047378540039062e+01
2.095497703552246094e+01
2.035315322875976562e+01
3.525114822387695312e+01
5.070840454101562500e+01
2.762981414794921875e+01
1.578790473937988281e+01
2.741364288330078125e+01
3.427865982055664062e+01
2.907143211364746094e+01
1.336305522918701172e+01
1.259478855133056641e+01
1.527998542785644531e+01
5.009448242187500000e+01
2.036773490905761719e+01
2.065776443481445312e+01
2.989451408386230469e+01
9.291604042053222656e+00
2.292147254943847656e+01
2.371703147888183594e+01
1.362536239624023438e+01
3.430511474609375000e+01
2.049410629272460938e+01
1.822178077697753906e+01
2.433403396606445312e+01
2.433189964294433594e+01
1.251845169067382812e+01
1.684709358215332031e+01
3.383787918090820312e+01
3.231223297119140625e+01
9.466556549072265625e+00
1.232256126403808594e+01
2.220352172851562500e+01
3.457588577270507812e+01
1.634899139404296875e+01
1.706766891479492188e+01
3.996110153198242188e+01
2.680197334289550781e+01
2.237929725646972656e+01
1.802342224121093750e+01
4.556157302856445312e+01
2.494808197021484375e+01
2.015309524536132812e+01
1.752252006530761719e+01
2.520689964294433594e+01
2.525137329101562500e+01
4.945243835449218750e+01
1.661335372924804688e+01
1.859844779968261719e+01
2.240295028686523438e+01
5.164414978027343750e+01
1.420166110992431641e+01
2.359343528747558594e+01
2.016261863708496094e+01
2.326476287841796875e+01
2.040087318420410156e+01
1.626479148864746094e+01
1.117301559448242188e+01
2.715432548522949219e+01
3.252760314941406250e+01
1.082366752624511719e+01
2.112174034118652344e+01
3.471982192993164062e+01
2.858706092834472656e+01
2.283250617980957031e+01
2.666913223266601562e+01
3.757463836669921875e+01
1.946064949035644531e+01
1.947892379760742188e+01
1.617524528503417969e+01
2.508302879333496094e+01
2.065604591369628906e+01
1.768294906616210938e+01
2.238099288940429688e+01
2.199312019348144531e+01
4.878076934814453125e+01
1.709795570373535156e+01
1.327041244506835938e+01
1.218530082702636719e+01
3.619941711425781250e+01
2.003808593750000000e+01
2.201485443115234375e+01
2.126143264770507812e+01
1.645238494873046875e+01
1.394536399841308594e+01
1.048646640777587891e+01
2.039156532287597656e+01
7.156981468200683594e+00
3.578001403808593750e+01
3.359605407714843750e+01
4.167417907714843750e+01
2.561205101013183594e+01
2.001983451843261719e+01
1.519787216186523438e+01
1.014757537841796875e+01
2.193428993225097656e+01
2.360940742492675781e+01
3.039430236816406250e+01
2.228873252868652344e+01
1.083162403106689453e+01
2.017428779602050781e+01
1.882630348205566406e+01
2.248279380798339844e+01
3.452536773681640625e+01
4.733837127685546875e+01
2.997974586486816406e+01
1.214010429382324219e+01
2.430437660217285156e+01
1.353644180297851562e+01
8.770008087158203125e+00
2.345046043395996094e+01
1.868666076660156250e+01
5.109241485595703125e+01
2.239846229553222656e+01
2.214712333679199219e+01
1.989050865173339844e+01
1.034543228149414062e+01
9.185710906982421875e+00
1.676173782348632812e+01
1.256394195556640625e+01
1.931295013427734375e+01
9.776630401611328125e+00
1.534487915039062500e+01
1.812911987304687500e+01
2.505032539367675781e+01
1.971707344055175781e+01
1.584943771362304688e+01
2.197528076171875000e+01
2.470344352722167969e+01
1.729425239562988281e+01
2.915803909301757812e+01
2.111000251770019531e+01
2.108796691894531250e+01
1.845989608764648438e+01
2.381908035278320312e+01
4.401354980468750000e+01
1.834595108032226562e+01
1.940539169311523438e+01
2.966374588012695312e+01
4.908185195922851562e+01
2.273384094238281250e+01
2.178761672973632812e+01
1.687646865844726562e+01
7.702989578247070312e+00
2.774539947509765625e+01
2.441957664489746094e+01
2.209950447082519531e+01
2.534918212890625000e+01
2.073379135131835938e+01
2.207722282409667969e+01
3.485060882568359375e+01
2.442145919799804688e+01
2.394621276855468750e+01
2.909698677062988281e+01
2.546151542663574219e+01
2.383872032165527344e+01
4.725598144531250000e+01
1.692437744140625000e+01
2.115323066711425781e+01
1.939778900146484375e+01
2.732563209533691406e+01
4.510301971435546875e+01
2.044977188110351562e+01
1.034466266632080078e+01
1.882055282592773438e+01
1.461501884460449219e+01
1.076139926910400391e+01
3.502238845825195312e+01
1.970106124877929688e+01
2.507640647888183594e+01
3.381062698364257812e+01
1.795169830322265625e+01
2.451960945129394531e+01
3.296545791625976562e+01
1.889711761474609375e+01
1.940896987915039062e+01
2.292562484741210938e+01
2.090480232238769531e+01
9.483689308166503906e+00
3.463506317138671875e+01
1.096146106719970703e+01
1.349010181427001953e+01
4.343999481201171875e+01
1.359002399444580078e+01
2.467353057861328125e+01
2.558253097534179688e+01
1.909023666381835938e+01
4.680583953857421875e+01
2.473738479614257812e+01
2.205939292907714844e+01
2.440206527709960938e+01
3.577469635009765625e+01
1.839602661132812500e+01
2.374314880371093750e+01
1.484560012817382812e+01
1.477683830261230469e+01
3.318992614746093750e+01
4.683933639526367188e+01
2.860187149047851562e+01
1.099691295623779297e+01
1.297139549255371094e+01
2.060958862304687500e+01
3.280312347412109375e+01
2.174776840209960938e+01
2.119919013977050781e+01
2.767655754089355469e+01
1.527140235900878906e+01
1.975655174255371094e+01
2.178540420532226562e+01
1.335074901580810547e+01
3.208703613281250000e+01
1.989184570312500000e+01
1.736862564086914062e+01
3.912947082519531250e+01
1.881029891967773438e+01
2.897266387939453125e+01
4.786627197265625000e+01
2.498365211486816406e+01
2.284504318237304688e+01
1.905648422241210938e+01
1.625333786010742188e+01
2.025584983825683594e+01
2.106777000427246094e+01
4.358805084228515625e+01
1.910524749755859375e+01
1.901850128173828125e+01
2.460233497619628906e+01
2.421229362487792969e+01
1.329576683044433594e+01
2.108108711242675781e+01
2.333723068237304688e+01
3.229399490356445312e+01
2.123661613464355469e+01
2.659897041320800781e+01
8.723072052001953125e+00
2.264785766601562500e+01
2.378935241699218750e+01
1.415974521636962891e+01
1.939632225036621094e+01
6.058704376220703125e+00
1.383000469207763672e+01
3.502585220336914062e+01
2.138360404968261719e+01
2.904615783691406250e+01
1.209906959533691406e+01
2.498816299438476562e+01
8.572814941406250000e+00
2.534423065185546875e+01
1.904272460937500000e+01
2.217255592346191406e+01
1.742542648315429688e+01
2.455321693420410156e+01
2.161207199096679688e+01
1.965650749206542969e+01
2.336920356750488281e+01
2.646958351135253906e+01
2.385866355895996094e+01
1.929563903808593750e+01
3.366481781005859375e+01
2.157789039611816406e+01
2.894288444519042969e+01
4.507666015625000000e+01
2.398205566406250000e+01
1.583465290069580078e+01
6.546899795532226562e+00
1.616047096252441406e+01
2.087378501892089844e+01
2.235515213012695312e+01
1.571470832824707031e+01
1.502645492553710938e+01
1.649997138977050781e+01
1.267832183837890625e+01
2.470723915100097656e+01
2.357166290283203125e+01
3.200934219360351562e+01
1.535225296020507812e+01
7.828337669372558594e+00
2.219851875305175781e+01
2.200230979919433594e+01
3.025846290588378906e+01
1.506137943267822266e+01
2.672439956665039062e+01
1.399542522430419922e+01
2.451194000244140625e+01
3.661428070068359375e+01
2.118887329101562500e+01
3.322534942626953125e+01
1.565304756164550781e+01
2.022765731811523438e+01
4.473108673095703125e+01
1.262297725677490234e+01
4.397496795654296875e+01
2.327295303344726562e+01
1.463393115997314453e+01
1.984401130676269531e+01
1.798786735534667969e+01
8.400103569030761719e+00
6.726422309875488281e+00
4.975055694580078125e+01
1.913222503662109375e+01
2.188214683532714844e+01
2.489719390869140625e+01
1.693713378906250000e+01
1.720797729492187500e+01
5.239116668701171875e+01
4.880283355712890625e+01
5.117193984985351562e+01
2.741264533996582031e+01
2.387615203857421875e+01
9.005791664123535156e+00
2.062522315979003906e+01
2.149044227600097656e+01
2.072783660888671875e+01
1.950882530212402344e+01
2.421170043945312500e+01
2.793045234680175781e+01
2.253375244140625000e+01
2.422431373596191406e+01
2.002425384521484375e+01
2.209609222412109375e+01
2.022181892395019531e+01
2.905822181701660156e+01
2.082836151123046875e+01
2.082280349731445312e+01
4.852866363525390625e+01
1.860406112670898438e+01
2.298597335815429688e+01
2.459198951721191406e+01
2.339141654968261719e+01
2.081056976318359375e+01
3.303781509399414062e+01
3.612250900268554688e+01
3.056619262695312500e+01
3.584039306640625000e+01
1.497835254669189453e+01
1.883912086486816406e+01
2.010345840454101562e+01
1.091114521026611328e+01
1.682443237304687500e+01
1.137429428100585938e+01
1.950851249694824219e+01
2.033476638793945312e+01
2.162231636047363281e+01
3.665325546264648438e+01
1.741431999206542969e+01
2.442074775695800781e+01
3.162367630004882812e+01
1.366908836364746094e+01
1.036866950988769531e+01
1.596764087677001953e+01
2.137752151489257812e+01
1.812305641174316406e+01
1.803150749206542969e+01
2.483267021179199219e+01
1.615741348266601562e+01
2.504927062988281250e+01
2.280274200439453125e+01
2.622722244262695312e+01
1.947171783447265625e+01
3.498641967773437500e+01
2.393535423278808594e+01
2.366953277587890625e+01
1.951196289062500000e+01
1.905504798889160156e+01
1.562797737121582031e+01
3.767295455932617188e+01
1.992556571960449219e+01
2.407126808166503906e+01
1.253516483306884766e+01
1.710785102844238281e+01
2.481480598449707031e+01
3.308532714843750000e+01
1.998307418823242188e+01
2.334003829956054688e+01
3.128991127014160156e+01
2.358509063720703125e+01
2.056579971313476562e+01
1.342322731018066406e+01
3.373781585693359375e+01
5.114482879638671875e+01
1.964777374267578125e+01
1.667103004455566406e+01
3.330405807495117188e+01
2.504888153076171875e+01
1.722995948791503906e+01
2.335002136230468750e+01
2.572270202636718750e+01
2.319722938537597656e+01
1.317369556427001953e+01
4.054283142089843750e+01
2.802778625488281250e+01
1.563266944885253906e+01
2.223565673828125000e+01
1.561916923522949219e+01
1.907709884643554688e+01
2.385070228576660156e+01
1.806966400146484375e+01
1.886679077148437500e+01
1.687216377258300781e+01
2.818815994262695312e+01
1.937558364868164062e+01
8.650421142578125000e+00
1.290020751953125000e+01
1.953615379333496094e+01
2.768442153930664062e+01
1.813283729553222656e+01
2.137709617614746094e+01
1.848200416564941406e+01
2.252036476135253906e+01
1.446291542053222656e+01
1.924127006530761719e+01
2.266597747802734375e+01
5.226711273193359375e+01
2.160693931579589844e+01
2.070463752746582031e+01
2.643008995056152344e+01
1.241171550750732422e+01
1.806661605834960938e+01
2.403813552856445312e+01
2.180481529235839844e+01
1.410168933868408203e+01
1.482824325561523438e+01
2.225522613525390625e+01
9.981136322021484375e+00
1.683552932739257812e+01
1.775537490844726562e+01
1.677686309814453125e+01
3.283110809326171875e+01
2.134474372863769531e+01
2.010788345336914062e+01
