2.181820106506347656e+01
1.864023399353027344e+01
2.417613983154296875e+01
2.258669662475585938e+01
3.018910408020019531e+01
1.542966842651367188e+01
1.771726989746093750e+01
3.625018310546875000e+01
1.959842872619628906e+01
5.082709884643554688e+01
3.865971374511718750e+01
2.884670257568359375e+01
2.132466316223144531e+01
2.702572250366210938e+01
1.509382057189941406e+01
1.664154052734375000e+01
5.079583740234375000e+01
3.215619277954101562e+01
2.120151329040527344e+01
1.953611755371093750e+01
2.003322792053222656e+01
1.653642845153808594e+01
1.615592575073242188e+01
1.902254295349121094e+01
2.447154998779296875e+01
2.356388854980468750e+01
2.790250778198242188e+01
2.104206466674804688e+01
2.776079177856445312e+01
1.061903953552246094e+01
2.433703613281250000e+01
8.822319030761718750e+00
2.308688354492187500e+01
2.104209518432617188e+01
2.132474517822265625e+01
1.850823974609375000e+01
1.922426223754882812e+01
2.688358306884765625e+01
2.428422164916992188e+01
1.606451416015625000e+01
3.930838775634765625e+01
8.613195419311523438e+00
1.972917938232421875e+01
3.081191825866699219e+01
1.566709423065185547e+01
2.221545028686523438e+01
3.183830261230468750e+01
3.448862457275390625e+01
1.540701961517333984e+01
2.839966583251953125e+01
2.767591476440429688e+01
2.767356872558593750e+01
3.050224113464355469e+01
1.904771614074707031e+01
2.699232864379882812e+01
2.066514968872070312e+01
1.757369041442871094e+01
1.163598918914794922e+01
2.164759063720703125e+01
1.811529541015625000e+01
2.612827301025390625e+01
1.909374237060546875e+01
1.433228302001953125e+01
2.110896110534667969e+01
2.061520385742187500e+01
3.366356658935546875e+01
2.019523620605468750e+01
2.222848892211914062e+01
2.103005981445312500e+01
1.829100608825683594e+01
1.362225437164306641e+01
4.840254974365234375e+01
8.426963806152343750e+00
1.714732742309570312e+01
2.101567459106445312e+01
3.347077941894531250e+01
2.906226730346679688e+01
1.993558311462402344e+01
3.383037567138671875e+01
2.522405242919921875e+01
2.918722534179687500e+01
3.111371612548828125e+01
2.419072723388671875e+01
2.484026336669921875e+01
2.400260162353515625e+01
1.939000129699707031e+01
2.283219528198242188e+01
1.861899375915527344e+01
2.067966651916503906e+01
1.958477210998535156e+01
2.140971755981445312e+01
1.673613739013671875e+01
2.342552375793457031e+01
3.068281555175781250e+01
2.167948532104492188e+01
2.466431808471679688e+01
1.863549804687500000e+01
8.445936203002929688e+00
1.959600257873535156e+01
1.777651786804199219e+01
2.433127593994140625e+01
1.520008850097656250e+01
2.423176574707031250e+01
2.128180122375488281e+01
2.437197494506835938e+01
2.478055572509765625e+01
1.346203041076660156e+01
1.949440956115722656e+01
5.044192886352539062e+01
4.964194488525390625e+01
1.138593959808349609e+01
1.313292884826660156e+01
2.134352493286132812e+01
1.562745094299316406e+01
1.256284141540527344e+01
2.361981201171875000e+01
2.383574295043945312e+01
1.656625175476074219e+01
2.565195655822753906e+01
3.339274978637695312e+01
2.487966918945312500e+01
1.914443969726562500e+01
2.515229606628417969e+01
2.302604675292968750e+01
1.217044830322265625e+01
2.566413879394531250e+01
2.316468429565429688e+01
1.962971496582031250e+01
1.990715408325195312e+01
2.168614768981933594e+01
2.569405364990234375e+01
2.933528900146484375e+01
2.649146270751953125e+01
4.505493164062500000e+01
3.617400360107421875e+01
8.318851470947265625e+00
2.007338714599609375e+01
1.913516044616699219e+01
6.800532341003417969e+00
1.983219909667968750e+01
1.719378852844238281e+01
1.991071128845214844e+01
2.224469947814941406e+01
2.136898040771484375e+01
3.214952850341796875e+01
1.873875427246093750e+01
1.984896087646484375e+01
1.562398815155029297e+01
2.223344421386718750e+01
1.832013702392578125e+01
4.821088409423828125e+01
1.252490043640136719e+01
2.447410011291503906e+01
1.836026191711425781e+01
2.554428863525390625e+01
2.478664398193359375e+01
1.474365997314453125e+01
1.648233985900878906e+01
2.284935951232910156e+01
1.380956459045410156e+01
3.150339889526367188e+01
2.475583839416503906e+01
1.084506607055664062e+01
1.612866401672363281e+01
1.029067993164062500e+01
1.380752754211425781e+01
1.328293514251708984e+01
4.985236740112304688e+01
2.417220687866210938e+01
1.737805557250976562e+01
2.204704284667968750e+01
2.372198295593261719e+01
1.312049007415771484e+01
2.086894035339355469e+01
1.862362289428710938e+01
1.007222938537597656e+01
3.195149993896484375e+01
2.420044326782226562e+01
1.424298477172851562e+01
1.599370956420898438e+01
3.065255737304687500e+01
2.116078567504882812e+01
2.019316482543945312e+01
2.265703582763671875e+01
1.727165985107421875e+01
1.227561950683593750e+01
2.054806900024414062e+01
1.620717430114746094e+01
2.253726959228515625e+01
2.385860443115234375e+01
1.555344009399414062e+01
1.640215301513671875e+01
1.323415374755859375e+01
1.701861381530761719e+01
2.342149734497070312e+01
2.210067749023437500e+01
1.867825126647949219e+01
2.842757415771484375e+01
9.108652114868164062e+00
4.789794921875000000e+01
3.543830108642578125e+01
1.260765266418457031e+01
3.062450599670410156e+01
3.240544128417968750e+01
1.799578475952148438e+01
1.902982902526855469e+01
1.865072059631347656e+01
2.438079261779785156e+01
3.409217453002929688e+01
2.207407569885253906e+01
1.895891952514648438e+01
1.763607978820800781e+01
2.244107818603515625e+01
2.494602584838867188e+01
2.063107299804687500e+01
4.499798583984375000e+01
9.543702125549316406e+00
3.802429962158203125e+01
3.423152923583984375e+01
2.493696784973144531e+01
1.553594970703125000e+01
2.097521018981933594e+01
3.422661590576171875e+01
5.201900482177734375e+01
4.461148071289062500e+01
1.009176349639892578e+01
1.753411102294921875e+01
9.898956298828125000e+00
3.385668563842773438e+01
1.681956863403320312e+01
4.457611083984375000e+01
2.258579635620117188e+01
2.389418792724609375e+01
2.146492767333984375e+01
3.115715599060058594e+01
2.328195190429687500e+01
1.371188640594482422e+01
1.188895320892333984e+01
2.415368461608886719e+01
1.597381591796875000e+01
1.228110599517822266e+01
2.376452255249023438e+01
1.088621139526367188e+01
2.305940246582031250e+01
2.589542961120605469e+01
2.390153121948242188e+01
4.546646881103515625e+01
2.012645721435546875e+01
2.000119972229003906e+01
1.609918403625488281e+01
1.188084602355957031e+01
2.868034362792968750e+01
1.629158973693847656e+01
3.574985504150390625e+01
1.971604347229003906e+01
2.018379211425781250e+01
3.051258659362792969e+01
2.988703918457031250e+01
1.890879058837890625e+01
2.326581192016601562e+01
1.657289314270019531e+01
4.100137329101562500e+01
2.571948242187500000e+01
1.833721923828125000e+01
2.294283866882324219e+01
2.088958549499511719e+01
2.333727455139160156e+01
1.963784027099609375e+01
1.741712188720703125e+01
2.253999710083007812e+01
1.462820911407470703e+01
1.443143749237060547e+01
5.045106887817382812e+01
1.873062133789062500e+01
3.480353927612304688e+01
4.552000808715820312e+01
1.053586483001708984e+01
1.906191444396972656e+01
1.893096923828125000e+01
2.582847404479980469e+01
4.510820770263671875e+01
1.894145393371582031e+01
2.017433929443359375e+01
2.393540000915527344e+01
1.369467639923095703e+01
1.704608917236328125e+01
2.348839187622070312e+01
1.756905555725097656e+01
2.044277191162109375e+01
1.315849113464355469e+01
2.154887008666992188e+01
2.924866485595703125e+01
4.868918609619140625e+01
2.751776504516601562e+01
1.657341384887695312e+01
2.690058898925781250e+01
2.164891433715820312e+01
4.696778488159179688e+01
2.269703292846679688e+01
1.755071830749511719e+01
2.441893959045410156e+01
1.835905075073242188e+01
9.319393157958984375e+00
2.018064689636230469e+01
2.693136787414550781e+01
1.479428482055664062e+01
1.988974761962890625e+01
1.801720237731933594e+01
2.293852806091308594e+01
2.077258872985839844e+01
2.134605789184570312e+01
2.261849594116210938e+01
1.889265632629394531e+01
2.006057929992675781e+01
2.607228469848632812e+01
2.308913993835449219e+01
1.539183425903320312e+01
1.138844680786132812e+01
1.902651214599609375e+01
1.649766731262207031e+01
1.330726242065429688e+01
1.099300956726074219e+01
2.393681335449218750e+01
1.477583122253417969e+01
2.332797050476074219e+01
1.941110801696777344e+01
1.917951774597167969e+01
2.398689460754394531e+01
2.123266983032226562e+01
3.281320953369140625e+01
4.679756927490234375e+01
3.223260879516601562e+01
1.224204444885253906e+01
1.468156337738037109e+01
1.665844535827636719e+01
2.593398094177246094e+01
1.949208641052246094e+01
2.025601196289062500e+01
2.447161674499511719e+01
4.898925018310546875e+01
2.097791481018066406e+01
1.645777702331542969e+01
1.809632873535156250e+01
2.485614585876464844e+01
3.387692260742187500e+01
2.120264244079589844e+01
1.292889881134033203e+01
2.133860778808593750e+01
2.358754920959472656e+01
1.339504814147949219e+01
3.304405212402343750e+01
1.553800582885742188e+01
2.243647766113281250e+01
2.109570312500000000e+01
2.255820083618164062e+01
3.443643951416015625e+01
2.954245758056640625e+01
4.185526275634765625e+01
2.178264999389648438e+01
2.585324287414550781e+01
1.679196929931640625e+01
2.269051933288574219e+01
1.491382598876953125e+01
1.637817001342773438e+01
1.895868110656738281e+01
2.708699607849121094e+01
1.905661392211914062e+01
2.302273368835449219e+01
1.991482353210449219e+01
1.741875457763671875e+01
3.465786361694335938e+01
2.147690200805664062e+01
1.973722076416015625e+01
3.294351959228515625e+01
2.378125000000000000e+01
6.750285148620605469e+00
2.970421409606933594e+01
1.778384780883789062e+01
1.874498176574707031e+01
1.620705032348632812e+01
2.258202743530273438e+01
1.860684585571289062e+01
1.838650131225585938e+01
1.674086189270019531e+01
2.418432235717773438e+01
4.187492370605468750e+01
2.126089096069335938e+01
2.073172378540039062e+01
1.568782615661621094e+01
1.825105285644531250e+01
1.501793670654296875e+01
3.381932449340820312e+01
1.621237182617187500e+01
4.146874237060546875e+01
1.607547950744628906e+01
2.359172821044921875e+01
2.929795837402343750e+01
2.922663688659667969e+01
3.504578018188476562e+01
1.761530685424804688e+01
2.135946655273437500e+01
2.072997093200683594e+01
5.082123565673828125e+01
1.849057769775390625e+01
2.270718955993652344e+01
2.009530830383300781e+01
2.334988403320312500e+01
2.934022521972656250e+01
1.387117195129394531e+01
1.923461532592773438e+01
3.337046813964843750e+01
2.313018608093261719e+01
2.870042419433593750e+01
1.370140933990478516e+01
1.716509246826171875e+01
2.427075576782226562e+01
2.596558570861816406e+01
2.325975608825683594e+01
2.227087402343750000e+01
2.219505500793457031e+01
2.077782630920410156e+01
2.488795089721679688e+01
1.930288314819335938e+01
4.722908401489257812e+01
1.457592487335205078e+01
2.063311386108398438e+01
3.319399642944335938e+01
2.847004127502441406e+01
1.165208053588867188e+01
2.370004081726074219e+01
2.648340225219726562e+01
2.698568725585937500e+01
2.376114654541015625e+01
9.228678703308105469e+00
9.678827285766601562e+00
2.229085159301757812e+01
2.277972030639648438e+01
1.820433235168457031e+01
2.115723419189453125e+01
3.819419479370117188e+01
1.810153007507324219e+01
2.245757675170898438e+01
1.749660491943359375e+01
2.960918998718261719e+01
1.718147468566894531e+01
3.359415817260742188e+01
2.733370780944824219e+01
1.127595806121826172e+01
2.701434326171875000e+01
2.194832038879394531e+01
1.348043346405029297e+01
1.816048812866210938e+01
2.058115386962890625e+01
2.054334640502929688e+01
2.198284912109375000e+01
