2.791993713378906250e+01
2.441143417358398438e+01
1.595791244506835938e+01
2.109415435791015625e+01
2.429284095764160156e+01
2.207243347167968750e+01
2.800700569152832031e+01
1.673133468627929688e+01
2.261036300659179688e+01
2.370328712463378906e+01
2.606389045715332031e+01
3.056800460815429688e+01
1.972876739501953125e+01
1.914286994934082031e+01
1.998411750793457031e+01
3.109567070007324219e+01
1.289166641235351562e+01
4.910729217529296875e+01
2.253789138793945312e+01
1.460807609558105469e+01
1.639336776733398438e+01
1.530176353454589844e+01
2.347422981262207031e+01
2.433256912231445312e+01
2.390594482421875000e+01
9.243250846862792969e+00
1.339450454711914062e+01
1.813661766052246094e+01
3.955047988891601562e+01
1.390338420867919922e+01
2.514383888244628906e+01
1.848373985290527344e+01
4.847727203369140625e+01
1.492509746551513672e+01
1.914807128906250000e+01
2.467992401123046875e+01
1.498020553588867188e+01
3.669239044189453125e+01
1.536355876922607422e+01
1.834061431884765625e+01
2.242529678344726562e+01
2.200929450988769531e+01
2.808810234069824219e+01
1.394140243530273438e+01
1.522735500335693359e+01
8.552830696105957031e+00
5.091787719726562500e+01
1.391492557525634766e+01
2.490501213073730469e+01
1.828288841247558594e+01
2.884903144836425781e+01
2.071918296813964844e+01
2.665055084228515625e+01
2.421403121948242188e+01
8.014712333679199219e+00
2.233570289611816406e+01
8.687108039855957031e+00
2.232982826232910156e+01
1.811732673645019531e+01
4.566864013671875000e+01
1.568005371093750000e+01
2.685290908813476562e+01
1.355002021789550781e+01
1.543227577209472656e+01
2.291019248962402344e+01
3.765277099609375000e+01
4.539431762695312500e+01
1.647207641601562500e+01
2.160357666015625000e+01
2.193952178955078125e+01
2.337458610534667969e+01
9.158058166503906250e+00
2.271418380737304688e+01
2.121681785583496094e+01
2.111252212524414062e+01
2.297397804260253906e+01
5.399254989624023438e+01
2.060420417785644531e+01
2.342803382873535156e+01
3.514371871948242188e+01
1.885085678100585938e+01
1.936730194091796875e+01
3.499685668945312500e+01
1.110453510284423828e+01
2.257766723632812500e+01
2.276696777343750000e+01
1.358548641204833984e+01
2.559169578552246094e+01
1.875496864318847656e+01
1.764413070678710938e+01
2.494565963745117188e+01
5.183791351318359375e+01
1.410706615447998047e+01
2.139031028747558594e+01
1.128710651397705078e+01
1.874753189086914062e+01
2.281665611267089844e+01
2.361703681945800781e+01
4.536562347412109375e+01
2.253952598571777344e+01
1.031547355651855469e+01
1.409474563598632812e+01
2.360356903076171875e+01
2.380060195922851562e+01
8.305954933166503906e+00
2.070396423339843750e+01
1.362324523925781250e+01
2.946687316894531250e+01
2.948818588256835938e+01
2.761694717407226562e+01
4.503308868408203125e+01
2.419452667236328125e+01
1.042593288421630859e+01
3.348242950439453125e+01
3.597813796997070312e+01
3.636791229248046875e+01
1.996148681640625000e+01
1.997019958496093750e+01
3.466131210327148438e+01
5.016529846191406250e+01
1.923154830932617188e+01
1.289896297454833984e+01
2.712343025207519531e+01
1.888262939453125000e+01
2.356518554687500000e+01
2.236415100097656250e+01
2.347882652282714844e+01
1.790179061889648438e+01
2.285799980163574219e+01
2.810785102844238281e+01
2.105866622924804688e+01
2.298407745361328125e+01
2.447749328613281250e+01
1.128864860534667969e+01
2.341250801086425781e+01
3.565769195556640625e+01
1.326619243621826172e+01
1.391183471679687500e+01
4.071624755859375000e+01
1.026366329193115234e+01
2.225318717956542969e+01
1.780979156494140625e+01
2.001680183410644531e+01
2.418748092651367188e+01
3.019405746459960938e+01
2.323068618774414062e+01
2.377683448791503906e+01
1.746102333068847656e+01
2.704563522338867188e+01
1.985025978088378906e+01
3.444258880615234375e+01
1.385235500335693359e+01
1.969335174560546875e+01
1.580681228637695312e+01
1.298882770538330078e+01
2.862172698974609375e+01
3.198080444335937500e+01
2.521994781494140625e+01
2.432631492614746094e+01
2.659875106811523438e+01
4.528538513183593750e+01
2.393582916259765625e+01
2.607467460632324219e+01
1.536451339721679688e+01
2.079986381530761719e+01
2.022044563293457031e+01
2.359305953979492188e+01
9.751579284667968750e+00
1.665910339355468750e+01
2.456448554992675781e+01
2.239332199096679688e+01
2.140776062011718750e+01
1.499136924743652344e+01
3.030224418640136719e+01
1.937134170532226562e+01
2.364594841003417969e+01
3.072114944458007812e+01
2.011496543884277344e+01
5.198683929443359375e+01
2.025008964538574219e+01
2.165143966674804688e+01
2.254247283935546875e+01
1.799505424499511719e+01
2.910145950317382812e+01
1.164002513885498047e+01
2.158871459960937500e+01
1.994837951660156250e+01
3.583470535278320312e+01
1.973469161987304688e+01
2.298678779602050781e+01
2.161042022705078125e+01
1.394130134582519531e+01
2.040697479248046875e+01
1.558164882659912109e+01
1.596256828308105469e+01
1.912994003295898438e+01
4.250838470458984375e+01
1.919137573242187500e+01
5.005405044555664062e+01
5.257638168334960938e+01
1.650835227966308594e+01
1.843279075622558594e+01
2.613943672180175781e+01
1.731427383422851562e+01
1.805952835083007812e+01
2.790121269226074219e+01
2.461927604675292969e+01
2.049948501586914062e+01
2.036642074584960938e+01
1.918727874755859375e+01
2.279192733764648438e+01
2.004629135131835938e+01
2.852987861633300781e+01
1.819580459594726562e+01
2.155301475524902344e+01
2.473258590698242188e+01
1.712412643432617188e+01
1.452726936340332031e+01
2.219771575927734375e+01
2.017826461791992188e+01
2.300630187988281250e+01
1.872014045715332031e+01
1.817096519470214844e+01
1.869217872619628906e+01
2.366072463989257812e+01
3.131817626953125000e+01
2.399296188354492188e+01
1.028581905364990234e+01
2.021625328063964844e+01
3.289570617675781250e+01
1.489226055145263672e+01
1.542362022399902344e+01
2.532463455200195312e+01
2.316598510742187500e+01
9.961643218994140625e+00
2.416452980041503906e+01
1.879405975341796875e+01
4.329291152954101562e+01
4.769026947021484375e+01
2.322809219360351562e+01
2.020932960510253906e+01
7.669280052185058594e+00
2.260027122497558594e+01
5.178173065185546875e+01
2.300528907775878906e+01
3.203371810913085938e+01
2.425115776062011719e+01
1.888910484313964844e+01
2.893640518188476562e+01
1.040883731842041016e+01
1.639252853393554688e+01
1.329628181457519531e+01
3.135421371459960938e+01
1.835658264160156250e+01
9.239885330200195312e+00
2.766210556030273438e+01
1.431244659423828125e+01
1.574128150939941406e+01
2.766120529174804688e+01
3.033054733276367188e+01
1.715756225585937500e+01
2.936288452148437500e+01
1.012428092956542969e+01
1.928838920593261719e+01
3.138623046875000000e+01
2.487999343872070312e+01
4.702783966064453125e+01
2.635224151611328125e+01
1.806806564331054688e+01
2.254177474975585938e+01
3.235896301269531250e+01
1.682823562622070312e+01
2.218562316894531250e+01
1.594748115539550781e+01
2.453904533386230469e+01
2.610327529907226562e+01
2.552682113647460938e+01
2.106682014465332031e+01
2.264061546325683594e+01
1.846590614318847656e+01
5.809837341308593750e+00
1.991187286376953125e+01
2.024540901184082031e+01
2.395236587524414062e+01
2.069083595275878906e+01
1.209700584411621094e+01
2.442719268798828125e+01
1.537364006042480469e+01
1.304392051696777344e+01
3.381341552734375000e+01
9.254179954528808594e+00
7.247068405151367188e+00
2.840419387817382812e+01
1.973822021484375000e+01
2.076608276367187500e+01
1.565390777587890625e+01
3.370587158203125000e+01
2.384761428833007812e+01
2.608563613891601562e+01
6.959890365600585938e+00
1.395920562744140625e+01
1.021014881134033203e+01
2.376492118835449219e+01
1.430423164367675781e+01
2.078875541687011719e+01
2.473194503784179688e+01
9.243211746215820312e+00
1.632070732116699219e+01
2.845180892944335938e+01
2.317740440368652344e+01
1.978129005432128906e+01
3.275645065307617188e+01
2.384988784790039062e+01
2.454727554321289062e+01
1.629702186584472656e+01
2.704470634460449219e+01
1.786845207214355469e+01
2.332163047790527344e+01
1.967257308959960938e+01
3.258692169189453125e+01
1.941275024414062500e+01
1.608355140686035156e+01
2.574503898620605469e+01
2.403272628784179688e+01
1.560010147094726562e+01
3.011979675292968750e+01
2.132920074462890625e+01
2.351167869567871094e+01
1.239850902557373047e+01
1.205700683593750000e+01
1.353460216522216797e+01
3.446415710449218750e+01
2.894227981567382812e+01
2.387240219116210938e+01
1.662813568115234375e+01
9.584331512451171875e+00
1.425083446502685547e+01
1.110386371612548828e+01
3.429141616821289062e+01
3.993035125732421875e+01
2.045771408081054688e+01
2.767330360412597656e+01
2.016740989685058594e+01
1.108950996398925781e+01
1.900029563903808594e+01
7.820293426513671875e+00
1.884123992919921875e+01
2.298995399475097656e+01
2.242472076416015625e+01
2.754351806640625000e+01
3.110658264160156250e+01
2.467819023132324219e+01
2.363570594787597656e+01
3.721108245849609375e+01
6.761869430541992188e+00
1.961727905273437500e+01
1.989450263977050781e+01
2.798104858398437500e+01
2.086809158325195312e+01
2.870220756530761719e+01
2.132187271118164062e+01
5.353329849243164062e+01
1.941020011901855469e+01
2.090975570678710938e+01
3.038622665405273438e+01
1.441727638244628906e+01
1.550805664062500000e+01
4.207569503784179688e+01
1.538113594055175781e+01
1.860745811462402344e+01
2.255586814880371094e+01
1.361562919616699219e+01
2.069981002807617188e+01
2.118507194519042969e+01
2.229326057434082031e+01
2.264920043945312500e+01
3.020900344848632812e+01
2.367438507080078125e+01
1.053730964660644531e+01
2.149666595458984375e+01
2.042299652099609375e+01
1.695312309265136719e+01
1.326735591888427734e+01
9.808754920959472656e+00
1.948823738098144531e+01
2.149570465087890625e+01
3.418282318115234375e+01
2.177338027954101562e+01
3.201737976074218750e+01
1.843334197998046875e+01
1.569534206390380859e+01
1.046764945983886719e+01
3.470484161376953125e+01
2.457045555114746094e+01
4.708366394042968750e+01
4.203313064575195312e+01
1.973817253112792969e+01
3.100777053833007812e+01
2.205550765991210938e+01
5.478254699707031250e+01
2.304170989990234375e+01
3.235135650634765625e+01
1.972525405883789062e+01
1.471987915039062500e+01
2.467633628845214844e+01
3.226314163208007812e+01
2.403911018371582031e+01
2.415033149719238281e+01
2.355134010314941406e+01
8.422881126403808594e+00
2.288924789428710938e+01
2.408202171325683594e+01
1.448202705383300781e+01
1.306908702850341797e+01
2.919530487060546875e+01
2.183142662048339844e+01
1.790078926086425781e+01
5.186478805541992188e+01
2.161984634399414062e+01
1.856103134155273438e+01
1.519268226623535156e+01
1.857452774047851562e+01
1.003307342529296875e+01
3.530590057373046875e+01
1.650214576721191406e+01
4.763604736328125000e+01
2.182975769042968750e+01
2.060415840148925781e+01
1.992632865905761719e+01
1.745827102661132812e+01
4.695327758789062500e+01
1.816617393493652344e+01
4.036168289184570312e+01
2.613733863830566406e+01
1.368883323669433594e+01
3.404535293579101562e+01
3.254794692993164062e+01
1.977669143676757812e+01
2.051972007751464844e+01
4.717977142333984375e+01
1.928382110595703125e+01
1.903417205810546875e+01
2.400446319580078125e+01
1.651701354980468750e+01
2.001969909667968750e+01
2.394438934326171875e+01
4.614842224121093750e+01
3.516208648681640625e+01
2.056304359436035156e+01
1.927417564392089844e+01
5.564674377441406250e+00
9.375535964965820312e+00
2.073667335510253906e+01
1.227118206024169922e+01
2.183188247680664062e+01
