4.798239135742187500e+01
4.491304779052734375e+01
2.340410232543945312e+01
2.475574874877929688e+01
1.287276840209960938e+01
3.077911949157714844e+01
1.839865684509277344e+01
1.322678279876708984e+01
2.687107849121093750e+01
1.897629356384277344e+01
2.568252944946289062e+01
2.487790298461914062e+01
8.961881637573242188e+00
4.545068359375000000e+01
1.529784488677978516e+01
3.290475463867187500e+01
1.379361724853515625e+01
2.333296585083007812e+01
1.029034709930419922e+01
3.218196487426757812e+01
3.520255661010742188e+01
2.252382850646972656e+01
2.175185394287109375e+01
2.147391128540039062e+01
2.162731361389160156e+01
2.275984573364257812e+01
2.864431953430175781e+01
6.963470458984375000e+00
2.350230979919433594e+01
2.206047058105468750e+01
1.557056808471679688e+01
2.225382423400878906e+01
1.969886016845703125e+01
1.852373886108398438e+01
1.945259284973144531e+01
1.715125656127929688e+01
2.552388191223144531e+01
2.669044113159179688e+01
2.923543167114257812e+01
2.223816299438476562e+01
2.094659805297851562e+01
8.940004348754882812e+00
1.964070129394531250e+01
2.707024574279785156e+01
2.473823547363281250e+01
2.355958366394042969e+01
1.485868072509765625e+01
1.341374874114990234e+01
3.432390213012695312e+01
1.839363670349121094e+01
2.932416152954101562e+01
2.124217987060546875e+01
2.515995216369628906e+01
3.553612518310546875e+01
5.287360000610351562e+01
2.680024528503417969e+01
2.769035339355468750e+01
1.857506942749023438e+01
3.584027862548828125e+01
2.101109313964843750e+01
4.270384216308593750e+01
1.577765750885009766e+01
2.343900680541992188e+01
3.206986236572265625e+01
3.630797576904296875e+01
3.110921478271484375e+01
1.617301177978515625e+01
4.704403686523437500e+01
4.503614807128906250e+01
2.295203971862792969e+01
1.802433395385742188e+01
3.203031158447265625e+01
1.830938911437988281e+01
1.743164062500000000e+01
6.278738021850585938e+00
1.641901588439941406e+01
1.544141483306884766e+01
1.906689453125000000e+01
2.030216026306152344e+01
1.400840377807617188e+01
3.642066192626953125e+01
3.610909271240234375e+01
1.821844291687011719e+01
5.283988952636718750e+00
2.394128036499023438e+01
1.823061752319335938e+01
1.547683715820312500e+01
3.415468597412109375e+01
1.952819633483886719e+01
2.818018913269042969e+01
2.120826148986816406e+01
2.492123413085937500e+01
3.397689819335937500e+01
1.840370941162109375e+01
1.366318607330322266e+01
2.696657562255859375e+01
1.669971466064453125e+01
9.458024978637695312e+00
5.065312957763671875e+01
2.977602386474609375e+01
2.432397270202636719e+01
2.413973426818847656e+01
9.460927009582519531e+00
1.762787246704101562e+01
2.196097755432128906e+01
3.993986892700195312e+01
1.302062225341796875e+01
1.883600044250488281e+01
3.298566436767578125e+01
2.366736602783203125e+01
2.785223197937011719e+01
2.918767929077148438e+01
2.356517982482910156e+01
5.093276977539062500e+01
1.997690200805664062e+01
2.301313209533691406e+01
1.651336479187011719e+01
2.024060249328613281e+01
1.968072700500488281e+01
2.702847671508789062e+01
1.641613006591796875e+01
1.098554039001464844e+01
1.204768180847167969e+01
4.559150695800781250e+01
1.606101608276367188e+01
1.087923240661621094e+01
2.535911369323730469e+01
1.703587722778320312e+01
1.612182998657226562e+01
3.513645172119140625e+01
3.259347915649414062e+01
1.675410842895507812e+01
2.012773513793945312e+01
3.478720092773437500e+01
2.390800476074218750e+01
2.443739700317382812e+01
1.577077293395996094e+01
1.421780872344970703e+01
1.421313571929931641e+01
1.608455467224121094e+01
2.528549575805664062e+01
4.542832183837890625e+01
1.985081291198730469e+01
1.785406112670898438e+01
2.378671646118164062e+01
2.331960487365722656e+01
2.140385818481445312e+01
2.185847282409667969e+01
4.776319885253906250e+01
3.086730575561523438e+01
2.294467353820800781e+01
3.554326248168945312e+01
2.016138267517089844e+01
2.443273353576660156e+01
1.866146850585937500e+01
2.288104820251464844e+01
2.879885673522949219e+01
7.771488189697265625e+00
2.078998565673828125e+01
2.105319404602050781e+01
2.112220954895019531e+01
2.055996513366699219e+01
4.819550323486328125e+01
1.854392242431640625e+01
2.902179336547851562e+01
3.032094573974609375e+01
2.273579788208007812e+01
2.561435699462890625e+01
3.398991775512695312e+01
1.523323345184326172e+01
1.280389308929443359e+01
4.691622161865234375e+01
2.380429077148437500e+01
2.025362205505371094e+01
1.890477180480957031e+01
3.382717132568359375e+01
2.906117057800292969e+01
2.072016525268554688e+01
1.057362842559814453e+01
3.269762039184570312e+01
2.413241577148437500e+01
2.068835830688476562e+01
2.419540405273437500e+01
3.194900321960449219e+01
5.010967636108398438e+01
1.612609481811523438e+01
3.510720825195312500e+01
1.880326271057128906e+01
3.460338592529296875e+01
1.347578430175781250e+01
1.899271583557128906e+01
2.726264953613281250e+01
2.114339256286621094e+01
3.599204254150390625e+01
1.802130126953125000e+01
1.814435577392578125e+01
2.281042861938476562e+01
1.865729141235351562e+01
6.364358901977539062e+00
1.692240715026855469e+01
4.781125640869140625e+01
9.912078857421875000e+00
2.615402793884277344e+01
1.225015926361083984e+01
2.012270545959472656e+01
2.102912712097167969e+01
1.714871215820312500e+01
2.356278419494628906e+01
2.033554649353027344e+01
4.995520782470703125e+01
1.436609268188476562e+01
1.593123149871826172e+01
1.109113311767578125e+01
8.972067832946777344e+00
1.525582408905029297e+01
1.966296768188476562e+01
1.888574981689453125e+01
1.108064365386962891e+01
2.246796989440917969e+01
1.628586959838867188e+01
2.426201629638671875e+01
2.431674575805664062e+01
2.485092353820800781e+01
1.525189971923828125e+01
2.059549522399902344e+01
1.463654136657714844e+01
3.336418914794921875e+01
1.723450851440429688e+01
2.300150489807128906e+01
1.907342338562011719e+01
2.492150306701660156e+01
1.361680698394775391e+01
2.244735336303710938e+01
2.615327072143554688e+01
2.117465972900390625e+01
1.656197929382324219e+01
1.397494697570800781e+01
2.113477134704589844e+01
4.351528930664062500e+01
1.391381931304931641e+01
1.068576526641845703e+01
2.345362854003906250e+01
1.770853805541992188e+01
1.817994689941406250e+01
1.977766799926757812e+01
1.499298667907714844e+01
3.691573715209960938e+01
2.481787872314453125e+01
3.450764083862304688e+01
1.868824577331542969e+01
2.204338073730468750e+01
1.734223175048828125e+01
2.224873352050781250e+01
2.014995384216308594e+01
2.382578277587890625e+01
2.063786506652832031e+01
2.447014236450195312e+01
2.166132736206054688e+01
2.188269615173339844e+01
1.722965431213378906e+01
3.131025314331054688e+01
3.503617095947265625e+01
1.073351764678955078e+01
2.752720642089843750e+01
4.911235046386718750e+01
2.090159797668457031e+01
1.657249641418457031e+01
2.149211883544921875e+01
1.743827438354492188e+01
1.686520957946777344e+01
1.306399536132812500e+01
2.092345809936523438e+01
2.127063369750976562e+01
5.146348190307617188e+01
2.039044952392578125e+01
1.914317893981933594e+01
2.587493133544921875e+01
1.460272216796875000e+01
2.110346794128417969e+01
3.638817214965820312e+01
9.366131782531738281e+00
2.615595626831054688e+01
8.835315704345703125e+00
2.444297790527343750e+01
2.256630516052246094e+01
2.011815643310546875e+01
2.735357856750488281e+01
2.262185287475585938e+01
1.102740955352783203e+01
2.045381164550781250e+01
2.486426544189453125e+01
2.128493881225585938e+01
1.990143013000488281e+01
1.108083343505859375e+01
2.328005027770996094e+01
2.485700225830078125e+01
2.371806526184082031e+01
1.448719310760498047e+01
2.364140701293945312e+01
2.407088851928710938e+01
1.916375350952148438e+01
2.160559272766113281e+01
2.462879562377929688e+01
2.403534126281738281e+01
1.118258857727050781e+01
1.010563659667968750e+01
3.897243118286132812e+01
3.978986358642578125e+01
1.322109508514404297e+01
2.269445228576660156e+01
3.610185623168945312e+01
9.373994827270507812e+00
1.966211700439453125e+01
2.367259979248046875e+01
1.388515663146972656e+01
1.625668334960937500e+01
1.501763820648193359e+01
2.565194702148437500e+01
2.349143028259277344e+01
2.194026756286621094e+01
1.908483314514160156e+01
1.328295421600341797e+01
1.764050292968750000e+01
1.894258117675781250e+01
2.476576042175292969e+01
5.243893814086914062e+01
2.117239761352539062e+01
2.417361831665039062e+01
2.494177246093750000e+01
2.508024978637695312e+01
2.555554962158203125e+01
2.364058685302734375e+01
1.648341751098632812e+01
2.906056976318359375e+01
2.223514938354492188e+01
1.956801986694335938e+01
7.278761863708496094e+00
2.085795593261718750e+01
1.305661201477050781e+01
1.922213172912597656e+01
4.429922485351562500e+01
1.628021240234375000e+01
2.097749519348144531e+01
2.154596900939941406e+01
3.142171478271484375e+01
1.494216728210449219e+01
1.538491439819335938e+01
3.971834564208984375e+01
2.088546752929687500e+01
8.317598342895507812e+00
1.918714904785156250e+01
2.068727302551269531e+01
2.269934463500976562e+01
2.434159660339355469e+01
1.816985702514648438e+01
2.036474990844726562e+01
1.914690780639648438e+01
4.585394287109375000e+01
2.111952018737792969e+01
3.478630447387695312e+01
1.655922698974609375e+01
2.803650474548339844e+01
3.059737586975097656e+01
1.440914058685302734e+01
1.944081687927246094e+01
2.075353240966796875e+01
1.768768119812011719e+01
2.266257286071777344e+01
2.408555221557617188e+01
2.268136024475097656e+01
1.661179351806640625e+01
2.511629486083984375e+01
1.004357242584228516e+01
3.314947128295898438e+01
2.151556968688964844e+01
8.312943458557128906e+00
2.487426948547363281e+01
2.252621269226074219e+01
1.293402481079101562e+01
1.992147445678710938e+01
2.366923713684082031e+01
2.321766662597656250e+01
2.038891220092773438e+01
1.862777519226074219e+01
2.436606216430664062e+01
2.001969528198242188e+01
1.993176841735839844e+01
2.371796989440917969e+01
1.493526840209960938e+01
2.708092308044433594e+01
1.186445617675781250e+01
2.925762176513671875e+01
2.869121170043945312e+01
1.202672386169433594e+01
2.981035232543945312e+01
1.063054370880126953e+01
1.930808639526367188e+01
1.414480590820312500e+01
4.874963378906250000e+01
1.110795974731445312e+01
2.002489662170410156e+01
2.299395370483398438e+01
1.105393505096435547e+01
3.494776916503906250e+01
3.084723281860351562e+01
1.371101951599121094e+01
1.915555191040039062e+01
1.720144653320312500e+01
4.043545532226562500e+01
2.947750473022460938e+01
2.149149322509765625e+01
1.288475418090820312e+01
3.082975006103515625e+01
2.467478752136230469e+01
1.935408782958984375e+01
2.399582672119140625e+01
9.466630935668945312e+00
4.766112518310546875e+01
1.719365692138671875e+01
1.906974220275878906e+01
2.198234558105468750e+01
1.605951690673828125e+01
1.680301094055175781e+01
1.437971687316894531e+01
2.098686790466308594e+01
1.789897346496582031e+01
2.300341796875000000e+01
1.438815879821777344e+01
2.199261474609375000e+01
3.381967926025390625e+01
2.315509605407714844e+01
1.447236824035644531e+01
3.281182098388671875e+01
2.893275451660156250e+01
1.076966667175292969e+01
2.469730758666992188e+01
2.091434288024902344e+01
2.072373962402343750e+01
2.501204490661621094e+01
2.514303588867187500e+01
2.118197441101074219e+01
3.176051330566406250e+01
2.366139030456542969e+01
1.938999557495117188e+01
1.369118118286132812e+01
2.069640922546386719e+01
3.239128494262695312e+01
2.834469223022460938e+01
2.114475059509277344e+01
2.167793846130371094e+01
2.191208648681640625e+01
2.565467834472656250e+01
1.272549629211425781e+01
1.343591022491455078e+01
2.214244461059570312e+01
