9.230744361877441406e+00
2.196602439880371094e+01
1.402597999572753906e+01
2.434105682373046875e+01
3.293777465820312500e+01
1.734120559692382812e+01
2.129430389404296875e+01
1.887292480468750000e+01
1.440550613403320312e+01
4.660484695434570312e+01
2.447141456604003906e+01
1.907089996337890625e+01
3.572332382202148438e+01
2.235147285461425781e+01
1.894720077514648438e+01
2.327264022827148438e+01
3.289999008178710938e+01
1.954908943176269531e+01
1.571282768249511719e+01
2.070408630371093750e+01
2.236423110961914062e+01
2.402245903015136719e+01
1.628106689453125000e+01
2.142807388305664062e+01
1.291681385040283203e+01
5.071628570556640625e+01
4.454742431640625000e+01
2.219865989685058594e+01
1.699785041809082031e+01
2.361901473999023438e+01
1.419824600219726562e+01
2.322164916992187500e+01
2.355344963073730469e+01
2.220718955993652344e+01
2.993865203857421875e+01
2.246709823608398438e+01
1.602124404907226562e+01
2.150928878784179688e+01
2.379881477355957031e+01
2.293462181091308594e+01
2.030395698547363281e+01
1.880246162414550781e+01
1.367388057708740234e+01
5.033715820312500000e+01
2.960847854614257812e+01
1.403264808654785156e+01
9.778241157531738281e+00
1.565333461761474609e+01
1.234094715118408203e+01
4.947965621948242188e+01
2.735591888427734375e+01
2.548389816284179688e+01
2.727197456359863281e+01
2.817074775695800781e+01
2.021924209594726562e+01
3.590024948120117188e+01
1.879430770874023438e+01
1.886157417297363281e+01
2.124784278869628906e+01
1.926603698730468750e+01
1.452972698211669922e+01
2.287953567504882812e+01
2.145854187011718750e+01
2.002604293823242188e+01
2.364605712890625000e+01
2.146018981933593750e+01
2.406665229797363281e+01
1.854346466064453125e+01
3.614835739135742188e+01
1.258816146850585938e+01
1.978571128845214844e+01
1.484523391723632812e+01
4.911285018920898438e+01
1.423576545715332031e+01
9.503822326660156250e+00
1.764905166625976562e+01
1.761803817749023438e+01
2.404833030700683594e+01
3.754714202880859375e+01
2.533477783203125000e+01
2.779611587524414062e+01
2.320161819458007812e+01
2.473453140258789062e+01
2.246293830871582031e+01
1.727662277221679688e+01
1.845262145996093750e+01
1.310473537445068359e+01
1.096569442749023438e+01
2.297249221801757812e+01
9.567170143127441406e+00
1.826977348327636719e+01
1.793396186828613281e+01
2.918524742126464844e+01
1.750238418579101562e+01
7.689432144165039062e+00
3.916447448730468750e+01
1.166457176208496094e+01
3.480008697509765625e+01
2.326693534851074219e+01
2.193608474731445312e+01
3.308147430419921875e+01
1.616769790649414062e+01
3.215737915039062500e+01
3.132324981689453125e+01
1.522161674499511719e+01
4.992609024047851562e+01
1.960024833679199219e+01
1.484107780456542969e+01
2.751207733154296875e+01
2.340311050415039062e+01
2.814087104797363281e+01
1.501059818267822266e+01
2.301781082153320312e+01
3.511412811279296875e+01
1.851260185241699219e+01
4.512624359130859375e+01
1.782546997070312500e+01
1.330821895599365234e+01
1.335396671295166016e+01
1.372868061065673828e+01
2.633687973022460938e+01
2.126548957824707031e+01
1.776248168945312500e+01
3.427140045166015625e+01
1.001896095275878906e+01
2.297570610046386719e+01
1.901029968261718750e+01
3.510192108154296875e+01
1.484816837310791016e+01
2.058687591552734375e+01
2.242467498779296875e+01
1.966194725036621094e+01
1.777603721618652344e+01
1.617038345336914062e+01
2.060682106018066406e+01
2.191329383850097656e+01
2.882288742065429688e+01
1.571485233306884766e+01
2.229456329345703125e+01
1.981168365478515625e+01
2.750615310668945312e+01
1.634440612792968750e+01
1.784589004516601562e+01
2.254896736145019531e+01
9.197370529174804688e+00
1.360633182525634766e+01
1.314964675903320312e+01
2.342930221557617188e+01
2.366777038574218750e+01
2.664605331420898438e+01
1.765907096862792969e+01
5.020174789428710938e+01
1.005597591400146484e+01
1.080298137664794922e+01
1.802210426330566406e+01
4.383264923095703125e+01
2.098996353149414062e+01
3.295431518554687500e+01
2.327554130554199219e+01
3.590863418579101562e+01
4.953009033203125000e+01
2.350592422485351562e+01
3.339146804809570312e+01
3.399155426025390625e+01
1.295448875427246094e+01
2.425199317932128906e+01
2.181063461303710938e+01
5.979362487792968750e+00
1.717363929748535156e+01
2.338411521911621094e+01
1.945801734924316406e+01
2.229532623291015625e+01
2.196367263793945312e+01
4.376002502441406250e+01
2.334093284606933594e+01
2.399736404418945312e+01
2.011023521423339844e+01
2.235155487060546875e+01
3.065851402282714844e+01
1.856090545654296875e+01
1.781167411804199219e+01
2.021438026428222656e+01
1.716917037963867188e+01
1.510451889038085938e+01
2.230223464965820312e+01
1.886573410034179688e+01
2.225991439819335938e+01
2.127443885803222656e+01
1.240961074829101562e+01
1.414334011077880859e+01
3.331686401367187500e+01
2.973208808898925781e+01
2.362199020385742188e+01
1.411160087585449219e+01
1.803209304809570312e+01
2.032072067260742188e+01
2.463020706176757812e+01
2.859895133972167969e+01
1.625481796264648438e+01
2.590351676940917969e+01
3.289142990112304688e+01
2.141363906860351562e+01
2.385576629638671875e+01
3.480488204956054688e+01
2.546710014343261719e+01
1.940983200073242188e+01
2.116102409362792969e+01
2.425074386596679688e+01
4.301094055175781250e+01
1.911733055114746094e+01
1.572664737701416016e+01
7.863919258117675781e+00
2.200446891784667969e+01
1.946022605895996094e+01
2.353069877624511719e+01
2.702411842346191406e+01
1.539225482940673828e+01
9.085784912109375000e+00
2.848287010192871094e+01
2.315365982055664062e+01
1.866166687011718750e+01
2.634573745727539062e+01
2.187279701232910156e+01
5.047366333007812500e+01
2.055403709411621094e+01
2.490592575073242188e+01
1.371600532531738281e+01
1.377243328094482422e+01
9.767830848693847656e+00
2.318752670288085938e+01
2.337897109985351562e+01
9.956818580627441406e+00
1.773820686340332031e+01
1.985637283325195312e+01
4.748173522949218750e+01
4.421893310546875000e+01
4.910111236572265625e+01
4.028326034545898438e+01
3.040083694458007812e+01
2.919526863098144531e+01
2.045896720886230469e+01
2.340473747253417969e+01
8.483156204223632812e+00
2.985996818542480469e+01
2.653096580505371094e+01
4.475716018676757812e+01
1.859058952331542969e+01
1.995772361755371094e+01
1.951620864868164062e+01
2.292092323303222656e+01
1.549590873718261719e+01
3.290841674804687500e+01
1.887751197814941406e+01
1.817333412170410156e+01
1.895330619812011719e+01
2.607677459716796875e+01
3.184703445434570312e+01
2.460842895507812500e+01
2.185457992553710938e+01
2.128743743896484375e+01
7.389955520629882812e+00
9.637617111206054688e+00
2.332730484008789062e+01
1.997805213928222656e+01
2.375672149658203125e+01
2.105877113342285156e+01
2.986839294433593750e+01
1.795333480834960938e+01
3.369617080688476562e+01
1.833255386352539062e+01
4.839382171630859375e+01
1.655775642395019531e+01
2.894118118286132812e+01
2.423988914489746094e+01
2.160912132263183594e+01
2.343919372558593750e+01
1.734184837341308594e+01
1.866469192504882812e+01
2.141484642028808594e+01
1.916557121276855469e+01
2.192332649230957031e+01
1.119947338104248047e+01
1.838102531433105469e+01
2.826092910766601562e+01
1.028380489349365234e+01
1.291837692260742188e+01
2.440883445739746094e+01
1.677872276306152344e+01
1.425582218170166016e+01
2.365472602844238281e+01
1.713433456420898438e+01
2.960993003845214844e+01
4.888150787353515625e+01
2.848237228393554688e+01
2.060411262512207031e+01
2.398201560974121094e+01
3.329321289062500000e+01
2.777250671386718750e+01
1.793502807617187500e+01
2.005879211425781250e+01
1.469299411773681641e+01
2.298483657836914062e+01
2.066700363159179688e+01
2.048268318176269531e+01
1.058356094360351562e+01
1.300547981262207031e+01
1.580921459197998047e+01
2.284972381591796875e+01
1.726699066162109375e+01
1.949600219726562500e+01
3.682859420776367188e+01
1.589928722381591797e+01
1.876472091674804688e+01
1.796801376342773438e+01
1.514763450622558594e+01
2.518544387817382812e+01
9.132962226867675781e+00
2.437737083435058594e+01
2.016545295715332031e+01
1.983511924743652344e+01
1.374894142150878906e+01
1.527135848999023438e+01
1.952385902404785156e+01
7.989473342895507812e+00
3.198585510253906250e+01
2.212731361389160156e+01
1.591903877258300781e+01
2.837942504882812500e+01
2.369753837585449219e+01
3.915727233886718750e+01
1.536045455932617188e+01
2.370014762878417969e+01
4.102189254760742188e+01
2.182493972778320312e+01
3.016301536560058594e+01
2.407893943786621094e+01
1.964981842041015625e+01
4.058135986328125000e+01
1.585936641693115234e+01
1.565732002258300781e+01
2.354220771789550781e+01
3.370571517944335938e+01
1.998336982727050781e+01
2.391550445556640625e+01
2.984824180603027344e+01
2.360154724121093750e+01
1.594927406311035156e+01
8.310028076171875000e+00
4.808353424072265625e+01
3.467210388183593750e+01
2.067756843566894531e+01
1.391957759857177734e+01
3.523154067993164062e+01
2.833596420288085938e+01
1.307606315612792969e+01
1.991199874877929688e+01
2.884124755859375000e+01
2.428120613098144531e+01
2.023064804077148438e+01
1.394880962371826172e+01
2.660239219665527344e+01
1.975519752502441406e+01
2.045756149291992188e+01
1.104095935821533203e+01
3.368104934692382812e+01
1.667070388793945312e+01
2.348136138916015625e+01
2.239939308166503906e+01
3.181177711486816406e+01
9.662344932556152344e+00
1.916291427612304688e+01
2.101542663574218750e+01
2.195183753967285156e+01
1.200119113922119141e+01
2.094563674926757812e+01
2.098557853698730469e+01
1.993481254577636719e+01
2.668412399291992188e+01
2.081747245788574219e+01
1.606705856323242188e+01
2.234154701232910156e+01
1.761228561401367188e+01
1.206364345550537109e+01
2.377689361572265625e+01
5.241871643066406250e+01
2.403747367858886719e+01
1.995719337463378906e+01
3.264476013183593750e+01
3.126734542846679688e+01
2.444650840759277344e+01
1.869555664062500000e+01
2.135918807983398438e+01
1.551982498168945312e+01
2.303118133544921875e+01
1.278489112854003906e+01
2.319624900817871094e+01
1.175366783142089844e+01
2.906161499023437500e+01
2.485745048522949219e+01
2.202657318115234375e+01
2.564818572998046875e+01
2.281352424621582031e+01
1.559971046447753906e+01
1.699770736694335938e+01
2.569495773315429688e+01
2.367794990539550781e+01
1.526462745666503906e+01
2.518811035156250000e+01
2.164073753356933594e+01
4.065581130981445312e+01
1.895929145812988281e+01
1.046218585968017578e+01
2.510605239868164062e+01
1.085210418701171875e+01
1.402859687805175781e+01
1.235929489135742188e+01
2.199551391601562500e+01
4.563334655761718750e+01
4.973546600341796875e+01
1.836125946044921875e+01
3.142313766479492188e+01
1.878074073791503906e+01
2.005486488342285156e+01
1.299277019500732422e+01
4.235293579101562500e+01
3.709864807128906250e+01
1.378711509704589844e+01
1.708156585693359375e+01
2.467184448242187500e+01
4.981644439697265625e+01
1.106925010681152344e+01
1.687039184570312500e+01
2.129844665527343750e+01
2.408028602600097656e+01
3.080829238891601562e+01
1.499776268005371094e+01
2.407350540161132812e+01
1.821122741699218750e+01
3.254252624511718750e+01
1.648843955993652344e+01
6.072042465209960938e+00
2.445209693908691406e+01
2.918527793884277344e+01
1.159181213378906250e+01
3.576167678833007812e+01
2.375891876220703125e+01
2.239255905151367188e+01
1.013683319091796875e+01
8.831680297851562500e+00
1.539003944396972656e+01
3.482076644897460938e+01
2.573665046691894531e+01
3.435750961303710938e+01
2.412478256225585938e+01
1.590946769714355469e+01
