1.396283245086669922e+01
4.888149261474609375e+01
3.667912292480468750e+01
1.865331268310546875e+01
2.011677169799804688e+01
3.032283020019531250e+01
1.841587829589843750e+01
8.291541099548339844e+00
7.636321067810058594e+00
2.364652061462402344e+01
1.350432205200195312e+01
3.986191558837890625e+01
3.574903488159179688e+01
2.428717803955078125e+01
1.342833423614501953e+01
2.609384918212890625e+01
1.703863143920898438e+01
1.391761875152587891e+01
1.671514129638671875e+01
2.093300628662109375e+01
1.739369201660156250e+01
1.611965751647949219e+01
2.743367958068847656e+01
1.973305702209472656e+01
2.380995750427246094e+01
4.518087768554687500e+01
2.495424270629882812e+01
2.416861534118652344e+01
3.370365142822265625e+01
2.008783149719238281e+01
2.153973770141601562e+01
3.134389495849609375e+01
4.928994750976562500e+01
2.946973419189453125e+01
2.023217201232910156e+01
2.874453163146972656e+01
1.747119522094726562e+01
1.832210350036621094e+01
2.387523078918457031e+01
2.287142372131347656e+01
1.627233314514160156e+01
2.300319862365722656e+01
1.726310539245605469e+01
1.981162643432617188e+01
2.266383934020996094e+01
1.875356674194335938e+01
3.025264358520507812e+01
9.452581405639648438e+00
5.101935577392578125e+01
1.974485588073730469e+01
2.184713935852050781e+01
1.426531505584716797e+01
2.679442214965820312e+01
2.971113204956054688e+01
2.939883041381835938e+01
1.678223800659179688e+01
2.876942634582519531e+01
2.192228317260742188e+01
2.287947654724121094e+01
2.137265205383300781e+01
1.895560073852539062e+01
2.356324768066406250e+01
1.930677223205566406e+01
2.405249404907226562e+01
2.562060165405273438e+01
3.705406570434570312e+01
8.504174232482910156e+00
2.393170738220214844e+01
2.870388603210449219e+01
3.202346801757812500e+01
3.673577880859375000e+01
2.448992538452148438e+01
2.650306701660156250e+01
2.133925437927246094e+01
1.890074157714843750e+01
3.322534942626953125e+01
2.941976165771484375e+01
1.769056701660156250e+01
2.096337509155273438e+01
2.003134346008300781e+01
1.507763385772705078e+01
1.446653079986572266e+01
4.995159912109375000e+01
3.142366600036621094e+01
1.173708629608154297e+01
2.840592575073242188e+01
2.976244735717773438e+01
2.015600013732910156e+01
1.915579795837402344e+01
2.262188148498535156e+01
1.405119609832763672e+01
2.702853012084960938e+01
1.331174182891845703e+01
2.273717308044433594e+01
2.025961494445800781e+01
1.720350265502929688e+01
3.163613891601562500e+01
3.352358627319335938e+01
4.395281219482421875e+01
1.006312847137451172e+01
2.099736213684082031e+01
2.237441635131835938e+01
2.689166450500488281e+01
1.591046714782714844e+01
1.560108757019042969e+01
1.942384719848632812e+01
4.861087036132812500e+01
1.894056320190429688e+01
1.353662586212158203e+01
2.104725074768066406e+01
1.767683029174804688e+01
2.843293380737304688e+01
1.664025878906250000e+01
2.082872009277343750e+01
1.019675827026367188e+01
1.037729835510253906e+01
2.994662475585937500e+01
1.837528610229492188e+01
2.014762115478515625e+01
8.846450805664062500e+00
3.226420211791992188e+01
2.197428512573242188e+01
1.710678672790527344e+01
1.935566711425781250e+01
4.667497634887695312e+00
2.190863990783691406e+01
9.389612197875976562e+00
1.062909889221191406e+01
1.592194461822509766e+01
1.121090221405029297e+01
2.396008682250976562e+01
2.427777481079101562e+01
1.974048423767089844e+01
4.468201446533203125e+01
1.245881080627441406e+01
1.448130989074707031e+01
1.928223609924316406e+01
5.039050292968750000e+01
4.431324386596679688e+01
2.271195983886718750e+01
2.022469711303710938e+01
2.869569015502929688e+01
2.374295234680175781e+01
2.620995903015136719e+01
1.868766403198242188e+01
2.179062461853027344e+01
4.018703460693359375e+01
1.780868911743164062e+01
2.409987640380859375e+01
5.006917572021484375e+01
2.047024536132812500e+01
1.995036315917968750e+01
2.089451026916503906e+01
2.801579093933105469e+01
1.856694793701171875e+01
2.992747688293457031e+01
3.350560379028320312e+01
2.619512557983398438e+01
1.176783943176269531e+01
2.115524291992187500e+01
1.640468406677246094e+01
1.964315414428710938e+01
2.478833389282226562e+01
1.947602844238281250e+01
2.096927070617675781e+01
2.494776535034179688e+01
2.377778816223144531e+01
2.913769149780273438e+01
3.499807357788085938e+01
1.798550605773925781e+01
7.742931365966796875e+00
2.353718948364257812e+01
2.127767181396484375e+01
8.733479499816894531e+00
1.808655929565429688e+01
3.218653106689453125e+01
2.471974563598632812e+01
2.713021659851074219e+01
2.346420860290527344e+01
1.723022842407226562e+01
1.079295635223388672e+01
1.687245941162109375e+01
1.793411254882812500e+01
2.581922149658203125e+01
2.122098922729492188e+01
1.910636138916015625e+01
1.930452919006347656e+01
2.232006454467773438e+01
1.664607238769531250e+01
4.972696685791015625e+01
9.772346496582031250e+00
2.159486961364746094e+01
3.506257247924804688e+01
1.685528945922851562e+01
1.102761840820312500e+01
1.478926277160644531e+01
2.302150535583496094e+01
2.236342239379882812e+01
1.284742450714111328e+01
2.568121337890625000e+01
2.390910148620605469e+01
4.310234832763671875e+01
2.151733970642089844e+01
1.675085258483886719e+01
1.752104949951171875e+01
3.948981475830078125e+01
4.990029144287109375e+01
1.338970470428466797e+01
2.162033653259277344e+01
5.020005035400390625e+01
1.218537616729736328e+01
1.631934738159179688e+01
3.313812255859375000e+01
2.233073616027832031e+01
4.037931060791015625e+01
2.864746093750000000e+01
2.656147766113281250e+01
2.308273506164550781e+01
2.278014945983886719e+01
2.244647598266601562e+01
4.920906829833984375e+01
1.913403129577636719e+01
1.591285610198974609e+01
1.821366882324218750e+01
2.534187126159667969e+01
2.241931724548339844e+01
3.079034614562988281e+01
3.318868255615234375e+01
1.469417476654052734e+01
1.632109642028808594e+01
1.664400672912597656e+01
2.102332496643066406e+01
3.351300048828125000e+01
2.064469528198242188e+01
2.254584884643554688e+01
1.348720455169677734e+01
3.723293304443359375e+00
1.789832687377929688e+01
1.998488426208496094e+01
4.446907806396484375e+01
2.296071624755859375e+01
7.166872978210449219e+00
2.222060394287109375e+01
1.755411529541015625e+01
2.402228546142578125e+01
2.294799423217773438e+01
2.158888435363769531e+01
3.185844039916992188e+01
1.971389579772949219e+01
1.858520126342773438e+01
2.335830688476562500e+01
2.053075599670410156e+01
2.410261535644531250e+01
1.506769943237304688e+01
2.214267539978027344e+01
1.231715679168701172e+01
3.792808532714843750e+01
2.137178802490234375e+01
1.639040756225585938e+01
2.033695220947265625e+01
3.129947280883789062e+01
2.290571784973144531e+01
2.795059204101562500e+01
2.873138046264648438e+01
2.310123825073242188e+01
1.621560096740722656e+01
6.503837585449218750e+00
1.377500534057617188e+01
1.634612846374511719e+01
1.881911468505859375e+01
1.932379150390625000e+01
4.635692977905273438e+01
2.105519485473632812e+01
8.499954223632812500e+00
1.134781455993652344e+01
1.523672962188720703e+01
2.354498672485351562e+01
1.611565589904785156e+01
2.190635681152343750e+01
2.271115493774414062e+01
1.672549057006835938e+01
1.863053131103515625e+01
2.820862388610839844e+01
1.422555160522460938e+01
2.241970443725585938e+01
2.512848854064941406e+01
1.044498443603515625e+01
3.391407012939453125e+01
1.966592216491699219e+01
2.225998687744140625e+01
2.055522918701171875e+01
2.105334854125976562e+01
2.218458557128906250e+01
3.194007301330566406e+01
1.674781799316406250e+01
2.072909355163574219e+01
4.685261535644531250e+01
1.665023040771484375e+01
1.969426155090332031e+01
1.760901641845703125e+01
2.806282424926757812e+01
1.977128410339355469e+01
3.030037307739257812e+01
2.321492004394531250e+01
2.256377029418945312e+01
9.405803680419921875e+00
1.494363498687744141e+01
1.945578002929687500e+01
1.828281784057617188e+01
2.322942352294921875e+01
1.073508548736572266e+01
1.747115325927734375e+01
1.786393928527832031e+01
1.247801399230957031e+01
2.341407012939453125e+01
2.213378143310546875e+01
1.092497348785400391e+01
1.527726554870605469e+01
3.383784484863281250e+01
4.616999816894531250e+01
1.113621902465820312e+01
2.197434997558593750e+01
1.970664787292480469e+01
1.362349414825439453e+01
1.780273818969726562e+01
3.188071632385253906e+01
2.039579200744628906e+01
1.986628341674804688e+01
1.694407653808593750e+01
2.248921775817871094e+01
2.003612709045410156e+01
3.335922241210937500e+01
8.841316223144531250e+00
5.343778228759765625e+01
9.079289436340332031e+00
1.867200279235839844e+01
2.455861473083496094e+01
2.131250572204589844e+01
2.587995910644531250e+01
2.237829971313476562e+01
1.910390853881835938e+01
2.644114494323730469e+01
2.416865730285644531e+01
1.890746688842773438e+01
4.621966552734375000e+01
2.177611923217773438e+01
2.068145179748535156e+01
1.837610816955566406e+01
2.030546760559082031e+01
2.501057624816894531e+01
2.229546928405761719e+01
1.721274375915527344e+01
2.021290969848632812e+01
2.439347267150878906e+01
1.357345199584960938e+01
1.729091835021972656e+01
1.611462402343750000e+01
1.344017410278320312e+01
2.125523185729980469e+01
1.356671333312988281e+01
8.328551292419433594e+00
1.376143550872802734e+01
3.290502548217773438e+01
1.835074043273925781e+01
2.711015319824218750e+01
1.574365043640136719e+01
2.378398513793945312e+01
2.641196250915527344e+01
2.527049064636230469e+01
2.302526664733886719e+01
3.052883148193359375e+01
3.478435134887695312e+01
1.889750099182128906e+01
2.430009078979492188e+01
3.973300933837890625e+01
1.389106178283691406e+01
2.110612297058105469e+01
1.136128997802734375e+01
2.292607498168945312e+01
2.028891754150390625e+01
2.306149673461914062e+01
2.146929550170898438e+01
2.120601081848144531e+01
2.264918518066406250e+01
1.331169795989990234e+01
2.331092834472656250e+01
1.802866172790527344e+01
2.266950416564941406e+01
1.498969268798828125e+01
1.926235580444335938e+01
1.376693630218505859e+01
2.217752456665039062e+01
1.361967658996582031e+01
1.870199584960937500e+01
2.017092514038085938e+01
2.138960266113281250e+01
1.357894325256347656e+01
2.770391464233398438e+01
8.017287254333496094e+00
2.918537902832031250e+01
4.318685150146484375e+01
2.600762176513671875e+01
1.930751991271972656e+01
3.063069152832031250e+01
1.899043273925781250e+01
1.532635879516601562e+01
5.162162780761718750e+01
1.773299407958984375e+01
2.040786933898925781e+01
2.663474655151367188e+01
2.305661582946777344e+01
2.064334487915039062e+01
2.865887641906738281e+01
2.280297279357910156e+01
1.981876945495605469e+01
1.277391719818115234e+01
1.912538528442382812e+01
1.881999397277832031e+01
2.358801651000976562e+01
8.197598457336425781e+00
2.009413146972656250e+01
1.129634952545166016e+01
1.817671012878417969e+01
2.098248291015625000e+01
1.153880786895751953e+01
2.310706138610839844e+01
3.248669433593750000e+01
2.238165664672851562e+01
1.871802711486816406e+01
2.136060905456542969e+01
1.380555629730224609e+01
8.747187614440917969e+00
4.289065551757812500e+01
1.792170906066894531e+01
2.245199966430664062e+01
2.771459197998046875e+01
1.131734848022460938e+01
1.903058815002441406e+01
2.340066337585449219e+01
2.832925987243652344e+01
1.580968856811523438e+01
1.897841644287109375e+01
2.527446556091308594e+01
1.658938598632812500e+01
2.409856605529785156e+01
2.145317268371582031e+01
4.968180084228515625e+01
1.771872901916503906e+01
2.514291000366210938e+01
4.166001129150390625e+01
1.262434387207031250e+01
1.970827484130859375e+01
1.617812919616699219e+01
2.892042160034179688e+01
1.797982406616210938e+01
