7.844523429870605469e+00
2.384313583374023438e+01
3.420235443115234375e+01
1.873640823364257812e+01
1.483134269714355469e+01
2.728728294372558594e+01
2.400454711914062500e+01
2.294689559936523438e+01
3.148313522338867188e+01
2.145859527587890625e+01
1.511841011047363281e+01
1.070949935913085938e+01
3.976443481445312500e+01
2.244765090942382812e+01
4.959285736083984375e+01
2.102359008789062500e+01
1.768306922912597656e+01
2.308270072937011719e+01
1.327391624450683594e+01
2.607250213623046875e+01
1.841822433471679688e+01
2.586415100097656250e+01
3.448193359375000000e+01
1.048647022247314453e+01
1.594362258911132812e+01
1.808903121948242188e+01
1.763198089599609375e+01
1.745215415954589844e+01
4.910539627075195312e+01
2.051738166809082031e+01
1.969172286987304688e+01
2.918259048461914062e+01
2.365350341796875000e+01
3.027201461791992188e+01
2.486778640747070312e+01
1.673806953430175781e+01
2.193320846557617188e+01
2.036886215209960938e+01
2.376829910278320312e+01
2.083605003356933594e+01
2.056320571899414062e+01
7.994156837463378906e+00
1.729377746582031250e+01
6.256948471069335938e+00
3.664021301269531250e+01
4.870787811279296875e+01
1.032709693908691406e+01
2.280791473388671875e+01
1.548803901672363281e+01
1.769833946228027344e+01
1.463639640808105469e+01
2.154718208312988281e+01
2.161759567260742188e+01
1.704206848144531250e+01
1.985998153686523438e+01
2.549534606933593750e+01
2.360872650146484375e+01
4.348013305664062500e+01
2.127977752685546875e+01
6.837809562683105469e+00
2.264907836914062500e+01
1.926441764831542969e+01
3.087496185302734375e+01
3.280878448486328125e+01
2.134731864929199219e+01
4.067742156982421875e+01
2.485294532775878906e+01
4.623130798339843750e+00
1.419860076904296875e+01
2.164792251586914062e+01
1.022447013854980469e+01
1.423023796081542969e+01
2.866384887695312500e+01
1.970276451110839844e+01
1.924518203735351562e+01
2.171476745605468750e+01
4.513222503662109375e+01
2.957137870788574219e+01
2.404267311096191406e+01
2.310466957092285156e+01
9.738520622253417969e+00
2.635119628906250000e+01
1.366440296173095703e+01
2.449248123168945312e+01
1.838532829284667969e+01
1.991423606872558594e+01
3.979633331298828125e+01
2.324829673767089844e+01
4.320079421997070312e+01
2.284225082397460938e+01
1.016885185241699219e+01
2.362709045410156250e+01
2.670244789123535156e+01
1.553061962127685547e+01
2.419295883178710938e+01
1.550052165985107422e+01
1.997172927856445312e+01
1.370209598541259766e+01
3.041069030761718750e+01
1.217425918579101562e+01
1.123571395874023438e+01
2.267927169799804688e+01
1.803078460693359375e+01
2.024268341064453125e+01
1.769374465942382812e+01
1.549111557006835938e+01
2.918607711791992188e+01
6.333988189697265625e+00
5.078084182739257812e+01
1.912917137145996094e+01
1.461937046051025391e+01
2.129705047607421875e+01
9.514135360717773438e+00
1.561668014526367188e+01
3.960436248779296875e+01
3.008846664428710938e+01
2.117652320861816406e+01
1.986538124084472656e+01
1.051215934753417969e+01
1.050575351715087891e+01
3.613099288940429688e+01
1.642214775085449219e+01
1.074925136566162109e+01
1.455394554138183594e+01
3.318233489990234375e+01
1.934171485900878906e+01
2.443324661254882812e+01
2.678434181213378906e+01
3.014594268798828125e+01
2.552227401733398438e+01
1.917656517028808594e+01
4.682549667358398438e+01
5.377378463745117188e+00
2.365376281738281250e+01
2.320312500000000000e+01
3.537751007080078125e+01
2.171356964111328125e+01
4.689522552490234375e+01
2.104983520507812500e+01
2.120680809020996094e+01
2.205103874206542969e+01
2.050616455078125000e+01
2.000851821899414062e+01
2.239130020141601562e+01
1.937199974060058594e+01
2.276512336730957031e+01
2.181854629516601562e+01
8.066010475158691406e+00
2.317553329467773438e+01
1.254719257354736328e+01
2.207579421997070312e+01
1.597586059570312500e+01
2.645589065551757812e+01
3.272669219970703125e+01
3.413531875610351562e+01
3.203826904296875000e+01
2.391390037536621094e+01
1.654485321044921875e+01
3.345495223999023438e+01
2.030900955200195312e+01
1.884372901916503906e+01
1.153585910797119141e+01
9.368780136108398438e+00
2.020067977905273438e+01
1.391262912750244141e+01
3.115106964111328125e+01
1.299378108978271484e+01
7.341997146606445312e+00
2.710523033142089844e+01
3.063592529296875000e+01
2.581125640869140625e+01
4.469831085205078125e+01
1.967859649658203125e+01
2.971781921386718750e+01
2.654687309265136719e+01
2.431740188598632812e+01
1.839780044555664062e+01
1.349178600311279297e+01
2.201674461364746094e+01
2.749829292297363281e+01
2.431411361694335938e+01
1.391548633575439453e+01
1.977740287780761719e+01
4.488613128662109375e+01
3.136929893493652344e+01
2.203684997558593750e+01
4.600326538085937500e+01
3.364952087402343750e+01
2.840846252441406250e+01
3.301612091064453125e+01
2.080427169799804688e+01
2.054922676086425781e+01
1.459875392913818359e+01
1.645139312744140625e+01
2.451690292358398438e+01
2.846200561523437500e+01
1.038466453552246094e+01
2.379678726196289062e+01
2.532488632202148438e+01
3.116098976135253906e+01
3.118328475952148438e+01
1.766727066040039062e+01
2.027155303955078125e+01
1.267648696899414062e+01
1.592526531219482422e+01
1.333977222442626953e+01
1.958518600463867188e+01
1.982439613342285156e+01
1.783197212219238281e+01
1.792919540405273438e+01
1.806198692321777344e+01
2.063897705078125000e+01
4.509101104736328125e+01
1.951563835144042969e+01
3.187904357910156250e+01
1.137812900543212891e+01
1.355716228485107422e+01
1.864546012878417969e+01
2.188996124267578125e+01
1.160888195037841797e+01
1.872717094421386719e+01
2.788582420349121094e+01
2.301879692077636719e+01
2.019946098327636719e+01
3.580434417724609375e+01
1.877757263183593750e+01
2.248668289184570312e+01
2.769937896728515625e+01
1.620705032348632812e+01
2.254646301269531250e+01
2.192097854614257812e+01
2.196206474304199219e+01
1.475098991394042969e+01
1.596631050109863281e+01
2.538422012329101562e+01
1.809404373168945312e+01
1.994690513610839844e+01
1.344640350341796875e+01
6.143697738647460938e+00
1.201509952545166016e+01
2.174572563171386719e+01
2.635861396789550781e+01
2.264031410217285156e+01
1.798408889770507812e+01
2.801751708984375000e+01
1.668863868713378906e+01
4.985836410522460938e+01
1.137759304046630859e+01
1.093403625488281250e+01
2.350236129760742188e+01
1.961578559875488281e+01
2.463634872436523438e+01
2.136199188232421875e+01
4.871803283691406250e+01
2.406867980957031250e+01
1.705219841003417969e+01
1.278687572479248047e+01
3.227122497558593750e+01
2.380840873718261719e+01
4.800088500976562500e+01
1.534785461425781250e+01
1.251132678985595703e+01
1.537343215942382812e+01
1.394374179840087891e+01
1.956484413146972656e+01
2.277591133117675781e+01
1.786023330688476562e+01
2.485311508178710938e+01
6.783369064331054688e+00
6.843193054199218750e+00
1.623176574707031250e+01
1.470510005950927734e+01
1.933540916442871094e+01
2.322397994995117188e+01
2.961664390563964844e+01
1.554515838623046875e+01
1.912102127075195312e+01
9.446276664733886719e+00
1.622942543029785156e+01
1.668554878234863281e+01
1.588781738281250000e+01
9.573005676269531250e+00
4.806602478027343750e+01
4.700010681152343750e+01
2.350759506225585938e+01
1.591069412231445312e+01
1.365980529785156250e+01
1.242028617858886719e+01
2.002273368835449219e+01
1.010398197174072266e+01
3.535231018066406250e+01
1.086079597473144531e+01
1.599766826629638672e+01
2.138825798034667969e+01
2.400734138488769531e+01
2.273760032653808594e+01
1.242147159576416016e+01
3.270327758789062500e+01
1.914316368103027344e+01
1.902251815795898438e+01
1.338809013366699219e+01
1.214746379852294922e+01
1.724962997436523438e+01
2.195246696472167969e+01
2.792429161071777344e+01
1.205277824401855469e+01
2.966948318481445312e+01
5.152075576782226562e+01
1.889498901367187500e+01
3.927587509155273438e+01
1.462480545043945312e+01
1.613302040100097656e+01
1.814770889282226562e+01
2.718244552612304688e+01
1.969746017456054688e+01
2.306761932373046875e+01
2.400758171081542969e+01
1.940270614624023438e+01
1.364700222015380859e+01
2.077494430541992188e+01
2.381595420837402344e+01
2.266920661926269531e+01
1.397973823547363281e+01
2.067467498779296875e+01
2.859097862243652344e+01
1.700922966003417969e+01
2.267694664001464844e+01
2.863737297058105469e+01
4.936377716064453125e+01
1.636067008972167969e+01
1.952165985107421875e+01
3.284767913818359375e+01
5.060738372802734375e+01
1.784243965148925781e+01
7.216575622558593750e+00
2.764189529418945312e+01
2.114945411682128906e+01
2.044161987304687500e+01
2.108045959472656250e+01
1.616028594970703125e+01
3.638835144042968750e+01
2.394626998901367188e+01
2.383183670043945312e+01
2.702890014648437500e+01
8.501367568969726562e+00
2.056373214721679688e+01
3.568507385253906250e+01
1.230432796478271484e+01
2.279857635498046875e+01
2.250338745117187500e+01
2.086598205566406250e+01
2.132573509216308594e+01
1.791513061523437500e+01
2.141677474975585938e+01
7.795009613037109375e+00
2.619111633300781250e+01
1.585602092742919922e+01
1.684912109375000000e+01
2.041347503662109375e+01
2.489015007019042969e+01
3.257809829711914062e+01
2.124903869628906250e+01
8.311851501464843750e+00
1.778457641601562500e+01
2.051947975158691406e+01
3.814391708374023438e+01
2.393935585021972656e+01
2.003086853027343750e+01
2.373456192016601562e+01
2.181579208374023438e+01
4.579659652709960938e+01
3.553924942016601562e+01
2.059627723693847656e+01
2.107277488708496094e+01
1.951815605163574219e+01
2.184225273132324219e+01
1.513880538940429688e+01
3.249357604980468750e+01
2.256568717956542969e+01
1.769744110107421875e+01
6.739192008972167969e+00
2.193794441223144531e+01
8.620486259460449219e+00
1.783526802062988281e+01
2.941467857360839844e+01
4.212265014648437500e+01
2.107611846923828125e+01
1.387239170074462891e+01
1.341414260864257812e+01
2.890952873229980469e+01
1.803765106201171875e+01
3.698807907104492188e+01
1.495440864562988281e+01
2.837769889831542969e+01
2.342973709106445312e+01
1.448856163024902344e+01
1.518627929687500000e+01
2.407463836669921875e+01
1.511453247070312500e+01
2.404201698303222656e+01
2.284778022766113281e+01
9.152297973632812500e+00
2.344953155517578125e+01
2.220720863342285156e+01
2.337626457214355469e+01
2.337884521484375000e+01
2.193301391601562500e+01
1.939527320861816406e+01
3.387449264526367188e+01
1.752227401733398438e+01
1.509184837341308594e+01
2.419321632385253906e+01
3.088577651977539062e+01
1.076580142974853516e+01
2.549610900878906250e+01
3.859844970703125000e+01
1.987602233886718750e+01
9.638063430786132812e+00
2.090511703491210938e+01
3.226718139648437500e+01
2.374900627136230469e+01
4.988770294189453125e+01
2.013732910156250000e+01
2.188211631774902344e+01
2.314310455322265625e+01
1.571885871887207031e+01
2.076037406921386719e+01
2.404997825622558594e+01
1.664360046386718750e+01
3.434659576416015625e+01
2.036146736145019531e+01
2.415084838867187500e+01
4.957372283935546875e+01
1.586141014099121094e+01
2.129954147338867188e+01
9.076351165771484375e+00
3.404214096069335938e+01
1.183644199371337891e+01
1.916598892211914062e+01
1.907402420043945312e+01
1.336816215515136719e+01
8.552606582641601562e+00
3.387282562255859375e+01
3.542373657226562500e+01
2.092396736145019531e+01
2.412109375000000000e+01
2.355639648437500000e+01
1.518071365356445312e+01
1.135592365264892578e+01
4.398558807373046875e+01
1.420521354675292969e+01
1.886091995239257812e+01
2.519469642639160156e+01
2.950645828247070312e+01
1.718270111083984375e+01
