2.126614570617675781e+01
2.315747833251953125e+01
2.552115631103515625e+01
3.069810295104980469e+01
2.789852333068847656e+01
8.119455337524414062e+00
9.613292694091796875e+00
2.311910247802734375e+01
3.088416099548339844e+01
1.430237388610839844e+01
3.011331176757812500e+01
2.210063934326171875e+01
4.641802978515625000e+01
2.494677734375000000e+01
2.397937774658203125e+01
3.551004028320312500e+01
3.706441497802734375e+01
2.445445060729980469e+01
1.444933128356933594e+01
2.051249122619628906e+01
2.002507781982421875e+01
2.267436027526855469e+01
2.418752670288085938e+01
1.916229820251464844e+01
2.401091194152832031e+01
2.718272972106933594e+01
1.848840332031250000e+01
1.047667980194091797e+01
3.903988265991210938e+01
2.243512916564941406e+01
2.195876884460449219e+01
4.475691604614257812e+01
1.630611610412597656e+01
2.188963699340820312e+01
1.669157409667968750e+01
2.220841598510742188e+01
1.588398265838623047e+01
1.508451080322265625e+01
8.829360961914062500e+00
2.004003524780273438e+01
1.339674377441406250e+01
2.260781478881835938e+01
1.552395057678222656e+01
1.360193347930908203e+01
1.863284873962402344e+01
4.384676742553710938e+01
4.814889144897460938e+01
1.850715065002441406e+01
1.725723457336425781e+01
1.433946323394775391e+01
2.543496894836425781e+01
1.884424018859863281e+01
2.252429199218750000e+01
2.112822341918945312e+01
2.696516418457031250e+01
3.343305206298828125e+01
1.953787231445312500e+01
1.015312480926513672e+01
2.900826644897460938e+01
2.459594726562500000e+01
2.819204521179199219e+01
5.036323547363281250e+01
5.119505310058593750e+01
1.306457328796386719e+01
2.446547317504882812e+01
2.486017227172851562e+01
1.990502929687500000e+01
1.508466339111328125e+01
1.292075824737548828e+01
2.382706642150878906e+01
2.572838973999023438e+01
1.763011932373046875e+01
2.261895942687988281e+01
3.957630920410156250e+01
1.940398788452148438e+01
2.115380287170410156e+01
3.556936645507812500e+01
7.950424194335937500e+00
2.439451026916503906e+01
2.178608131408691406e+01
1.181687545776367188e+01
1.544118499755859375e+01
1.646955299377441406e+01
1.205998134613037109e+01
3.320191955566406250e+01
2.091645240783691406e+01
2.355470466613769531e+01
2.276008415222167969e+01
3.589654922485351562e+01
1.952921295166015625e+01
1.507011890411376953e+01
2.218479156494140625e+01
1.865499496459960938e+01
4.614371109008789062e+01
1.804064750671386719e+01
3.756900024414062500e+01
1.203908348083496094e+01
3.447535324096679688e+01
1.801200866699218750e+01
3.550342559814453125e+01
2.854781341552734375e+01
1.895668029785156250e+01
2.726207733154296875e+01
1.610179519653320312e+01
2.603968620300292969e+01
1.897398185729980469e+01
2.246766090393066406e+01
2.050242996215820312e+01
6.196626663208007812e+00
1.465768337249755859e+01
3.274794769287109375e+01
2.193136405944824219e+01
2.906324958801269531e+01
1.704144096374511719e+01
2.744078063964843750e+01
2.349994087219238281e+01
3.750630950927734375e+01
2.337406349182128906e+01
1.209273624420166016e+01
1.760242080688476562e+01
1.412844181060791016e+01
2.126839256286621094e+01
3.118881225585937500e+01
2.481705856323242188e+01
2.514504432678222656e+01
4.715255737304687500e+01
2.458061027526855469e+01
2.874712371826171875e+01
2.273627471923828125e+01
8.526566505432128906e+00
1.857085609436035156e+01
2.492245101928710938e+01
1.608189010620117188e+01
2.881015205383300781e+01
2.093928909301757812e+01
1.475480651855468750e+01
2.488062667846679688e+01
7.554759979248046875e+00
2.079014587402343750e+01
2.517483329772949219e+01
9.398146629333496094e+00
2.256875038146972656e+01
4.801780700683593750e+01
1.828826904296875000e+01
2.171131134033203125e+01
1.869385147094726562e+01
1.090276145935058594e+01
2.148609924316406250e+01
2.015823173522949219e+01
1.409067726135253906e+01
2.012899398803710938e+01
1.564961624145507812e+01
2.028487396240234375e+01
1.382656764984130859e+01
2.207289314270019531e+01
2.014007186889648438e+01
1.800639343261718750e+01
1.878298377990722656e+01
2.917265892028808594e+01
1.820069122314453125e+01
1.390465545654296875e+01
2.347347640991210938e+01
1.372159004211425781e+01
1.963686752319335938e+01
2.129596519470214844e+01
2.572676277160644531e+01
1.571500015258789062e+01
1.987600326538085938e+01
1.860802078247070312e+01
1.333495330810546875e+01
3.163356399536132812e+01
2.229279899597167969e+01
3.245183181762695312e+01
1.977899742126464844e+01
1.193711090087890625e+01
2.053802490234375000e+01
1.531038284301757812e+01
2.024677848815917969e+01
1.450402069091796875e+01
1.280930614471435547e+01
7.998325347900390625e+00
1.688089179992675781e+01
4.327279281616210938e+01
1.484271240234375000e+01
2.412974739074707031e+01
1.840019416809082031e+01
2.394203758239746094e+01
1.525046634674072266e+01
1.919620323181152344e+01
2.305118942260742188e+01
1.864055252075195312e+01
3.114485549926757812e+01
1.633273315429687500e+01
1.707951354980468750e+01
1.072402000427246094e+01
2.233639907836914062e+01
2.833917617797851562e+01
2.747012710571289062e+01
1.398262977600097656e+01
2.270431518554687500e+01
3.128914260864257812e+01
1.339106655120849609e+01
2.095873641967773438e+01
2.759268569946289062e+01
2.033226394653320312e+01
3.357361221313476562e+01
3.415510559082031250e+01
2.370070648193359375e+01
2.253763580322265625e+01
3.225423812866210938e+01
2.050473976135253906e+01
1.858972358703613281e+01
2.042432975769042969e+01
2.279441833496093750e+01
1.273829746246337891e+01
1.833303451538085938e+01
2.119787216186523438e+01
1.728121566772460938e+01
3.781846618652343750e+01
2.272075462341308594e+01
1.984176635742187500e+01
2.172838973999023438e+01
1.966154289245605469e+01
3.033864212036132812e+01
2.078583335876464844e+01
1.436416530609130859e+01
1.651937484741210938e+01
2.059784889221191406e+01
2.096209907531738281e+01
2.440402030944824219e+01
1.803943634033203125e+01
4.290740203857421875e+01
2.123562622070312500e+01
1.623015403747558594e+01
1.689854240417480469e+01
2.020533370971679688e+01
1.619551849365234375e+01
2.371923446655273438e+01
1.861148452758789062e+01
3.059270095825195312e+01
2.066746902465820312e+01
1.534888172149658203e+01
3.329652404785156250e+01
4.939916229248046875e+01
1.051880931854248047e+01
2.099618148803710938e+01
1.537907695770263672e+01
1.857379913330078125e+01
2.184057426452636719e+01
1.845186996459960938e+01
2.021940994262695312e+01
2.202385520935058594e+01
2.339241790771484375e+01
1.359283542633056641e+01
2.281217193603515625e+01
2.090754508972167969e+01
1.960965919494628906e+01
1.820758819580078125e+01
4.641342926025390625e+01
4.534382247924804688e+01
1.811341476440429688e+01
2.582457160949707031e+01
1.577275657653808594e+01
3.312963867187500000e+01
8.150392532348632812e+00
2.966534042358398438e+01
2.078397369384765625e+01
2.093679618835449219e+01
1.457399845123291016e+01
1.235342884063720703e+01
2.394143486022949219e+01
3.272447204589843750e+01
2.139386558532714844e+01
1.361077404022216797e+01
1.944491577148437500e+01
1.731624031066894531e+01
2.006640815734863281e+01
2.868689537048339844e+01
2.680043792724609375e+01
3.122568511962890625e+01
1.857322883605957031e+01
2.204173660278320312e+01
2.501609992980957031e+01
4.447415924072265625e+01
2.061693191528320312e+01
3.507709884643554688e+01
1.928427314758300781e+01
1.227851486206054688e+01
2.045307159423828125e+01
2.411289405822753906e+01
4.848850250244140625e+01
1.593696594238281250e+01
2.865542030334472656e+01
3.589357757568359375e+01
1.803686141967773438e+01
2.689322280883789062e+01
1.819154930114746094e+01
2.053613090515136719e+01
9.001323699951171875e+00
3.577291870117187500e+01
2.343217468261718750e+01
2.407976150512695312e+01
2.166855621337890625e+01
1.905491828918457031e+01
1.755456352233886719e+01
2.504065704345703125e+01
2.759834671020507812e+01
4.923096466064453125e+01
1.491047668457031250e+01
2.155514907836914062e+01
8.159662246704101562e+00
2.312924766540527344e+01
1.957211494445800781e+01
1.353084850311279297e+01
1.997709655761718750e+01
2.259652709960937500e+01
2.297534942626953125e+01
4.628270721435546875e+01
4.883948135375976562e+01
2.273289299011230469e+01
2.283473396301269531e+01
3.532983398437500000e+01
7.354277610778808594e+00
3.329933929443359375e+01
1.245765781402587891e+01
1.440187549591064453e+01
1.523738288879394531e+01
2.084116172790527344e+01
1.591524600982666016e+01
1.870471572875976562e+01
3.587374114990234375e+01
2.060034179687500000e+01
2.617466735839843750e+01
2.369606590270996094e+01
8.508766174316406250e+00
4.440706634521484375e+01
2.072418403625488281e+01
1.769149780273437500e+01
4.873992538452148438e+01
1.359557151794433594e+01
1.009132480621337891e+01
1.896908950805664062e+01
1.242596530914306641e+01
1.365631008148193359e+01
2.010478591918945312e+01
1.890771484375000000e+01
1.179674911499023438e+01
2.013421630859375000e+01
2.354642105102539062e+01
2.153907966613769531e+01
3.108119964599609375e+01
1.272801589965820312e+01
9.677027702331542969e+00
1.813809967041015625e+01
2.794618988037109375e+01
2.429460716247558594e+01
1.731760025024414062e+01
2.513538360595703125e+01
2.431022262573242188e+01
2.246193504333496094e+01
2.693415260314941406e+01
1.911731719970703125e+01
1.565208435058593750e+01
8.459506988525390625e+00
1.912089347839355469e+01
3.618742370605468750e+01
2.526533317565917969e+01
1.824688339233398438e+01
2.318266677856445312e+01
1.042531871795654297e+01
2.335569953918457031e+01
2.123898506164550781e+01
1.478298759460449219e+01
2.533040046691894531e+01
2.389854049682617188e+01
2.987126922607421875e+01
1.308771514892578125e+01
8.657768249511718750e+00
2.034660911560058594e+01
2.038570976257324219e+01
4.372640228271484375e+01
2.401275634765625000e+01
1.915217590332031250e+01
2.279023933410644531e+01
3.237719345092773438e+01
1.047885131835937500e+01
2.231998062133789062e+01
2.438875007629394531e+01
1.835451889038085938e+01
1.898963546752929688e+01
1.614243888854980469e+01
1.113310909271240234e+01
1.036047172546386719e+01
2.232168006896972656e+01
4.850401306152343750e+01
3.445705413818359375e+01
3.539805984497070312e+01
1.436759281158447266e+01
1.854682731628417969e+01
4.252577972412109375e+01
3.480862426757812500e+01
1.940145874023437500e+01
1.814172172546386719e+01
3.088782882690429688e+01
2.038805770874023438e+01
3.155131721496582031e+01
2.870844650268554688e+01
1.865152740478515625e+01
2.341454124450683594e+01
1.363620376586914062e+01
1.733024406433105469e+01
2.532576370239257812e+01
2.128535461425781250e+01
1.656833267211914062e+01
2.864689826965332031e+01
2.423145103454589844e+01
2.495623016357421875e+01
2.496107864379882812e+01
2.113362121582031250e+01
1.099060630798339844e+01
4.018725585937500000e+01
2.908286666870117188e+01
1.238976192474365234e+01
1.818293380737304688e+01
1.793823814392089844e+01
2.198516082763671875e+01
2.562674713134765625e+01
1.999322509765625000e+01
2.020363616943359375e+01
1.848518371582031250e+01
1.460311126708984375e+01
1.561843872070312500e+01
1.580636119842529297e+01
1.921337890625000000e+01
2.110100555419921875e+01
3.208535385131835938e+01
2.336539459228515625e+01
2.279268836975097656e+01
2.615092468261718750e+01
2.158222389221191406e+01
2.575230598449707031e+01
2.240457916259765625e+01
2.835129356384277344e+01
1.145457363128662109e+01
1.770059585571289062e+01
1.283651351928710938e+01
2.116223907470703125e+01
1.646142578125000000e+01
1.564931774139404297e+01
1.190099143981933594e+01
1.975898361206054688e+01
2.584742355346679688e+01
5.175228118896484375e+01
3.254659271240234375e+01
1.931721115112304688e+01
