1.209818172454833984e+01
4.385955047607421875e+01
1.369436168670654297e+01
4.344009399414062500e+01
1.179830265045166016e+01
2.125880241394042969e+01
2.210544013977050781e+01
2.566079139709472656e+01
5.011054992675781250e+01
1.406031322479248047e+01
2.315200805664062500e+01
1.971113967895507812e+01
2.236680603027343750e+01
2.161151313781738281e+01
1.414089679718017578e+01
2.377130317687988281e+01
2.005320358276367188e+01
2.116202545166015625e+01
1.206904983520507812e+01
8.084930419921875000e+00
2.558064842224121094e+01
1.055768203735351562e+01
9.414776802062988281e+00
2.939523315429687500e+01
3.033666610717773438e+01
2.673665809631347656e+01
1.681622886657714844e+01
1.783687019348144531e+01
1.772505950927734375e+01
3.844377899169921875e+01
3.959241867065429688e+01
2.372516822814941406e+01
1.983024215698242188e+01
2.126197433471679688e+01
1.245128345489501953e+01
2.478431701660156250e+01
2.262210464477539062e+01
2.068267440795898438e+01
1.980304527282714844e+01
2.357147216796875000e+01
3.382090377807617188e+01
3.598353958129882812e+01
2.311781311035156250e+01
1.970816040039062500e+01
1.656243133544921875e+01
1.210262012481689453e+01
2.062408828735351562e+01
2.154063796997070312e+01
4.921431732177734375e+01
2.096284294128417969e+01
2.852671051025390625e+01
2.967067146301269531e+01
2.767706489562988281e+01
2.345610237121582031e+01
2.167494773864746094e+01
1.580650806427001953e+01
3.142523956298828125e+01
4.902161407470703125e+01
2.150331878662109375e+01
2.373334884643554688e+01
2.392785263061523438e+01
1.951871490478515625e+01
1.148116970062255859e+01
1.406499099731445312e+01
2.190310478210449219e+01
1.925478363037109375e+01
2.572764205932617188e+01
2.083782768249511719e+01
1.537250328063964844e+01
2.348061180114746094e+01
1.172121143341064453e+01
1.880204200744628906e+01
2.043394279479980469e+01
2.484712982177734375e+01
1.541741943359375000e+01
1.213030910491943359e+01
9.934815406799316406e+00
2.460087585449218750e+01
1.572327232360839844e+01
1.832118797302246094e+01
2.564071464538574219e+01
1.552693462371826172e+01
3.497348785400390625e+01
1.530006408691406250e+01
2.336140823364257812e+01
3.150098991394042969e+01
1.299264526367187500e+01
2.432154083251953125e+01
2.492693328857421875e+01
1.939911270141601562e+01
2.966735839843750000e+01
2.264711189270019531e+01
2.573361968994140625e+01
2.211836624145507812e+01
2.264998626708984375e+01
2.215694808959960938e+01
1.225180625915527344e+01
2.139292335510253906e+01
2.057237243652343750e+01
3.649729156494140625e+01
2.417146110534667969e+01
2.005288505554199219e+01
1.947240638732910156e+01
1.386673641204833984e+01
3.319400405883789062e+01
5.637125015258789062e+00
1.827449226379394531e+01
3.445423126220703125e+01
3.011659431457519531e+01
2.363137245178222656e+01
4.973870849609375000e+01
1.134873294830322266e+01
2.268324470520019531e+01
1.087849521636962891e+01
3.019717407226562500e+01
1.654273414611816406e+01
3.262610626220703125e+01
2.428562736511230469e+01
1.628202056884765625e+01
2.145446586608886719e+01
2.520988082885742188e+01
1.577802276611328125e+01
3.342636871337890625e+01
1.861491203308105469e+01
9.751196861267089844e+00
1.960754776000976562e+01
2.099068260192871094e+01
2.663039588928222656e+01
1.079238128662109375e+01
3.031599426269531250e+01
2.448412704467773438e+01
3.004791259765625000e+01
2.255605888366699219e+01
2.160013771057128906e+01
3.407775115966796875e+01
3.660588836669921875e+01
1.140973281860351562e+01
1.783915519714355469e+01
2.558732223510742188e+01
1.030130481719970703e+01
1.886710166931152344e+01
1.034803485870361328e+01
2.781088256835937500e+01
2.488182067871093750e+01
1.740884208679199219e+01
3.731477355957031250e+01
1.525248336791992188e+01
2.574209976196289062e+01
2.146698951721191406e+01
3.522875213623046875e+01
2.493535423278808594e+01
2.266539192199707031e+01
2.487555694580078125e+01
4.052524948120117188e+01
1.908189201354980469e+01
1.954846382141113281e+01
1.157838439941406250e+01
2.090542221069335938e+01
1.937100219726562500e+01
1.259426784515380859e+01
2.066024780273437500e+01
2.576821136474609375e+01
4.958559799194335938e+01
2.183903503417968750e+01
1.792353820800781250e+01
2.741225624084472656e+01
2.304034996032714844e+01
2.319853019714355469e+01
1.060764408111572266e+01
3.043094825744628906e+01
1.741397857666015625e+01
2.217376899719238281e+01
2.361028861999511719e+01
2.218649482727050781e+01
8.596666336059570312e+00
2.524128913879394531e+01
2.428779602050781250e+01
2.344313240051269531e+01
1.870128250122070312e+01
2.236077499389648438e+01
2.577091407775878906e+01
2.460943031311035156e+01
1.872555732727050781e+01
5.017530822753906250e+01
1.494742774963378906e+01
1.332087802886962891e+01
1.699275970458984375e+01
3.386502456665039062e+01
2.347702407836914062e+01
3.176141357421875000e+01
1.465884017944335938e+01
2.408712768554687500e+01
1.075631046295166016e+01
1.477531051635742188e+01
1.820799255371093750e+01
2.382968139648437500e+01
1.551371097564697266e+01
2.290162849426269531e+01
2.185284614562988281e+01
1.555040740966796875e+01
3.136995315551757812e+01
2.133043861389160156e+01
4.975499725341796875e+01
4.022832489013671875e+01
2.028024673461914062e+01
1.433190822601318359e+01
2.008746337890625000e+01
2.055673980712890625e+01
5.054024505615234375e+01
1.937582206726074219e+01
4.558145904541015625e+01
2.383887100219726562e+01
1.522951030731201172e+01
2.415331268310546875e+01
1.805752944946289062e+01
3.839261627197265625e+01
1.834454345703125000e+01
1.970637893676757812e+01
1.517048645019531250e+01
1.886461257934570312e+01
3.252330398559570312e+01
2.110537528991699219e+01
3.443070220947265625e+01
2.548095512390136719e+01
2.182494735717773438e+01
1.348800754547119141e+01
3.581669616699218750e+01
7.080433845520019531e+00
3.467232513427734375e+01
1.968323326110839844e+01
3.184049797058105469e+01
1.915057754516601562e+01
3.490423583984375000e+01
2.291120338439941406e+01
3.244874191284179688e+01
7.195593833923339844e+00
1.769141769409179688e+01
1.958721160888671875e+01
2.526025009155273438e+01
2.030474472045898438e+01
2.976438522338867188e+01
2.210674667358398438e+01
2.512961959838867188e+01
1.635898590087890625e+01
1.830427169799804688e+01
1.331324195861816406e+01
4.509616851806640625e+01
2.686195182800292969e+01
1.018619537353515625e+01
1.972140502929687500e+01
3.215406417846679688e+01
2.061028099060058594e+01
4.809134674072265625e+01
2.369716262817382812e+01
4.672971343994140625e+01
2.131309318542480469e+01
1.564166259765625000e+01
4.440937805175781250e+01
1.621710205078125000e+01
2.224223709106445312e+01
2.245648193359375000e+01
1.621990966796875000e+01
2.443295669555664062e+01
1.609394836425781250e+01
1.667243003845214844e+01
2.110841560363769531e+01
1.643231582641601562e+01
3.614743423461914062e+01
2.428664207458496094e+01
2.034964561462402344e+01
1.883644294738769531e+01
2.712445640563964844e+01
2.078819847106933594e+01
1.206004428863525391e+01
2.024770355224609375e+01
2.047741127014160156e+01
1.340306663513183594e+01
2.016176223754882812e+01
2.767038726806640625e+01
2.567140960693359375e+01
2.389389991760253906e+01
2.041792678833007812e+01
5.035345077514648438e+01
2.656131553649902344e+01
1.881744766235351562e+01
1.532704353332519531e+01
1.977741241455078125e+01
3.257901000976562500e+01
2.062597465515136719e+01
2.048605918884277344e+01
1.758125305175781250e+01
1.855479240417480469e+01
1.325339031219482422e+01
1.468465995788574219e+01
3.453288269042968750e+01
3.090647697448730469e+01
3.913813400268554688e+01
2.022741699218750000e+01
1.648049926757812500e+01
1.902409934997558594e+01
1.688333702087402344e+01
2.830470657348632812e+01
1.634584999084472656e+01
1.668097686767578125e+01
9.244581222534179688e+00
1.743094635009765625e+01
1.526913833618164062e+01
1.363684082031250000e+01
2.316932868957519531e+01
2.735875320434570312e+01
5.118358612060546875e+01
8.079284667968750000e+00
2.495236968994140625e+01
2.911139678955078125e+01
3.397282028198242188e+01
1.248613929748535156e+01
1.778038215637207031e+01
1.358731746673583984e+01
2.468368911743164062e+01
2.356717109680175781e+01
2.447562599182128906e+01
1.939743804931640625e+01
1.246639633178710938e+01
2.271072387695312500e+01
4.500841522216796875e+01
9.329315185546875000e+00
2.429759216308593750e+01
1.883618164062500000e+01
2.155690383911132812e+01
1.012010383605957031e+01
1.544925880432128906e+01
3.389464569091796875e+01
5.044162750244140625e+01
1.713411712646484375e+01
2.858546066284179688e+01
1.883266448974609375e+01
1.984368515014648438e+01
2.123143768310546875e+01
2.311042213439941406e+01
1.644305419921875000e+01
2.333925437927246094e+01
1.945998764038085938e+01
1.013286304473876953e+01
2.116554069519042969e+01
2.717116928100585938e+01
1.951364517211914062e+01
1.783408355712890625e+01
4.300154113769531250e+01
1.783499717712402344e+01
2.310976982116699219e+01
1.490429306030273438e+01
2.128018379211425781e+01
4.473140716552734375e+01
2.318426322937011719e+01
2.029994964599609375e+01
1.999910736083984375e+01
1.385811424255371094e+01
1.528807353973388672e+01
1.352203273773193359e+01
2.682152557373046875e+01
1.925413131713867188e+01
3.463726043701171875e+01
2.593556213378906250e+01
2.699518394470214844e+01
1.843897628784179688e+01
2.139009857177734375e+01
2.236819076538085938e+01
2.202121543884277344e+01
2.351554679870605469e+01
2.097019004821777344e+01
2.152211189270019531e+01
2.308940696716308594e+01
2.619821357727050781e+01
2.407725715637207031e+01
3.373483276367187500e+01
3.088439559936523438e+01
1.343986415863037109e+01
2.390483474731445312e+01
1.245525646209716797e+01
2.164862251281738281e+01
3.314012145996093750e+01
1.837899398803710938e+01
1.739894485473632812e+01
1.997967720031738281e+01
1.467039299011230469e+01
1.748884963989257812e+01
3.226378250122070312e+01
1.837435913085937500e+01
1.370809173583984375e+01
1.928705596923828125e+01
2.044403839111328125e+01
2.371243667602539062e+01
2.211623764038085938e+01
1.423809242248535156e+01
2.527047157287597656e+01
2.245105171203613281e+01
1.752930259704589844e+01
1.616477203369140625e+01
1.934276580810546875e+01
2.817841529846191406e+01
4.534798431396484375e+01
1.769748115539550781e+01
1.392038917541503906e+01
1.624079513549804688e+01
1.314503955841064453e+01
1.204266166687011719e+01
2.294782257080078125e+01
8.220636367797851562e+00
3.359853363037109375e+01
1.997328758239746094e+01
4.809995269775390625e+01
2.035410308837890625e+01
2.673364067077636719e+01
6.885865211486816406e+00
1.561672019958496094e+01
1.791161346435546875e+01
1.279411125183105469e+01
1.631418418884277344e+01
1.605138587951660156e+01
2.026951980590820312e+01
2.372982215881347656e+01
1.798683357238769531e+01
7.292008399963378906e+00
2.843553733825683594e+01
3.028563308715820312e+01
1.271331787109375000e+01
1.008263587951660156e+01
1.792099761962890625e+01
2.366353416442871094e+01
2.059574890136718750e+01
1.518883895874023438e+01
2.426908493041992188e+01
1.806961059570312500e+01
6.681945800781250000e+00
2.280960273742675781e+01
2.041606330871582031e+01
2.276016998291015625e+01
1.778151130676269531e+01
2.583472824096679688e+01
3.122383499145507812e+01
2.347359848022460938e+01
3.266195678710937500e+01
1.705027770996093750e+01
4.930663299560546875e+01
7.456449508666992188e+00
3.565359878540039062e+01
5.228240203857421875e+01
5.275327682495117188e+00
2.036164665222167969e+01
3.634150695800781250e+01
2.193418312072753906e+01
1.860435676574707031e+01
1.688830566406250000e+01
1.072464179992675781e+01
2.759769439697265625e+01
