3.362604141235351562e+01
1.868267440795898438e+01
2.166896057128906250e+01
2.127022552490234375e+01
2.135446929931640625e+01
2.060425567626953125e+01
1.615376281738281250e+01
4.795834732055664062e+01
4.050740051269531250e+01
1.757426261901855469e+01
2.040844726562500000e+01
1.384620285034179688e+01
1.396630001068115234e+01
2.266804122924804688e+01
4.058854675292968750e+01
2.316664505004882812e+01
1.935592460632324219e+01
1.131509685516357422e+01
1.926046562194824219e+01
3.262929153442382812e+01
2.199024963378906250e+01
2.473414993286132812e+01
1.192338085174560547e+01
1.979631233215332031e+01
1.990198135375976562e+01
1.981784057617187500e+01
2.066810417175292969e+01
2.454125213623046875e+01
2.186644935607910156e+01
2.495318031311035156e+01
2.726858139038085938e+01
2.690289497375488281e+01
1.958965301513671875e+01
2.416562271118164062e+01
1.366967582702636719e+01
2.020740699768066406e+01
2.249095535278320312e+01
2.349761390686035156e+01
1.746202659606933594e+01
3.502478790283203125e+01
7.336024284362792969e+00
2.494116783142089844e+01
1.826038360595703125e+01
3.577306365966796875e+01
7.896296501159667969e+00
1.273598289489746094e+01
2.672741699218750000e+01
1.115278148651123047e+01
2.621964263916015625e+01
1.868519401550292969e+01
2.033810615539550781e+01
1.700137710571289062e+01
1.558395862579345703e+01
1.845054054260253906e+01
2.226023864746093750e+01
1.152752017974853516e+01
1.831376075744628906e+01
1.925873947143554688e+01
3.458282470703125000e+01
2.230260086059570312e+01
2.325269126892089844e+01
1.720257186889648438e+01
4.450978088378906250e+01
2.276896286010742188e+01
1.105831336975097656e+01
1.672425079345703125e+01
1.619112396240234375e+01
4.509865188598632812e+01
2.418831634521484375e+01
4.498446655273437500e+01
1.640388488769531250e+01
1.517817497253417969e+01
2.199202346801757812e+01
1.476985836029052734e+01
2.417062950134277344e+01
2.251378250122070312e+01
3.301085662841796875e+01
1.474673080444335938e+01
3.203305816650390625e+01
2.983865547180175781e+01
1.283777809143066406e+01
5.575395584106445312e+00
2.122589683532714844e+01
1.546177768707275391e+01
1.096360874176025391e+01
2.012782287597656250e+01
2.154035949707031250e+01
2.348567771911621094e+01
1.461247444152832031e+01
1.815949821472167969e+01
2.142153549194335938e+01
3.522010803222656250e+01
3.368830490112304688e+01
2.041455078125000000e+01
1.675949096679687500e+01
1.245083808898925781e+01
1.487761878967285156e+01
1.109312248229980469e+01
2.110640525817871094e+01
2.622308540344238281e+01
9.884216308593750000e+00
2.553236389160156250e+01
3.224044799804687500e+01
1.706674003601074219e+01
3.032795333862304688e+01
1.820897674560546875e+01
3.026156616210937500e+01
2.368476295471191406e+01
2.299207305908203125e+01
2.742343330383300781e+01
2.176024436950683594e+01
2.007932472229003906e+01
3.099355316162109375e+01
1.851434898376464844e+01
2.087307929992675781e+01
2.005288887023925781e+01
1.885773658752441406e+01
1.417396545410156250e+01
2.086732673645019531e+01
2.956697082519531250e+01
3.702664184570312500e+01
1.352565956115722656e+01
2.270780563354492188e+01
3.879689025878906250e+01
3.157987976074218750e+01
3.200374221801757812e+01
3.402528381347656250e+01
3.077644729614257812e+01
2.173288154602050781e+01
1.068705368041992188e+01
2.214048767089843750e+01
2.658159828186035156e+01
2.625847816467285156e+01
2.114560508728027344e+01
3.234448242187500000e+01
2.430028343200683594e+01
3.373142242431640625e+01
2.114502716064453125e+01
2.007480049133300781e+01
1.860607147216796875e+01
2.478173637390136719e+01
2.020781707763671875e+01
2.006671333312988281e+01
2.106721115112304688e+01
4.949514389038085938e+01
1.306377124786376953e+01
2.154549598693847656e+01
2.031459999084472656e+01
2.906659507751464844e+01
1.027057743072509766e+01
3.480194091796875000e+01
2.301769256591796875e+01
1.584061908721923828e+01
2.249732398986816406e+01
2.260360527038574219e+01
2.117274093627929688e+01
2.522145462036132812e+01
2.015137863159179688e+01
1.744067192077636719e+01
2.086521339416503906e+01
2.086989021301269531e+01
2.248637199401855469e+01
2.418531417846679688e+01
3.401272583007812500e+01
2.944910430908203125e+01
3.332356262207031250e+01
1.540164661407470703e+01
1.814323234558105469e+01
2.484720420837402344e+01
2.693449020385742188e+01
2.536687469482421875e+01
2.184689140319824219e+01
1.865279388427734375e+01
5.070149230957031250e+01
2.234467315673828125e+01
1.103744029998779297e+01
1.625334739685058594e+01
1.948465538024902344e+01
1.669142150878906250e+01
3.220245742797851562e+01
1.974685478210449219e+01
2.654216957092285156e+01
2.419111251831054688e+01
2.042285728454589844e+01
2.025932884216308594e+01
2.196874046325683594e+01
7.892663955688476562e+00
1.924616813659667969e+01
3.025957870483398438e+01
2.892789649963378906e+01
3.547989654541015625e+01
1.899513244628906250e+01
1.293805408477783203e+01
2.055468368530273438e+01
1.852935409545898438e+01
1.647463989257812500e+01
1.128178310394287109e+01
2.458237457275390625e+01
2.110055351257324219e+01
7.577908515930175781e+00
1.767414855957031250e+01
3.188510322570800781e+01
1.998566246032714844e+01
1.797781562805175781e+01
1.449581909179687500e+01
1.015643119812011719e+01
1.549421501159667969e+01
2.327428627014160156e+01
1.961240768432617188e+01
2.137401580810546875e+01
4.387463378906250000e+01
1.693007087707519531e+01
2.252863693237304688e+01
2.317051124572753906e+01
2.469368362426757812e+01
2.829516220092773438e+01
3.180077362060546875e+01
1.269512367248535156e+01
1.513445663452148438e+01
2.042546844482421875e+01
2.470654678344726562e+01
7.555470466613769531e+00
2.255503463745117188e+01
2.404841423034667969e+01
1.408872509002685547e+01
1.958786964416503906e+01
2.089696884155273438e+01
2.383966255187988281e+01
2.062992668151855469e+01
1.001999950408935547e+01
1.955777359008789062e+01
1.298962593078613281e+01
2.860651397705078125e+01
1.862638282775878906e+01
3.585371017456054688e+01
4.672097015380859375e+01
1.152396202087402344e+01
3.020116043090820312e+01
3.437958145141601562e+01
2.999039077758789062e+01
2.294978332519531250e+01
3.287991333007812500e+01
1.911624526977539062e+01
2.510338592529296875e+01
2.207084274291992188e+01
2.484287834167480469e+01
1.414076614379882812e+01
1.803897476196289062e+01
5.182252502441406250e+01
2.441030120849609375e+01
2.065532302856445312e+01
2.555014610290527344e+01
1.243411827087402344e+01
3.655604934692382812e+01
1.721576309204101562e+01
1.783027458190917969e+01
1.912075042724609375e+01
3.328973007202148438e+01
6.720424652099609375e+00
2.656572532653808594e+01
1.380666637420654297e+01
2.320074081420898438e+01
2.421650505065917969e+01
2.485198783874511719e+01
2.749818420410156250e+01
4.046719360351562500e+01
2.020301818847656250e+01
1.619826316833496094e+01
1.841110420227050781e+01
5.157765960693359375e+01
8.359494209289550781e+00
2.088919067382812500e+01
1.374061870574951172e+01
2.251375770568847656e+01
2.280719375610351562e+01
2.234730148315429688e+01
2.408880043029785156e+01
5.136468887329101562e+01
1.715464401245117188e+01
2.575173187255859375e+01
3.461810302734375000e+01
1.068189525604248047e+01
1.673258590698242188e+01
2.373367691040039062e+01
1.445913314819335938e+01
2.701295661926269531e+01
2.256777000427246094e+01
8.750650405883789062e+00
1.621805381774902344e+01
1.410810661315917969e+01
2.771286582946777344e+01
3.342017364501953125e+01
4.354057693481445312e+01
4.700891113281250000e+01
9.817037582397460938e+00
1.906073188781738281e+01
1.960651779174804688e+01
2.116885185241699219e+01
2.288778114318847656e+01
1.003028392791748047e+01
3.600509262084960938e+01
1.376075553894042969e+01
1.886628341674804688e+01
2.200377082824707031e+01
1.946422767639160156e+01
1.514159584045410156e+01
4.620689392089843750e+01
2.315381622314453125e+01
1.718559265136718750e+01
1.928810501098632812e+01
1.875287437438964844e+01
2.056471252441406250e+01
3.559409713745117188e+01
1.389478302001953125e+01
2.319384384155273438e+01
4.861132049560546875e+01
1.565260124206542969e+01
1.336526107788085938e+01
1.289908409118652344e+01
2.706495285034179688e+01
3.625779724121093750e+01
2.028814125061035156e+01
2.027960586547851562e+01
1.713545799255371094e+01
3.491615295410156250e+01
4.474571228027343750e+01
2.348438262939453125e+01
2.504100227355957031e+01
1.406780433654785156e+01
2.567309951782226562e+01
1.845233154296875000e+01
2.395594978332519531e+01
1.948229980468750000e+01
2.233252143859863281e+01
1.078528308868408203e+01
1.628084945678710938e+01
1.427580928802490234e+01
4.431354522705078125e+01
3.540731048583984375e+01
2.097600555419921875e+01
1.168872547149658203e+01
1.797698020935058594e+01
2.651012992858886719e+01
4.895084381103515625e+01
2.254880332946777344e+01
2.376612854003906250e+01
1.523286437988281250e+01
1.423074913024902344e+01
2.779689979553222656e+01
1.322371387481689453e+01
1.479218101501464844e+01
2.171586608886718750e+01
4.690120697021484375e+00
2.354199409484863281e+01
1.683511734008789062e+01
2.500007247924804688e+01
1.694044113159179688e+01
1.383907890319824219e+01
1.269923877716064453e+01
1.352139663696289062e+01
4.274700927734375000e+01
1.290902423858642578e+01
3.503416824340820312e+01
2.316124153137207031e+01
2.132305335998535156e+01
1.941542816162109375e+01
1.409646606445312500e+01
1.848229026794433594e+01
2.232924079895019531e+01
1.954828643798828125e+01
3.075307083129882812e+01
1.710403060913085938e+01
4.941240692138671875e+01
3.398289108276367188e+01
2.357032012939453125e+01
2.552188491821289062e+01
3.272290039062500000e+01
2.445636177062988281e+01
4.930834579467773438e+01
1.738529586791992188e+01
1.867854118347167969e+01
2.250121688842773438e+01
1.502027511596679688e+01
1.766055488586425781e+01
2.704963874816894531e+01
2.103048133850097656e+01
1.857004356384277344e+01
4.044563293457031250e+01
1.938556098937988281e+01
4.971031951904296875e+01
2.002528381347656250e+01
1.827894973754882812e+01
2.277822685241699219e+01
1.340367889404296875e+01
9.124060630798339844e+00
1.765842247009277344e+01
1.989605140686035156e+01
2.845240783691406250e+01
1.514252090454101562e+01
2.536456298828125000e+01
2.261305809020996094e+01
2.920983695983886719e+01
3.033886146545410156e+01
2.828052902221679688e+01
2.347210502624511719e+01
7.084462165832519531e+00
2.858402442932128906e+01
1.671870613098144531e+01
2.506113433837890625e+01
2.493987464904785156e+01
9.312403678894042969e+00
1.982860374450683594e+01
5.092531585693359375e+01
2.394151687622070312e+01
2.423434066772460938e+01
3.056429481506347656e+01
9.699145317077636719e+00
2.259126853942871094e+01
2.277280426025390625e+01
1.507566833496093750e+01
1.753633117675781250e+01
2.256446647644042969e+01
2.133726882934570312e+01
2.183996772766113281e+01
1.826825523376464844e+01
2.332939720153808594e+01
2.419930267333984375e+01
1.404213523864746094e+01
2.599517631530761719e+01
1.983205223083496094e+01
1.925618171691894531e+01
2.006925392150878906e+01
1.633016967773437500e+01
1.851419448852539062e+01
2.219632148742675781e+01
2.285164642333984375e+01
3.240145492553710938e+01
9.041703224182128906e+00
4.956420135498046875e+01
4.487364196777343750e+01
2.555343627929687500e+01
3.360626220703125000e+01
2.903383255004882812e+01
2.368064880371093750e+01
2.055657005310058594e+01
5.194513702392578125e+01
1.705468368530273438e+01
2.252854537963867188e+01
1.024228286743164062e+01
2.418209838867187500e+01
8.560619354248046875e+00
1.418082904815673828e+01
1.196864604949951172e+01
4.818268203735351562e+01
3.804035568237304688e+01
