3.759999999999999787e+00
1.429999999999999938e+00
1.035999999999999943e+01
3.990000000000000213e+00
5.190000000000000391e+00
3.811999999999999744e+01
5.999999999999999778e-02
3.008999999999999986e+01
6.860000000000000320e+00
1.669999999999999929e+00
4.339999999999999858e+00
3.699999999999999956e-01
3.275000000000000000e+01
1.700000000000000122e-01
1.959999999999999964e+00
1.156000000000000050e+01
3.870000000000000107e+00
1.620000000000000107e+00
1.370000000000000107e+00
1.199000000000000021e+01
7.800000000000000266e-01
5.450000000000000178e+00
1.240000000000000036e+01
2.620000000000000107e+00
5.646000000000000085e+01
1.820000000000000062e+00
6.600000000000000311e-01
3.450000000000000000e+01
1.209999999999999964e+00
2.589999999999999858e+00
3.450000000000000178e+00
2.396000000000000085e+01
1.424000000000000021e+01
4.914000000000000057e+01
1.110000000000000098e+00
2.680000000000000160e+00
2.062999999999999901e+01
1.630999999999999872e+01
1.100000000000000006e-01
7.600000000000000089e-01
5.586999999999999744e+01
1.139999999999999902e+00
1.070000000000000062e+00
8.279999999999999361e+00
1.989999999999999991e+00
6.200000000000000178e+00
7.800000000000000266e-01
7.299999999999999822e-01
2.399999999999999911e-01
3.800000000000000044e-01
5.410000000000000142e+00
1.249000000000000021e+01
2.839999999999999858e+00
3.499999999999999778e-01
4.600000000000000200e-01
5.190000000000000391e+00
7.370000000000000107e+00
5.820000000000000284e+00
5.150000000000000000e+01
6.085000000000000142e+01
1.280000000000000071e+01
6.309999999999999609e+00
4.139999999999999680e+00
2.899999999999999800e-01
1.189999999999999947e+00
3.089999999999999858e+00
1.310000000000000053e+00
1.959999999999999964e+00
1.492999999999999972e+01
3.176999999999999957e+01
4.699999999999999734e-01
5.543999999999999773e+01
6.999999999999999556e-01
3.396999999999999886e+01
2.000000000000000111e-01
4.620000000000000107e+00
1.760000000000000009e+00
1.830000000000000071e+00
5.070000000000000284e+00
3.396999999999999886e+01
7.740000000000000213e+00
8.299999999999999600e-01
2.500000000000000000e-01
3.689999999999999947e+00
5.307000000000000028e+01
1.499999999999999944e-01
9.699999999999999734e-01
2.629999999999999893e+00
6.500000000000000222e-01
2.000000000000000111e-01
7.139999999999999680e+00
5.600000000000000533e-01
1.600000000000000033e-01
1.700000000000000122e-01
9.449999999999999289e+00
2.314999999999999858e+01
2.459999999999999964e+00
2.355000000000000071e+01
1.600000000000000033e-01
2.517999999999999972e+01
5.000000000000000278e-02
2.412999999999999901e+01
2.830000000000000071e+00
2.101999999999999957e+01
1.396000000000000085e+01
1.199999999999999956e-01
1.850000000000000089e+00
1.179999999999999938e+00
8.679999999999999716e+00
1.271000000000000085e+01
1.649999999999999911e+00
1.360000000000000098e+00
1.499999999999999944e-01
4.000000000000000083e-02
8.759999999999999787e+00
1.100000000000000006e-01
4.419999999999999929e+00
3.738000000000000256e+01
8.029999999999999361e+00
3.700000000000000178e+00
5.959999999999999964e+00
1.917999999999999972e+01
2.600000000000000089e-01
3.564000000000000057e+01
2.399999999999999911e-01
1.939999999999999947e+00
3.048000000000000043e+01
2.600000000000000089e-01
3.350000000000000089e+00
2.620000000000000107e+00
3.795000000000000284e+01
1.370000000000000107e+00
1.308000000000000007e+01
3.200000000000000067e-01
3.759999999999999787e+00
2.305000000000000071e+01
3.290000000000000036e+00
9.300000000000000488e-01
1.149999999999999911e+00
4.089999999999999858e+00
1.285999999999999943e+01
8.999999999999999667e-02
2.490000000000000213e+00
1.969999999999999973e+00
1.570000000000000062e+00
2.151000000000000156e+01
9.070000000000000284e+00
8.470000000000000639e+00
3.234000000000000341e+01
1.590000000000000080e+00
2.108999999999999986e+01
2.014000000000000057e+01
8.000000000000000167e-02
2.198999999999999844e+01
3.457999999999999829e+01
4.000000000000000222e-01
7.160000000000000142e+00
1.799999999999999933e-01
5.517000000000000171e+01
2.939999999999999947e+00
6.899999999999999467e-01
5.000000000000000000e-01
5.500000000000000444e-01
3.040000000000000036e+00
4.500000000000000111e-01
4.150000000000000355e+00
6.300000000000000044e-01
4.728999999999999915e+01
8.039999999999999147e+00
8.999999999999999667e-02
6.400000000000000133e-01
3.900000000000000133e-01
4.830000000000000071e+00
2.000000000000000111e-01
2.979999999999999982e+00
2.999999999999999889e-02
2.091000000000000014e+01
4.990000000000000213e+00
2.879999999999999893e+00
1.215000000000000036e+01
2.151000000000000156e+01
3.246000000000000085e+01
1.280000000000000027e+00
2.700000000000000178e-01
1.226999999999999957e+01
2.414000000000000057e+01
3.499999999999999778e-01
1.969999999999999973e+00
5.899999999999999689e-01
3.400000000000000244e-01
1.239999999999999991e+00
1.239999999999999991e+00
7.900000000000000355e-01
1.010000000000000009e+00
1.760000000000000009e+00
6.500000000000000222e-01
2.279999999999999805e+00
3.089999999999999858e+00
3.500999999999999801e+01
1.373000000000000043e+01
4.438000000000000256e+01
2.770000000000000018e+00
4.134000000000000341e+01
2.169999999999999929e+00
6.242000000000000171e+01
1.370000000000000107e+00
8.619999999999999218e+00
5.570000000000000284e+00
4.699999999999999734e-01
8.250000000000000000e+00
3.314000000000000057e+01
1.129999999999999893e+00
5.035999999999999943e+01
8.599999999999999867e-01
7.110000000000000320e+00
2.800000000000000266e-01
5.790000000000000036e+00
2.330000000000000071e+00
8.000000000000000167e-02
9.200000000000000400e-01
7.839999999999999858e+00
1.376999999999999957e+01
9.300000000000000488e-01
8.000000000000000167e-02
4.000000000000000083e-02
2.830000000000000071e+00
5.540000000000000036e+00
1.300000000000000044e+00
4.000000000000000222e-01
7.299999999999999822e-01
7.190000000000000391e+00
1.525000000000000000e+01
1.060000000000000053e+00
1.285999999999999943e+01
6.999999999999999556e-01
1.410999999999999943e+01
5.177000000000000313e+01
1.020000000000000018e+00
1.899999999999999911e+00
1.000000000000000021e-02
1.799999999999999933e-01
2.160000000000000142e+00
1.570000000000000062e+00
7.000000000000000666e-02
2.010999999999999943e+01
3.990000000000000213e+00
2.300000000000000100e-01
5.035999999999999943e+01
4.949000000000000199e+01
4.410000000000000142e+00
4.665999999999999659e+01
5.199000000000000199e+01
4.699999999999999734e-01
1.192999999999999972e+01
7.950000000000000178e+00
4.899999999999999911e-01
7.700000000000000178e-01
5.422999999999999687e+01
8.599999999999999867e-01
3.322999999999999687e+01
1.979999999999999982e+00
1.280000000000000027e+00
3.430000000000000160e+00
3.461999999999999744e+01
4.120000000000000107e+00
2.139999999999999858e+01
1.275999999999999979e+01
7.509999999999999787e+00
4.299999999999999933e-01
2.041000000000000014e+01
3.714000000000000057e+01
4.459999999999999964e+00
6.400000000000000133e-01
4.400000000000000022e-01
5.093999999999999773e+01
8.029999999999999361e+00
1.000000000000000056e-01
