2.417775154113769531e+01
1.256491279602050781e+01
2.926360321044921875e+01
1.168850517272949219e+01
3.515901565551757812e+01
6.762828826904296875e+01
2.169570541381835938e+01
5.268933105468750000e+01
3.981685638427734375e+01
1.929360580444335938e+01
4.029269409179687500e+01
1.659520530700683594e+01
3.097530364990234375e+01
2.783359527587890625e+01
1.170644569396972656e+01
2.717293548583984375e+01
3.853565979003906250e+01
5.526213836669921875e+01
6.302993392944335938e+01
3.921475601196289062e+01
2.465298080444335938e+01
4.906542968750000000e+01
2.094377708435058594e+01
5.544262695312500000e+01
6.298462677001953125e+01
4.480041503906250000e+01
4.233775329589843750e+01
3.364332199096679688e+01
3.531751632690429688e+01
1.646102523803710938e+01
4.393945312500000000e+01
4.869545745849609375e+01
2.434259796142578125e+01
2.757945632934570312e+01
3.512215423583984375e+01
3.755680847167968750e+01
2.044895362854003906e+01
2.657448959350585938e+01
2.767827987670898438e+01
1.768230056762695312e+01
3.394644927978515625e+01
1.348885536193847656e+01
3.625351715087890625e+01
3.680803298950195312e+01
3.531529235839843750e+01
2.975009536743164062e+01
3.219422149658203125e+01
2.500938606262207031e+01
3.189120101928710938e+01
5.028984451293945312e+01
2.203657531738281250e+01
3.600590896606445312e+01
5.995516967773437500e+01
5.109333801269531250e+01
5.489701080322265625e+01
9.924608230590820312e+00
4.010533142089843750e+01
2.240739822387695312e+01
3.261776733398437500e+01
4.121344757080078125e+01
5.346157073974609375e+01
4.337454223632812500e+01
5.383869934082031250e+01
5.286423873901367188e+01
2.658170318603515625e+01
3.279349136352539062e+01
5.491404724121093750e+01
3.992552566528320312e+01
3.028674697875976562e+01
2.730711746215820312e+01
2.815115737915039062e+01
2.537197303771972656e+01
3.759104537963867188e+01
1.156814575195312500e+01
7.136843872070312500e+01
6.627319335937500000e+01
4.995551681518554688e+01
1.238578224182128906e+01
5.644951629638671875e+01
4.938505554199218750e+01
4.089842605590820312e+01
3.952125549316406250e+01
5.484310531616210938e+01
3.844655227661132812e+01
4.597097396850585938e+01
3.688987731933593750e+01
3.423902893066406250e+01
5.491596984863281250e+01
5.516879272460937500e+01
5.614377593994140625e+01
3.378968048095703125e+01
3.647905349731445312e+01
2.799853324890136719e+01
3.986418151855468750e+01
3.579613494873046875e+01
7.397724914550781250e+01
3.859889984130859375e+01
1.377038383483886719e+01
2.866649436950683594e+01
2.944761657714843750e+01
3.521133422851562500e+01
5.628490447998046875e+01
3.490444564819335938e+01
4.385555267333984375e+01
5.315105438232421875e+01
3.298784637451171875e+01
2.532176971435546875e+01
3.897821426391601562e+01
1.470427703857421875e+01
2.655774688720703125e+01
2.059077453613281250e+01
4.523054885864257812e+01
1.119562530517578125e+01
2.985186767578125000e+01
3.881078338623046875e+01
1.162415313720703125e+01
4.043959808349609375e+01
3.706208801269531250e+01
4.558653259277343750e+01
5.322038269042968750e+01
7.727444458007812500e+01
6.647633361816406250e+01
4.093033218383789062e+01
1.641434097290039062e+01
1.501564788818359375e+01
2.912376022338867188e+01
6.819026184082031250e+01
1.071257591247558594e+01
6.674002075195312500e+01
2.112971878051757812e+01
9.775550842285156250e+00
3.197248458862304688e+01
1.335865402221679688e+01
3.713486862182617188e+01
3.537406539916992188e+01
4.285246276855468750e+01
3.880670928955078125e+01
3.827812194824218750e+01
3.756203842163085938e+01
8.123962402343750000e+00
4.822166824340820312e+01
3.639104843139648438e+01
4.116273880004882812e+01
3.734434509277343750e+01
5.929502868652343750e+01
5.638023376464843750e+01
3.967879104614257812e+01
2.083428764343261719e+01
3.512215423583984375e+01
4.507897186279296875e+01
6.569689941406250000e+01
5.049682235717773438e+01
8.079914093017578125e+01
5.138580322265625000e+01
2.882567214965820312e+01
3.225294494628906250e+01
2.530325317382812500e+01
3.884100341796875000e+01
5.946428298950195312e+01
7.033029174804687500e+01
2.855559730529785156e+01
4.580434799194335938e+01
4.956009674072265625e+01
2.349170684814453125e+01
5.609411621093750000e+01
4.765319824218750000e+01
3.862837219238281250e+01
3.543367004394531250e+01
4.098908615112304688e+01
2.310751724243164062e+01
4.474925613403320312e+01
1.500242614746093750e+01
4.118178558349609375e+01
3.056971359252929688e+01
3.636568832397460938e+01
6.036073303222656250e+01
4.511923980712890625e+01
3.565856170654296875e+01
4.104846572875976562e+01
7.944982910156250000e+01
2.107518005371093750e+01
5.653391265869140625e+01
3.416979598999023438e+01
3.109172439575195312e+01
2.979594612121582031e+01
3.986326217651367188e+01
3.132225036621093750e+00
2.377798843383789062e+01
3.132452011108398438e+01
4.211835479736328125e+01
7.306846618652343750e+01
2.296472167968750000e+01
2.475662994384765625e+01
4.060909652709960938e+01
7.904275894165039062e+00
5.226748657226562500e+01
3.667560577392578125e+01
2.913537216186523438e+01
3.079407882690429688e+01
3.660853576660156250e+01
3.859656524658203125e+01
4.402656555175781250e+01
7.474281311035156250e+00
3.859656524658203125e+01
3.476982879638671875e+01
3.905300521850585938e+01
2.474333572387695312e+01
3.019248771667480469e+01
3.352300643920898438e+01
6.834617614746093750e+01
1.392797279357910156e+01
3.468100738525390625e+01
1.840596389770507812e+01
3.508171463012695312e+01
2.046506690979003906e+01
4.490787506103515625e+01
3.148196029663085938e+01
3.552483749389648438e+01
4.026087570190429688e+01
2.167793273925781250e+01
5.628490447998046875e+01
2.747610664367675781e+01
3.474446105957031250e+01
2.308652496337890625e+01
1.479948234558105469e+01
9.866624832153320312e+00
4.502060317993164062e+01
3.183001899719238281e+01
2.175035858154296875e+01
7.743722915649414062e+00
1.511089706420898438e+01
4.037107849121093750e+01
4.103548431396484375e+01
3.252871704101562500e+01
2.742971801757812500e+01
2.997351074218750000e+01
4.413782501220703125e+01
5.497113418579101562e+01
2.108167266845703125e+01
2.211937522888183594e+01
5.939828872680664062e+00
3.333096313476562500e+01
4.155484390258789062e+01
5.517117309570312500e+01
3.173359107971191406e+01
3.864452362060546875e+01
7.472050476074218750e+01
3.079575347900390625e+01
7.727444458007812500e+01
2.307844543457031250e+01
5.497618484497070312e+01
2.231503295898437500e+01
4.333469390869140625e+01
2.594771957397460938e+01
6.448787689208984375e+01
9.175256729125976562e+00
3.742045593261718750e+01
4.564341735839843750e+01
3.800044250488281250e+01
7.710914611816406250e+00
5.064700317382812500e+01
4.355433273315429688e+01
2.532133865356445312e+01
2.949498748779296875e+01
1.794151306152343750e+01
2.506311416625976562e+01
1.150520896911621094e+01
2.977700042724609375e+01
3.917469406127929688e+01
1.498631668090820312e+01
3.021316337585449219e+01
2.915817642211914062e+01
1.658440017700195312e+01
3.734434509277343750e+01
6.617211914062500000e+01
2.016296005249023438e+01
3.331943893432617188e+01
3.945159149169921875e+01
4.501436614990234375e+01
2.468634986877441406e+01
5.628490447998046875e+01
2.124963569641113281e+01
1.833214187622070312e+01
1.209367179870605469e+01
4.580434799194335938e+01
3.924454879760742188e+01
4.571503448486328125e+01
1.462733650207519531e+01
7.157960510253906250e+01
4.860477828979492188e+01
4.176192092895507812e+01
3.032592391967773438e+01
3.082148170471191406e+01
1.314951896667480469e+01
4.782957458496093750e+01
3.507716369628906250e+01
4.203185653686523438e+01
2.207918739318847656e+01
3.117325210571289062e+01
4.194759750366210938e+01
5.563947677612304688e+00
2.701732254028320312e+01
6.557503509521484375e+01
3.944304656982421875e+01
3.682906723022460938e+01
4.907649612426757812e+01
4.459092712402343750e+01
4.422309875488281250e+01
3.945325851440429688e+01
2.174860382080078125e+01
2.993771553039550781e+01
2.528263282775878906e+01
9.607091903686523438e+00
5.164624023437500000e+01
4.107548141479492188e+01
5.334899139404296875e+01
3.104178619384765625e+01
2.868594360351562500e+01
1.924983406066894531e+01
4.080933380126953125e+01
1.450514984130859375e+01
2.082535171508789062e+01
1.243952560424804688e+01
3.837563705444335938e+01
4.742668914794921875e+01
1.994421386718750000e+01
6.820532226562500000e+01
4.195114135742187500e+01
4.025838851928710938e+01
2.785737800598144531e+01
9.508853912353515625e+00
2.423868942260742188e+01
2.729003906250000000e+01
1.757250022888183594e+01
9.503154754638671875e+00
6.268896865844726562e+01
5.653704071044921875e+01
3.295694732666015625e+01
1.347862052917480469e+01
3.784606933593750000e+01
2.576036262512207031e+01
5.143440628051757812e+01
5.931322097778320312e+00
2.968378829956054688e+01
2.617522430419921875e+01
2.686988067626953125e+01
7.181024169921875000e+01
2.084278678894042969e+01
2.368664550781250000e+01
5.027647781372070312e+01
4.240827941894531250e+01
2.923395156860351562e+01
3.837154388427734375e+01
3.831631851196289062e+01
3.157102966308593750e+01
3.955418395996093750e+01
7.467216491699218750e+00
4.214870452880859375e+01
4.110905075073242188e+01
2.283370590209960938e+01
4.234347152709960938e+01
6.383200836181640625e+01
2.423892593383789062e+01
1.256598281860351562e+01
4.432580947875976562e+01
4.477529907226562500e+01
3.078989219665527344e+01
2.128618240356445312e+01
7.281745910644531250e+00
3.760117721557617188e+01
4.378097915649414062e+01
1.306376457214355469e+01
2.052754592895507812e+01
3.163606643676757812e+01
2.639467811584472656e+01
4.580434799194335938e+01
1.643309211730957031e+01
3.239451980590820312e+01
4.101411437988281250e+01
1.478391647338867188e+01
3.874058532714843750e+01
3.673140716552734375e+01
6.820532226562500000e+01
3.458062362670898438e+01
5.335382461547851562e+01
5.210962677001953125e+01
1.136735343933105469e+01
2.833662414550781250e+01
4.246364974975585938e+01
5.481879806518554688e+01
5.022915649414062500e+01
4.343749618530273438e+01
3.022480392456054688e+01
5.014139175415039062e+01
4.016983413696289062e+01
3.766185760498046875e+01
3.319138717651367188e+01
3.312932205200195312e+01
6.941136169433593750e+01
1.349088287353515625e+01
6.448787689208984375e+01
5.832719421386718750e+01
5.316609191894531250e+01
3.067370605468750000e+01
5.123733139038085938e+01
3.280342102050781250e+01
7.247618103027343750e+01
5.620177459716796875e+01
5.169514083862304688e+01
6.071662902832031250e+01
4.277924728393554688e+01
4.063525009155273438e+01
4.504468154907226562e+01
2.755563163757324219e+01
3.900820159912109375e+01
1.345445632934570312e+01
4.398509979248046875e+01
1.319001770019531250e+01
3.767351913452148438e+01
3.587780380249023438e+01
6.450335693359375000e+01
4.539880752563476562e+01
1.432427406311035156e+01
6.346665191650390625e+01
2.811189270019531250e+01
4.440541076660156250e+01
1.885851860046386719e+01
5.226748657226562500e+01
2.864529991149902344e+01
3.430294418334960938e+01
3.656967163085937500e+01
3.883161544799804688e+01
1.320588684082031250e+01
4.996587753295898438e+01
3.538876724243164062e+01
3.999137496948242188e+01
2.770012664794921875e+01
8.522603988647460938e+00
1.982263183593750000e+01
3.132730674743652344e+01
1.540459251403808594e+01
5.566624450683593750e+01
2.197583770751953125e+01
4.407696533203125000e+01
5.707721710205078125e+01
1.762889099121093750e+01
7.203010559082031250e+00
2.606703186035156250e+01
3.736024475097656250e+01
3.314326858520507812e+01
4.267976760864257812e+01
3.463503265380859375e+01
6.766792297363281250e+01
1.705909729003906250e+00
6.815808868408203125e+01
2.245031738281250000e+01
3.539878463745117188e+01
5.463595581054687500e+01
4.726910018920898438e+01
4.008840560913085938e+01
1.081046485900878906e+01
2.359236907958984375e+01
3.677759933471679688e+01
2.008088684082031250e+01
3.137235069274902344e+01
1.708358192443847656e+01
6.422224426269531250e+01
3.043388175964355469e+01
3.244256591796875000e+01
5.196695709228515625e+01
4.440541076660156250e+01
3.330908966064453125e+01
1.170326042175292969e+01
2.048443031311035156e+01
3.802768707275390625e+01
7.727444458007812500e+01
4.614220428466796875e+01
1.248810005187988281e+01
1.284839248657226562e+01
2.963286590576171875e+01
4.426143646240234375e+00
1.356175041198730469e+01
4.298809432983398438e+01
7.026622772216796875e+00
3.004222106933593750e+01
3.587780380249023438e+01
3.810376739501953125e+01
1.189287757873535156e+01
2.686071395874023438e+01
2.937392997741699219e+01
7.199329376220703125e+01
1.901883697509765625e+01
4.275390625000000000e+01
5.843484878540039062e+00
1.663899421691894531e+01
3.764352416992187500e+01
1.149669075012207031e+01
9.779613494873046875e+00
3.657936477661132812e+01
7.472050476074218750e+01
5.974634552001953125e+01
6.199911117553710938e+01
2.446864891052246094e+01
2.407882118225097656e+01
5.412340927124023438e+01
2.659744262695312500e+01
4.484519958496093750e+01
5.043903350830078125e+01
3.688871002197265625e+01
1.255458831787109375e+01
2.239548301696777344e+01
2.585537910461425781e+01
5.881105804443359375e+01
5.594929504394531250e+01
3.380177307128906250e+01
5.345339965820312500e+01
1.091439819335937500e+01
3.330501937866210938e+01
5.674490356445312500e+01
4.132262039184570312e+01
5.040404510498046875e+01
5.478601837158203125e+01
3.452140426635742188e+01
2.462990188598632812e+01
1.358776283264160156e+01
3.429121017456054688e+01
1.600026893615722656e+01
3.917047882080078125e+01
4.116094207763671875e+01
4.766286087036132812e+01
3.922812271118164062e+01
3.805158615112304688e+01
5.588798522949218750e+00
2.661813354492187500e+01
4.095071411132812500e+01
6.487065124511718750e+01
4.308644866943359375e+01
4.592673492431640625e+01
2.364498901367187500e+01
1.072505187988281250e+01
7.215472412109375000e+01
3.155427169799804688e+01
5.056853103637695312e+01
4.426450729370117188e+01
1.762951278686523438e+01
9.236057281494140625e+00
2.117791366577148438e+01
2.020332336425781250e+01
3.752787399291992188e+01
4.027879333496093750e+01
6.304639434814453125e+01
3.026251220703125000e+01
3.720431900024414062e+01
2.117981529235839844e+01
5.059989166259765625e+01
4.662448120117187500e+01
2.447312927246093750e+01
2.681517028808593750e+01
6.386322784423828125e+01
7.798257446289062500e+01
4.340946960449218750e+01
2.966986465454101562e+01
4.880504989624023438e+01
4.897348785400390625e+01
4.232523345947265625e+01
1.647803115844726562e+01
5.183618545532226562e+01
6.915304183959960938e+00
3.064621162414550781e+01
1.897036170959472656e+01
1.252232360839843750e+01
8.840030670166015625e+00
3.054551315307617188e+01
1.612017631530761719e+01
2.745721435546875000e+01
2.284520149230957031e+01
3.255218124389648438e+01
4.147960662841796875e+01
4.915067291259765625e+01
3.780552673339843750e+01
3.919173431396484375e+01
5.563815689086914062e+01
2.569550895690917969e+01
3.334872817993164062e+01
4.473844528198242188e+01
4.051634597778320312e+01
6.630656433105468750e+01
1.570900726318359375e+01
7.011297607421875000e+01
4.062022399902343750e+01
5.602533340454101562e+01
3.598214340209960938e+01
3.457043838500976562e+01
2.579396247863769531e+01
4.793488311767578125e+01
2.616921615600585938e+01
4.925751495361328125e+01
3.944524765014648438e+01
6.614561462402343750e+01
2.428048324584960938e+01
4.940468597412109375e+01
3.939464187622070312e+01
5.251883697509765625e+01
4.313045501708984375e+01
4.171007156372070312e+01
6.928285980224609375e+01
1.969371414184570312e+01
3.623155593872070312e+01
4.179067611694335938e+01
1.896908187866210938e+01
1.681216049194335938e+01
1.432730293273925781e+01
1.758256149291992188e+01
4.438037872314453125e+01
6.679664611816406250e+01
4.175996017456054688e+01
3.292214965820312500e+01
2.434154319763183594e+01
2.517227935791015625e+01
5.579342651367187500e+01
2.059077453613281250e+01
7.143614196777343750e+01
4.296788787841796875e+01
3.606530380249023438e+01
5.377834320068359375e+01
3.153748893737792969e+01
2.029965782165527344e+01
2.405438995361328125e+01
3.628235626220703125e+01
7.187121582031250000e+01
3.790781784057617188e+01
5.300010299682617188e+01
3.659389114379882812e+01
4.853790283203125000e+01
6.028993225097656250e+01
3.658002090454101562e+01
2.738868141174316406e+01
1.601277732849121094e+01
4.172574615478515625e+01
3.178081893920898438e+01
1.566326904296875000e+01
4.531522369384765625e+01
2.415840530395507812e+01
3.112829971313476562e+01
1.190593719482421875e+01
4.711809158325195312e+01
6.346665191650390625e+01
3.678497314453125000e+01
3.035756874084472656e+01
4.179413223266601562e+01
3.587780380249023438e+01
5.236610412597656250e+01
2.134040260314941406e+01
2.265266418457031250e+00
3.329768753051757812e+01
2.209005355834960938e+01
2.542093276977539062e+01
1.879114913940429688e+01
2.568749618530273438e+01
4.487914276123046875e+01
1.886581993103027344e+01
3.127231788635253906e+01
5.428652191162109375e+01
2.369068908691406250e+01
7.302005004882812500e+01
6.423290252685546875e+00
5.384529495239257812e+01
3.189861869812011719e+01
5.120036697387695312e+01
3.478795623779296875e+01
1.796872138977050781e+01
5.838154220581054688e+01
1.396265029907226562e+01
2.963180923461914062e+01
3.056737899780273438e+01
3.479545593261718750e+01
5.082848358154296875e+01
4.406744384765625000e+01
2.517773628234863281e+01
2.983136940002441406e+01
3.658916854858398438e+01
3.348073959350585938e+01
5.881105804443359375e+01
4.004306030273437500e+01
4.131378173828125000e+01
2.480024719238281250e+01
6.248019027709960938e+01
4.146968078613281250e+01
3.158018493652343750e+01
3.641789627075195312e+01
1.445512962341308594e+01
1.752137374877929688e+01
6.008866119384765625e+01
3.019248771667480469e+01
2.099561500549316406e+01
2.954371833801269531e+01
5.693806076049804688e+01
3.910531997680664062e+01
2.615190124511718750e+01
5.007250213623046875e+01
5.859325408935546875e+01
7.657207489013671875e+01
1.061152648925781250e+01
2.894676589965820312e+01
1.678030776977539062e+01
4.034961318969726562e+01
5.832719421386718750e+01
5.753718566894531250e+01
4.887793350219726562e+01
2.856090545654296875e+01
2.695338439941406250e+01
1.688321685791015625e+01
5.222608184814453125e+01
3.368401336669921875e+01
7.727444458007812500e+01
6.985322952270507812e+00
3.545223999023437500e+01
2.391876029968261719e+01
4.054914093017578125e+01
2.148033523559570312e+01
2.816421890258789062e+01
3.077174758911132812e+01
4.373968505859375000e+01
5.145648193359375000e+01
3.423307418823242188e+01
2.434914779663085938e+01
3.429443740844726562e+01
1.988497924804687500e+01
5.399926376342773438e+01
6.377849578857421875e+01
7.150320434570312500e+01
6.862644958496093750e+01
2.808579444885253906e+01
5.665415573120117188e+01
3.865954971313476562e+01
2.103557968139648438e+01
1.908666610717773438e+01
3.093165206909179688e+01
3.045529747009277344e+01
4.877655410766601562e+01
1.472271156311035156e+01
2.972812080383300781e+01
3.308800888061523438e+01
1.885694503784179688e+01
3.923577499389648438e+01
3.980997848510742188e+01
4.461746978759765625e+01
3.157829666137695312e+01
3.945907592773437500e+01
1.659383201599121094e+01
2.747490692138671875e+01
2.023307037353515625e+01
2.249739074707031250e+01
4.440541076660156250e+01
2.450460815429687500e+01
3.164536094665527344e+01
2.524198150634765625e+01
5.102617263793945312e+01
2.431322097778320312e+01
5.311965179443359375e+01
2.655692672729492188e+01
3.057608222961425781e+01
1.315815734863281250e+01
3.012881660461425781e+01
5.610446166992187500e+01
2.921728897094726562e+01
4.416074371337890625e+01
3.461782455444335938e+01
4.446184921264648438e+01
5.328952026367187500e+01
5.263433837890625000e+01
2.614090156555175781e+01
2.726020431518554688e+01
6.346665191650390625e+01
2.048659515380859375e+01
5.447973632812500000e+01
7.496025085449218750e+00
1.272951507568359375e+01
4.370222091674804688e+01
2.019976043701171875e+01
4.580434799194335938e+01
7.433475494384765625e+01
4.224714279174804688e+01
2.836333656311035156e+01
4.108186721801757812e+01
3.733085250854492188e+01
1.991259002685546875e+01
1.630230712890625000e+01
3.605976867675781250e+01
4.215701293945312500e+01
1.948735618591308594e+01
2.434577941894531250e+01
2.825436210632324219e+01
4.465550231933593750e+01
2.118735885620117188e+01
1.767872238159179688e+01
2.921728897094726562e+01
2.153924942016601562e+01
5.084794235229492188e+01
1.363655471801757812e+01
4.336580657958984375e+01
1.167190361022949219e+01
4.497558975219726562e+01
5.192782592773437500e+01
3.812407684326171875e+01
1.662412261962890625e+01
1.024267387390136719e+01
1.871532821655273438e+01
4.062215042114257812e+01
3.241325759887695312e+01
1.429178428649902344e+01
4.997975540161132812e+01
4.417420959472656250e+01
1.698183250427246094e+01
8.892082214355468750e+00
2.999751472473144531e+01
3.150896453857421875e+01
2.460314178466796875e+01
3.193532752990722656e+01
3.149312400817871094e+01
3.608188247680664062e+01
2.124024581909179688e+01
1.106742858886718750e+01
4.813912963867187500e+01
6.820532226562500000e+01
3.858390045166015625e+01
1.113683891296386719e+01
3.629943847656250000e+00
4.744411849975585938e+01
2.842898750305175781e+01
1.344836235046386719e+01
3.089913558959960938e+01
2.860007095336914062e+01
2.181591796875000000e+01
1.430261611938476562e+01
3.812639236450195312e+01
3.602632522583007812e+01
3.858014678955078125e+01
6.844740295410156250e+01
3.899209594726562500e+01
2.801437377929687500e+01
5.268104934692382812e+01
6.626470184326171875e+01
1.644307136535644531e+01
3.087020301818847656e+01
1.786442184448242188e+01
2.628210067749023438e+01
1.009507751464843750e+01
4.842047119140625000e+01
4.367702484130859375e+01
1.711946487426757812e+01
4.332491302490234375e+01
5.838627624511718750e+01
6.159091186523437500e+01
2.936123085021972656e+01
3.226214599609375000e+01
5.672942352294921875e+01
5.092585754394531250e+01
2.291386222839355469e+01
4.172171401977539062e+01
4.387968826293945312e+01
3.610645294189453125e+01
3.009857559204101562e+01
3.450458526611328125e+01
3.377981185913085938e+01
3.334095764160156250e+01
1.828916168212890625e+01
3.560757827758789062e+01
7.053083038330078125e+01
3.938189697265625000e+01
5.773035049438476562e+01
2.766391563415527344e+01
2.668016815185546875e+01
1.400450515747070312e+01
1.311399650573730469e+01
3.665737533569335938e+01
6.467724609375000000e+01
1.686303329467773438e+01
3.030368232727050781e+01
2.921728897094726562e+01
8.847942352294921875e+00
7.472050476074218750e+01
1.658035659790039062e+01
3.419440460205078125e+01
3.755222320556640625e+01
1.708786582946777344e+01
4.816696929931640625e+01
2.236075210571289062e+01
3.531513595581054688e+01
6.009056472778320312e+01
2.785358047485351562e+01
3.799875259399414062e+01
2.251084899902343750e+01
3.097735214233398438e+01
2.468049621582031250e+01
4.709272766113281250e+01
3.209548950195312500e+01
1.235276985168457031e+01
6.003073120117187500e+01
4.451556777954101562e+01
2.191116714477539062e+01
3.512215423583984375e+01
4.517240142822265625e+01
2.357624435424804688e+01
6.199911117553710938e+01
5.449341201782226562e+01
7.427969360351562500e+01
1.431553077697753906e+01
4.108082199096679688e+01
2.434315299987792969e+01
1.368066978454589844e+01
5.537258911132812500e+01
4.321540069580078125e+01
3.302313995361328125e+01
1.371287536621093750e+01
5.639939880371093750e+01
1.475930213928222656e+01
3.768854141235351562e+01
2.194620132446289062e+01
7.229586029052734375e+01
4.954430389404296875e+01
4.866828536987304688e+01
1.855094146728515625e+01
1.502943229675292969e+01
5.504267883300781250e+01
3.739196777343750000e+01
1.960546875000000000e+01
