6.710980987548828125e+01
3.034959793090820312e+01
5.465037536621093750e+01
3.158523368835449219e+01
2.882943153381347656e+01
3.954162216186523438e+01
4.191736221313476562e+01
1.897357940673828125e+01
7.638304138183593750e+01
7.847829818725585938e+00
6.565498352050781250e+01
3.012153053283691406e+01
1.501471138000488281e+01
5.481182861328125000e+01
3.284565353393554688e+01
7.752704620361328125e+01
2.985183715820312500e+01
5.916779327392578125e+01
4.020432662963867188e+01
4.182128524780273438e+01
4.920123291015625000e+01
2.719325447082519531e+01
1.239029121398925781e+01
2.980273437500000000e+01
5.375268554687500000e+01
3.043698883056640625e+01
4.859575271606445312e+01
4.027290344238281250e+01
2.720569610595703125e+01
4.834440231323242188e+00
1.590179252624511719e+01
4.133792877197265625e+01
1.496139907836914062e+01
1.161355018615722656e+01
5.495433807373046875e+01
5.177719116210937500e+01
7.153278350830078125e+01
4.309719467163085938e+01
2.131973838806152344e+01
4.272392272949218750e+01
1.750483512878417969e+01
3.536028671264648438e+01
2.327837753295898438e+01
3.808496475219726562e+01
4.045525360107421875e+01
5.944215774536132812e+01
3.515353393554687500e+01
3.821296310424804688e+01
1.880963134765625000e+01
1.329613304138183594e+01
2.530001449584960938e+01
4.346381378173828125e+01
3.443289566040039062e+01
6.592184448242187500e+01
3.629286575317382812e+01
2.681941223144531250e+01
4.259383010864257812e+01
3.218223190307617188e+01
3.883592987060546875e+01
5.377786636352539062e+01
2.846354293823242188e+01
1.937691688537597656e+01
9.353193283081054688e+00
2.777654266357421875e+01
1.306373596191406250e+01
3.476974868774414062e+01
4.729274368286132812e+01
4.257843780517578125e+01
3.954162216186523438e+01
4.755708694458007812e+01
8.196952819824218750e+01
5.221455383300781250e+01
2.658548545837402344e+01
3.684184646606445312e+01
2.343953323364257812e+01
3.213940429687500000e+01
1.548035049438476562e+01
2.378716278076171875e+01
4.541037368774414062e+01
4.256574249267578125e+01
2.865950584411621094e+01
4.240337371826171875e+01
3.114342689514160156e+01
3.979903411865234375e+01
4.533881759643554688e+01
1.514005088806152344e+01
5.008570861816406250e+01
3.492139434814453125e+01
5.008570861816406250e+01
3.630305099487304688e+01
2.913669776916503906e+01
5.201386260986328125e+01
4.271533203125000000e+01
1.572585868835449219e+01
8.352422332763671875e+01
5.324972534179687500e+01
4.443624114990234375e+01
3.383574295043945312e+01
4.638167953491210938e+01
3.891431427001953125e+01
6.507950592041015625e+01
3.155713081359863281e+01
3.664224624633789062e+01
3.652385330200195312e+01
4.575554656982421875e+01
6.611305236816406250e+01
3.234440994262695312e+01
3.866210937500000000e+01
1.710811614990234375e+01
4.086798858642578125e+01
3.615660095214843750e+01
4.267615890502929688e+01
4.226254653930664062e+01
2.015715026855468750e+01
1.651615142822265625e+01
4.765977859497070312e+01
7.352758026123046875e+01
4.053596496582031250e+01
4.927937316894531250e+01
4.978139495849609375e+01
2.210157394409179688e+01
1.888727951049804688e+01
4.324486923217773438e+01
3.939742279052734375e+01
3.698358535766601562e+01
4.223147964477539062e+01
4.433827972412109375e+01
3.516020202636718750e+01
1.532001876831054688e+01
2.715718460083007812e+01
5.425171279907226562e+01
4.974434280395507812e+01
5.740257644653320312e+01
3.438955688476562500e+01
3.428699493408203125e+01
1.459299659729003906e+01
4.540720367431640625e+01
1.883951568603515625e+01
1.281760406494140625e+01
3.077188301086425781e+01
5.329251861572265625e+01
4.317302703857421875e+01
3.160420608520507812e+01
5.283981323242187500e+01
5.436968994140625000e+01
2.134417724609375000e+01
2.833370590209960938e+01
7.611357116699218750e+01
4.795481109619140625e+01
2.708896636962890625e+01
2.358047866821289062e+01
3.098789024353027344e+01
4.378107452392578125e+01
3.354166412353515625e+01
3.544742584228515625e+01
3.599428176879882812e+01
5.560982131958007812e+01
2.410723495483398438e+01
7.354661560058593750e+01
6.251559448242187500e+01
3.939542007446289062e+01
1.650474548339843750e+01
5.121876144409179688e+01
3.181110763549804688e+01
4.534409332275390625e+01
1.596660995483398438e+01
5.605265426635742188e+01
3.574023437500000000e+01
4.365770339965820312e+01
7.162265777587890625e+01
4.186062622070312500e+01
2.263814544677734375e+01
2.472878074645996094e+01
6.342028427124023438e+01
1.837066459655761719e+01
5.222250366210937500e+01
5.458367919921875000e+01
3.158264350891113281e+01
6.410834503173828125e+01
5.157540512084960938e+01
3.346207809448242188e+01
3.309040069580078125e+00
2.777694320678710938e+01
4.191429138183593750e+01
3.605548858642578125e+01
3.818150329589843750e+01
5.559745788574218750e+01
2.474285888671875000e+01
2.384395027160644531e+01
1.904666900634765625e+01
4.545861434936523438e+01
6.658637237548828125e+01
1.545664215087890625e+01
3.097119522094726562e+01
4.524776077270507812e+01
6.604763793945312500e+01
3.607872772216796875e+01
4.707319259643554688e+01
2.746396636962890625e+01
4.480338287353515625e+01
4.795481109619140625e+01
3.646902084350585938e+01
5.008570861816406250e+01
3.799520492553710938e+01
3.472195053100585938e+01
7.609255218505859375e+01
1.770371246337890625e+01
4.308157730102539062e+01
3.942850875854492188e+01
3.990653610229492188e+01
2.465594482421875000e+01
2.389154052734375000e+01
5.185014724731445312e+01
4.419528961181640625e+01
1.712934303283691406e+01
3.813068008422851562e+01
1.524497222900390625e+01
5.066341400146484375e+01
3.183133697509765625e+01
5.497246551513671875e+01
3.584966278076171875e+01
1.183956718444824219e+01
3.807280349731445312e+01
1.780579566955566406e+01
3.324086761474609375e+01
2.173195648193359375e+01
4.037100219726562500e+01
2.454143524169921875e+01
2.765990447998046875e+01
3.108840370178222656e+01
1.453776741027832031e+01
4.483683776855468750e+01
3.675919342041015625e+01
6.299526977539062500e+01
4.250082397460937500e+01
2.512956237792968750e+01
2.566158485412597656e+01
5.500157928466796875e+01
4.520927810668945312e+01
2.058565139770507812e+01
3.583157348632812500e+01
3.632104873657226562e+01
6.403382110595703125e+01
5.307545852661132812e+01
3.768917465209960938e+01
4.895094680786132812e+01
4.130532073974609375e+01
2.882329368591308594e+01
5.916259765625000000e+01
4.263144302368164062e+01
2.705366897583007812e+01
5.414360046386718750e+01
2.540548706054687500e+01
3.069905471801757812e+01
5.410750579833984375e+01
3.676000595092773438e+01
2.577885437011718750e+01
3.709993743896484375e+01
5.055453109741210938e+01
3.716116714477539062e+01
4.860075378417968750e+01
1.886275863647460938e+01
4.237430572509765625e+01
2.773550415039062500e+01
3.638727951049804688e+01
2.522746658325195312e+01
3.450650787353515625e+01
3.759126281738281250e+01
4.176844406127929688e+01
2.036687850952148438e+01
2.179531097412109375e+01
3.122332382202148438e+01
1.723135948181152344e+01
6.337330627441406250e+01
2.417985534667968750e+01
1.339262008666992188e+01
2.622092819213867188e+01
6.853263092041015625e+01
3.466933822631835938e+01
2.757568359375000000e+01
1.716394615173339844e+01
3.799520492553710938e+01
1.041373825073242188e+01
3.729627227783203125e+01
2.139932250976562500e+01
2.320956039428710938e+01
2.570125198364257812e+01
7.340658569335937500e+01
6.592184448242187500e+01
3.842992019653320312e+01
2.500646972656250000e+01
3.838573455810546875e+01
4.213243484497070312e+01
3.954162216186523438e+01
4.765977859497070312e+01
2.531248474121093750e+01
5.072969818115234375e+01
4.032352447509765625e+01
5.916213607788085938e+01
2.662655639648437500e+01
5.418975830078125000e+01
5.156059265136718750e+01
9.759382247924804688e+00
3.232364273071289062e+01
6.430697631835937500e+01
3.770676422119140625e+01
5.008551025390625000e+01
7.377842712402343750e+01
6.618984985351562500e+01
1.208820152282714844e+01
9.333730697631835938e+00
4.212418746948242188e+01
3.462027740478515625e+01
1.493996620178222656e+01
6.387019729614257812e+01
5.299544525146484375e+01
4.847051620483398438e+01
3.224083709716796875e+01
2.319737625122070312e+01
1.112507820129394531e+01
2.845995712280273438e+01
5.319882583618164062e+01
1.841116333007812500e+01
6.316440582275390625e+01
5.295289993286132812e+01
1.055606269836425781e+01
3.833857727050781250e+01
4.085395812988281250e+01
4.087358856201171875e+01
2.518907546997070312e+01
7.156578063964843750e+01
2.297002029418945312e+01
5.497246551513671875e+01
1.698598670959472656e+01
3.430003356933593750e+01
4.745714950561523438e+01
6.299236297607421875e+01
2.308635711669921875e+01
5.212647628784179688e+01
7.226687622070312500e+01
4.120339202880859375e+01
6.336356353759765625e+01
4.779681396484375000e+01
3.891844558715820312e+01
4.623836135864257812e+01
7.543946838378906250e+01
5.534263610839843750e+01
2.471050834655761719e+01
2.911775588989257812e+01
2.703062438964843750e+01
2.979263687133789062e+01
5.072773742675781250e+01
2.540870666503906250e+01
3.961130142211914062e+01
1.798945045471191406e+01
2.211433601379394531e+01
5.398651885986328125e+01
2.469628334045410156e+01
3.214633178710937500e+01
5.095578384399414062e+01
6.459729003906250000e+01
1.532756996154785156e+01
2.650513458251953125e+01
3.315520477294921875e+01
4.618505096435546875e+01
4.795481109619140625e+01
3.703274154663085938e+01
3.207896041870117188e+01
1.662644767761230469e+01
1.466429901123046875e+01
1.542795372009277344e+01
2.074199485778808594e+01
1.307899856567382812e+01
3.644063568115234375e+01
2.769772338867187500e+01
1.725507926940917969e+01
5.062638854980468750e+01
3.630305099487304688e+01
3.630305099487304688e+01
3.982601547241210938e+01
4.185336303710937500e+01
4.823357772827148438e+01
3.465031051635742188e+01
2.448175811767578125e+01
2.880645751953125000e+01
5.627920913696289062e+01
1.716855430603027344e+01
3.409624481201171875e+01
6.609408569335937500e+01
2.180325317382812500e+01
3.499731826782226562e+01
4.244906616210937500e+01
5.015340423583984375e+01
3.006520652770996094e+01
4.154899215698242188e+01
6.719662475585937500e+01
3.147078704833984375e+01
1.748661041259765625e+01
3.640579223632812500e+01
3.145249366760253906e+01
1.297796821594238281e+01
3.859090423583984375e+01
3.601280975341796875e+01
4.507201004028320312e+01
3.921650314331054688e+01
5.574168395996093750e+01
2.906466865539550781e+01
6.251348495483398438e+01
5.466773223876953125e+01
3.477167129516601562e+01
7.609255218505859375e+01
4.728314208984375000e+01
3.463008499145507812e+01
6.579659271240234375e+01
4.619976043701171875e+01
3.116604995727539062e+01
4.760871124267578125e+01
3.232319259643554688e+01
2.611647033691406250e+01
4.163296127319335938e+01
3.923820877075195312e+01
2.313894653320312500e+01
2.698195457458496094e+01
4.214638519287109375e+01
5.122229003906250000e+01
1.632823181152343750e+01
2.519962882995605469e+01
2.387167358398437500e+01
4.155551910400390625e+01
3.898499298095703125e+01
3.687420272827148438e+01
3.526171875000000000e+01
3.582841491699218750e+01
2.041532516479492188e+01
7.146639251708984375e+01
4.988769531250000000e+01
6.820780944824218750e+01
4.295955657958984375e+01
5.858167266845703125e+01
4.895651245117187500e+01
3.134046173095703125e+01
7.902331542968750000e+01
4.326239776611328125e+01
1.378797721862792969e+01
3.259145736694335938e+01
2.787257003784179688e+01
5.517138290405273438e+01
1.379949188232421875e+01
5.064944458007812500e+01
3.889270401000976562e+01
2.669878959655761719e+01
5.710627365112304688e+01
1.711923599243164062e+01
3.409648513793945312e+01
3.656747055053710938e+01
5.016323089599609375e+01
9.243663787841796875e+00
3.205850601196289062e+01
6.597421264648437500e+01
2.633201217651367188e+01
5.784531021118164062e+01
4.305764007568359375e+01
3.671770858764648438e+01
4.266991806030273438e+01
3.864342880249023438e+01
3.516203689575195312e+01
1.182367515563964844e+01
9.996252059936523438e+00
4.637667083740234375e+01
4.026758193969726562e+01
1.337860107421875000e+01
2.787024116516113281e+01
1.926470756530761719e+01
1.050594902038574219e+01
5.547141265869140625e+01
5.295504760742187500e+01
3.775360870361328125e+01
4.573576354980468750e+01
1.448196029663085938e+01
1.629667663574218750e+01
4.175775909423828125e+01
3.962913894653320312e+01
5.030924224853515625e+01
3.098474121093750000e+01
1.862590217590332031e+01
1.012645149230957031e+01
4.291325378417968750e+01
7.331353759765625000e+01
5.920178604125976562e+01
2.496033477783203125e+01
1.454213523864746094e+01
2.859644126892089844e+01
4.080796051025390625e+01
2.743889999389648438e+01
2.462009048461914062e+01
2.767338562011718750e+01
6.274950408935546875e+01
2.155128479003906250e+01
5.647911071777343750e+01
6.034038925170898438e+01
3.986435699462890625e+01
1.230238342285156250e+01
5.058482360839843750e+01
4.596502304077148438e+01
4.730550765991210938e+01
9.945764541625976562e+00
6.764050292968750000e+01
1.377606582641601562e+01
3.881944274902343750e+01
5.445085906982421875e+01
3.889680480957031250e+01
3.471969985961914062e+01
4.896320343017578125e+01
3.158081436157226562e+01
3.221220397949218750e+01
3.466848373413085938e+01
5.403852844238281250e+01
2.658548545837402344e+01
2.954960250854492188e+01
4.511307907104492188e+01
4.380878067016601562e+01
3.342660903930664062e+01
1.557995414733886719e+01
2.276539993286132812e+01
2.633901596069335938e+01
4.289477539062500000e+01
4.687728118896484375e+01
1.072049903869628906e+01
5.319385528564453125e+01
4.215172195434570312e+01
2.653069305419921875e+01
2.822392654418945312e+01
5.295275878906250000e+01
5.546131134033203125e+01
2.649106407165527344e+01
4.907574462890625000e+01
1.521827316284179688e+01
6.374788665771484375e+01
3.943479537963867188e+01
4.435490417480468750e+01
3.255121612548828125e+01
2.632973480224609375e+01
1.307469749450683594e+01
2.865950584411621094e+01
2.534468841552734375e+01
6.853263092041015625e+01
3.693175888061523438e+01
2.060608673095703125e+01
3.354895019531250000e+01
3.859709930419921875e+01
3.034288597106933594e+01
4.398223114013671875e+01
2.128935241699218750e+01
5.403185272216796875e+01
4.072739028930664062e+01
9.939346313476562500e+00
1.762664413452148438e+01
3.930043411254882812e+01
8.473693847656250000e+00
4.395038223266601562e+01
4.148379516601562500e+01
3.116550064086914062e+01
3.872993850708007812e+01
5.281610870361328125e+01
2.957676887512207031e+01
1.631060028076171875e+01
2.880157089233398438e+01
3.917224121093750000e+01
4.552460479736328125e+01
5.108885192871093750e+01
2.200103187561035156e+01
4.795481109619140625e+01
1.380108833312988281e+01
4.593992614746093750e+01
7.118524932861328125e+01
1.823475265502929688e+01
1.912910079956054688e+01
2.601474761962890625e+01
4.056555175781250000e+01
1.391213798522949219e+01
1.542289543151855469e+01
4.385023498535156250e+01
2.487034416198730469e+01
4.151152801513671875e+01
3.275748443603515625e+01
2.501735305786132812e+01
2.661074829101562500e+01
4.234897232055664062e+01
3.221940231323242188e+01
1.975845909118652344e+01
4.779198074340820312e+01
1.994636344909667969e+01
1.452052688598632812e+01
6.696247100830078125e+00
2.904038429260253906e+01
4.646536254882812500e+01
7.638304138183593750e+01
3.410509109497070312e+01
3.878976058959960938e+01
3.318331146240234375e+01
4.166981124877929688e+01
1.540849876403808594e+01
5.253102111816406250e+01
2.602787780761718750e+01
2.853454971313476562e+01
3.087609481811523438e+01
3.779896926879882812e+01
2.093012619018554688e+01
5.527568435668945312e+01
4.846838760375976562e+01
3.314786911010742188e+01
1.716234588623046875e+01
2.145619392395019531e+01
5.441071319580078125e+01
2.406781768798828125e+01
2.981004905700683594e+01
3.364997482299804688e+01
3.197374534606933594e+01
3.265949630737304688e+01
4.055455398559570312e+01
2.701981735229492188e+01
3.295696258544921875e+01
3.010659027099609375e+01
2.084290313720703125e+01
2.564610099792480469e+01
4.400740051269531250e+01
4.311927032470703125e+01
3.159142303466796875e+01
4.636673736572265625e+01
3.923524475097656250e+01
3.595105743408203125e+01
4.158576583862304688e+01
5.123537063598632812e+00
3.390264892578125000e+01
4.354129409790039062e+01
4.157186126708984375e+01
7.219813537597656250e+01
2.634757232666015625e+01
3.984974670410156250e+01
2.046332550048828125e+01
8.545377731323242188e+00
6.862570190429687500e+01
2.699102401733398438e+01
4.870258712768554688e+01
4.082992172241210938e+01
3.985390090942382812e+01
9.280403137207031250e+00
4.831569290161132812e+01
5.651595306396484375e+01
2.771144676208496094e+01
3.624173736572265625e+01
3.087878799438476562e+01
7.145550537109375000e+01
1.135240745544433594e+01
4.962426376342773438e+01
4.171288299560546875e+01
5.122740173339843750e+01
7.609255218505859375e+01
2.698365402221679688e+01
3.036186790466308594e+01
5.393286895751953125e+01
1.257271385192871094e+01
2.921435546875000000e+01
2.159417724609375000e+01
5.129486846923828125e+01
2.298745727539062500e+01
1.709888267517089844e+01
5.916259765625000000e+01
3.006811714172363281e+01
4.321607208251953125e+01
3.768712997436523438e+01
3.707019424438476562e+01
4.142650985717773438e+01
5.107403945922851562e+01
3.815816497802734375e+01
1.899187278747558594e+01
3.128032493591308594e+01
3.311234283447265625e+01
3.011763000488281250e+01
1.867448234558105469e+01
3.832195663452148438e+01
2.906893730163574219e+01
2.189449310302734375e+01
4.357019805908203125e+01
4.906568145751953125e+01
3.973165130615234375e+01
1.143610382080078125e+01
1.091166496276855469e+01
3.890518569946289062e+01
3.265490722656250000e+01
3.432472991943359375e+01
5.632854843139648438e+01
4.005369186401367188e+01
1.504134559631347656e+01
6.853263092041015625e+01
5.343280029296875000e+01
1.998208808898925781e+01
3.583157348632812500e+01
1.523412322998046875e+01
4.502308654785156250e+01
4.044989776611328125e+01
7.638304138183593750e+01
3.177164459228515625e+01
3.437565612792968750e+01
5.441072082519531250e+01
4.183731079101562500e+01
5.916779327392578125e+01
5.654655075073242188e+01
6.336356353759765625e+01
2.690252685546875000e+01
4.765977859497070312e+01
4.150747299194335938e+01
1.031420326232910156e+01
5.363399124145507812e+01
6.009872436523437500e+00
1.733941841125488281e+01
2.727939224243164062e+01
3.708644485473632812e+01
3.576515197753906250e+01
3.441234588623046875e+01
3.843194961547851562e+01
6.983261108398437500e+01
2.637060165405273438e+01
3.789202117919921875e+01
6.404678344726562500e+01
1.894625854492187500e+01
7.316247558593750000e+01
5.559275817871093750e+01
2.153735733032226562e+01
1.512087440490722656e+01
4.290877532958984375e+01
1.141814613342285156e+01
5.317173767089843750e+01
5.389598464965820312e+01
2.717433738708496094e+01
2.951948928833007812e+01
1.695871353149414062e+01
3.828960418701171875e+01
4.895558547973632812e+01
6.404281616210937500e+01
5.237800598144531250e+01
4.176825332641601562e+01
4.628168487548828125e+01
2.388746070861816406e+01
1.724116897583007812e+01
3.684593582153320312e+01
1.542395591735839844e+01
6.498042297363281250e+01
3.831554031372070312e+01
1.116471672058105469e+01
2.298027229309082031e+01
5.502695465087890625e+01
5.164148712158203125e+01
1.165089797973632812e+01
2.409542846679687500e+01
3.978844070434570312e+01
5.916779327392578125e+01
3.140995407104492188e+01
6.732958221435546875e+01
3.306038284301757812e+01
4.038190841674804688e+01
4.455846023559570312e+01
1.866192245483398438e+01
5.494866943359375000e+01
6.567210388183593750e+01
1.376690101623535156e+01
6.097761535644531250e+01
3.429271697998046875e+01
1.413571166992187500e+01
7.609255218505859375e+01
1.423023605346679688e+01
4.889109802246093750e+01
3.226905822753906250e+01
7.638304138183593750e+01
2.890180587768554688e+01
3.210601043701171875e+01
2.971710205078125000e+01
4.405231094360351562e+01
4.349393081665039062e+01
4.303649520874023438e+01
3.772981262207031250e+01
9.190425872802734375e+00
4.314980697631835938e+01
4.094385910034179688e+01
2.030269813537597656e+01
3.414816284179687500e+01
2.058636093139648438e+01
2.853300857543945312e+01
2.207390594482421875e+01
2.731005859375000000e+01
4.203143692016601562e+01
2.936429023742675781e+01
3.282048797607421875e+01
3.969926071166992188e+01
3.281066131591796875e+01
7.122570800781250000e+01
3.653313446044921875e+01
4.239334487915039062e+01
1.706657600402832031e+01
2.850781631469726562e+01
7.111491394042968750e+01
8.131210327148437500e+00
1.119554901123046875e+01
2.599964141845703125e+01
2.580438995361328125e+01
5.039998245239257812e+01
5.638960647583007812e+01
4.367082595825195312e+01
3.221660614013671875e+01
3.499577331542968750e+01
4.987303543090820312e+01
1.021071815490722656e+01
7.332534790039062500e+01
3.083176422119140625e+01
3.275065231323242188e+01
1.035592460632324219e+01
1.834765434265136719e+01
4.089749908447265625e+01
2.474971961975097656e+01
3.271675872802734375e+01
4.067145156860351562e+01
3.672472000122070312e+01
5.558558273315429688e+01
2.651224517822265625e+01
4.387019348144531250e+01
4.273379898071289062e+01
2.560423851013183594e+01
6.853263092041015625e+01
3.249249267578125000e+01
5.860784149169921875e+01
3.100768089294433594e+01
3.345259094238281250e+01
2.981830787658691406e+01
6.668687438964843750e+01
1.022000503540039062e+01
4.256727218627929688e+01
3.634783554077148438e+01
4.979475021362304688e+01
1.404053115844726562e+01
5.278554534912109375e+01
1.488594818115234375e+01
1.842562866210937500e+01
1.296495056152343750e+01
2.283111572265625000e+01
2.533210754394531250e+01
2.865950584411621094e+01
5.896456146240234375e+01
3.182373046875000000e+01
2.637308883666992188e+01
4.621485519409179688e+01
6.251559448242187500e+01
3.583157348632812500e+01
1.963029479980468750e+01
2.901827049255371094e+01
4.268179702758789062e+01
1.745729255676269531e+01
4.020822525024414062e+01
2.895595550537109375e+01
3.479935455322265625e+01
4.315097045898437500e+01
3.894828796386718750e+01
5.544451141357421875e+01
2.623461151123046875e+01
3.774280548095703125e+01
3.193006134033203125e+01
3.931343078613281250e+01
5.000823593139648438e+01
3.514840698242187500e+01
3.758469772338867188e+01
5.718149566650390625e+01
4.341123962402343750e+01
5.624229049682617188e+01
5.590631484985351562e+00
5.926589202880859375e+01
2.764013671875000000e+01
1.189880752563476562e+01
2.653379058837890625e+01
2.763626480102539062e+01
1.811551284790039062e+01
1.792613983154296875e+01
3.361296844482421875e+01
2.451750564575195312e+01
4.316996002197265625e+01
1.480542755126953125e+01
4.737782287597656250e+01
3.319253158569335938e+01
4.275625610351562500e+01
1.878606796264648438e+01
6.432795715332031250e+01
3.183761596679687500e+01
1.526755142211914062e+01
3.281483078002929688e+01
3.106540489196777344e+01
4.000467681884765625e+01
4.734608840942382812e+01
2.272669601440429688e+01
2.523636627197265625e+01
1.855581474304199219e+01
2.661949539184570312e+01
3.338014221191406250e+01
2.876410102844238281e+01
2.999086380004882812e+01
5.087403869628906250e+01
3.368437957763671875e+01
2.369737625122070312e+01
1.079457664489746094e+01
3.163558387756347656e+01
1.548694229125976562e+01
4.818307113647460938e+01
3.987096786499023438e+01
1.704487228393554688e+01
2.319737625122070312e+01
3.883731079101562500e+01
3.178059005737304688e+01
3.510082626342773438e+01
1.359834671020507812e+01
3.012379074096679688e+01
4.330830764770507812e+01
1.750945854187011719e+01
8.270608901977539062e+00
1.535682678222656250e+01
5.914502716064453125e+01
5.920160293579101562e+01
1.538587188720703125e+01
4.267506027221679688e+01
2.051045417785644531e+01
3.729452133178710938e+01
