3.850009536743164062e+01
5.843484497070312500e+01
4.419205474853515625e+01
2.756377792358398438e+01
1.543752288818359375e+01
3.307568740844726562e+01
3.497774505615234375e+01
3.731423568725585938e+01
3.424794006347656250e+01
2.736880874633789062e+01
3.334861755371093750e+01
2.490725326538085938e+01
6.052553558349609375e+01
5.386797332763671875e+01
6.265483093261718750e+01
3.890840911865234375e+01
3.836367416381835938e+01
3.010910034179687500e+00
3.071694755554199219e+01
7.002664566040039062e+00
4.081274032592773438e+01
2.598616409301757812e+01
2.176704406738281250e+01
5.809101867675781250e+01
6.221984863281250000e+01
2.601581573486328125e+01
2.917126464843750000e+01
5.005231475830078125e+01
6.787904357910156250e+01
2.172961425781250000e+01
1.496076583862304688e+01
2.659410476684570312e+01
3.043601417541503906e+01
3.312525558471679688e+01
1.201725578308105469e+01
6.265483093261718750e+01
3.863834381103515625e+01
7.939098358154296875e+01
7.548554992675781250e+01
5.182348632812500000e+01
6.952665710449218750e+01
2.163207626342773438e+01
2.821476936340332031e+01
1.118224143981933594e+01
1.693115806579589844e+01
2.507670021057128906e+01
3.267742156982421875e+01
1.566490364074707031e+01
2.979530715942382812e+01
7.392105102539062500e+01
4.877753829956054688e+01
5.840779113769531250e+01
3.832498931884765625e+01
2.987747955322265625e+01
4.420673370361328125e+01
5.186908721923828125e+01
3.757593536376953125e+01
2.780554008483886719e+01
1.937605667114257812e+01
4.925682830810546875e+01
5.288697814941406250e+01
1.270001602172851562e+01
2.037628936767578125e+01
4.226333618164062500e+01
4.596240997314453125e+01
4.337837982177734375e+01
5.279192733764648438e+01
2.228638076782226562e+01
2.997756004333496094e+01
3.172171020507812500e+01
1.913961601257324219e+01
1.996002769470214844e+01
2.908059120178222656e+01
3.218306732177734375e+01
3.448592758178710938e+01
3.431440734863281250e+01
3.545888900756835938e+01
8.757394790649414062e+00
2.689543533325195312e+01
1.567373466491699219e+01
5.241160583496093750e+01
1.298154258728027344e+01
8.901823043823242188e+00
4.213967895507812500e+01
2.484370803833007812e+01
3.937186050415039062e+01
9.553634643554687500e+00
2.519293212890625000e+01
2.946707534790039062e+01
7.977416992187500000e+00
4.145617294311523438e+01
3.039223480224609375e+01
3.688491821289062500e+01
2.589276123046875000e+01
6.683393096923828125e+01
2.531024932861328125e+01
4.165681838989257812e+01
2.265068817138671875e+01
1.675942420959472656e+01
3.210508728027343750e+01
3.347431182861328125e+01
3.932799530029296875e+01
1.518677139282226562e+01
3.366779708862304688e+01
1.083763122558593750e+00
2.406254196166992188e+01
2.991939353942871094e+01
2.305921173095703125e+01
5.508948135375976562e+01
5.493440628051757812e+01
2.354188346862792969e+01
3.881529998779296875e+01
2.168818473815917969e+01
4.334542846679687500e+01
3.686963272094726562e+01
2.896018791198730469e+01
3.690389633178710938e+01
3.900558090209960938e+01
3.753531265258789062e+01
7.042845153808593750e+01
2.401623916625976562e+01
1.778607368469238281e+01
2.419757843017578125e+01
1.813489913940429688e+01
6.705807495117187500e+01
2.788503646850585938e+01
1.063834762573242188e+01
4.526696395874023438e+01
1.745711898803710938e+01
5.474588775634765625e+01
1.140838050842285156e+01
4.716901779174804688e+01
4.372676086425781250e+01
7.260234069824218750e+01
2.408987045288085938e+01
1.222163772583007812e+01
3.201013946533203125e+01
2.860267639160156250e+01
3.446438598632812500e+01
3.127155113220214844e+01
1.315321922302246094e+01
2.822076416015625000e+01
2.483082199096679688e+01
4.109145355224609375e+01
4.231649017333984375e+01
2.626593017578125000e+01
3.876945114135742188e+01
4.346434020996093750e+01
4.518000793457031250e+01
3.520572280883789062e+01
4.710699462890625000e+01
2.669134902954101562e+01
3.201393127441406250e+01
5.786688232421875000e+01
3.693877792358398438e+01
1.724461555480957031e+01
3.545888900756835938e+01
3.823535537719726562e+01
1.812875175476074219e+01
1.287572288513183594e+01
1.610859870910644531e+01
3.833233261108398438e+01
4.219676971435546875e+01
6.868890380859375000e+01
1.561266326904296875e+01
2.469792938232421875e+01
4.159412002563476562e+01
4.348701858520507812e+01
4.836806869506835938e+01
3.569928741455078125e+01
2.763028144836425781e+01
2.375538253784179688e+01
1.511347770690917969e+01
1.862625122070312500e+01
4.194486236572265625e+01
4.199179840087890625e+01
9.467031478881835938e+00
5.417130661010742188e+01
3.150553894042968750e+01
2.986162948608398438e+01
4.378573608398437500e+01
1.850125503540039062e+01
4.110396194458007812e+01
5.689051055908203125e+01
4.411429595947265625e+01
3.908742523193359375e+01
3.638049697875976562e+01
1.579628181457519531e+01
1.631322097778320312e+01
6.066005706787109375e+01
6.662548065185546875e+01
4.510827636718750000e+01
4.117100524902343750e+01
2.616510772705078125e+01
5.191959762573242188e+01
1.720848655700683594e+01
4.665170288085937500e+01
4.265446472167968750e+01
3.205001831054687500e+01
4.734327697753906250e+01
2.678940200805664062e+01
3.161773872375488281e+01
4.016449356079101562e+01
3.113480377197265625e+01
7.261869812011718750e+01
3.621262359619140625e+01
1.995844650268554688e+01
5.575494384765625000e+01
1.322294425964355469e+01
6.374427795410156250e+00
3.243998336791992188e+01
3.820612716674804688e+01
2.498341369628906250e+01
1.311942863464355469e+01
4.190158462524414062e+01
3.387755584716796875e+01
1.927487945556640625e+01
4.681676483154296875e+01
2.699868583679199219e+01
3.222899246215820312e+01
3.768822860717773438e+01
2.993910789489746094e+01
6.891755676269531250e+01
7.707051849365234375e+01
2.824829864501953125e+01
6.463256835937500000e+00
3.464295578002929688e+01
3.458919143676757812e+01
7.831237792968750000e+01
6.234489440917968750e+00
6.153851318359375000e+01
3.452520751953125000e+01
3.890831756591796875e+01
5.758461761474609375e+01
5.367037963867187500e+01
1.115047073364257812e+01
7.707051849365234375e+01
5.462016296386718750e+01
1.019259452819824219e+01
2.865270233154296875e+01
3.032023239135742188e+01
2.552847290039062500e+01
1.098575973510742188e+01
3.991133880615234375e+01
5.604189300537109375e+01
4.295106124877929688e+01
5.120401382446289062e+01
9.411531448364257812e+00
3.733988952636718750e+01
5.570161437988281250e+01
3.888913726806640625e+01
2.199236297607421875e+01
4.006099319458007812e+01
7.209450531005859375e+01
7.078633117675781250e+01
2.771973037719726562e+01
8.811008453369140625e+00
5.551882171630859375e+01
3.771114349365234375e+01
1.906057548522949219e+01
7.645664215087890625e+01
1.431058692932128906e+01
3.832678222656250000e+01
7.226910400390625000e+01
5.187654113769531250e+01
9.536602020263671875e+00
5.450422286987304688e+01
7.491680908203125000e+01
5.021157455444335938e+01
2.560567092895507812e+01
4.120137023925781250e+01
1.278606224060058594e+01
1.373192596435546875e+01
3.328947448730468750e+01
4.507209014892578125e+01
5.573768615722656250e+01
3.800962829589843750e+01
4.584945297241210938e+01
3.470962524414062500e+01
2.846438980102539062e+01
2.196673011779785156e+01
3.432692337036132812e+01
4.304082489013671875e+01
2.646363067626953125e+01
2.660577011108398438e+01
9.945827484130859375e+00
5.556376266479492188e+01
3.584577178955078125e+01
3.122316169738769531e+01
3.785827255249023438e+01
1.383105659484863281e+01
3.545888900756835938e+01
5.582260894775390625e+01
1.486566352844238281e+01
4.421981048583984375e+01
4.182513427734375000e+01
1.120499229431152344e+01
1.718138885498046875e+01
5.397508239746093750e+01
4.232509613037109375e+01
4.301314926147460938e+01
3.072489356994628906e+01
5.498611068725585938e+01
1.900111007690429688e+01
3.727613449096679688e+01
2.271592712402343750e+01
4.494139099121093750e+01
3.121666526794433594e+01
6.641372680664062500e+01
2.988397026062011719e+01
5.351625823974609375e+01
1.205218124389648438e+01
6.803924560546875000e+01
5.478500747680664062e+01
2.214552879333496094e+01
2.591331100463867188e+01
1.843062019348144531e+01
4.598186492919921875e+01
1.379721832275390625e+01
6.859889221191406250e+01
4.271320724487304688e+01
1.084596252441406250e+01
1.101308250427246094e+01
1.777553558349609375e+01
2.964376449584960938e+01
6.283442687988281250e+01
5.403897094726562500e+01
4.830320739746093750e+01
2.159547996520996094e+01
4.189310455322265625e+01
2.393926239013671875e+01
1.766819190979003906e+01
4.429996109008789062e+01
4.448513031005859375e+01
2.690167999267578125e+01
1.488005256652832031e+01
2.788503646850585938e+01
3.734188842773437500e+01
9.114986419677734375e+00
5.447666931152343750e+01
1.734953117370605469e+01
7.394123840332031250e+01
2.679503250122070312e+01
5.086435317993164062e+01
2.967164993286132812e+01
6.868890380859375000e+01
2.530752563476562500e+01
4.616265869140625000e+01
5.864528274536132812e+01
5.309671020507812500e+01
1.362515068054199219e+01
6.868890380859375000e+01
1.438336753845214844e+01
2.633193206787109375e+01
3.756909179687500000e+01
5.203322601318359375e+01
1.072675895690917969e+01
4.409103775024414062e+01
2.596419525146484375e+01
4.116827011108398438e+01
2.703153610229492188e+01
4.758840179443359375e+01
3.887647628784179688e+01
3.550042343139648438e+01
5.268704223632812500e+01
3.846225738525390625e+00
2.746747970581054688e+01
3.024393272399902344e+01
2.938895797729492188e+01
5.585831451416015625e+01
3.197514724731445312e+01
4.403676223754882812e+01
1.826132011413574219e+01
4.970235443115234375e+01
5.315302276611328125e+01
4.866779327392578125e+01
4.359048461914062500e+01
5.226473999023437500e+01
1.346367645263671875e+01
6.815696716308593750e+00
3.925369262695312500e+01
1.422627258300781250e+01
3.459328460693359375e+01
5.829894638061523438e+01
4.386002349853515625e+01
4.723369598388671875e+01
3.416418838500976562e+01
4.460474395751953125e+01
7.333750915527343750e+01
3.731889724731445312e+01
2.191333389282226562e+01
3.220272064208984375e+01
2.841394424438476562e+01
1.177472496032714844e+01
3.980188369750976562e+01
7.412510681152343750e+01
3.414810180664062500e+01
9.382856369018554688e+00
5.161000061035156250e+01
3.369396972656250000e+01
3.194178962707519531e+01
2.695685195922851562e+01
3.711420440673828125e+01
4.165879058837890625e+01
5.107007598876953125e+01
5.549166107177734375e+01
5.214273452758789062e+01
2.864730453491210938e+01
4.067382812500000000e+01
1.689975738525390625e+01
4.479144287109375000e+01
2.686008071899414062e+01
7.523747253417968750e+01
2.295985031127929688e+01
2.582945632934570312e+01
2.055188369750976562e+01
3.731120300292968750e+01
3.674055099487304688e+01
3.977316665649414062e+01
4.319244766235351562e+01
7.676406860351562500e+01
1.578707885742187500e+01
6.322405242919921875e+01
5.416464614868164062e+01
3.627352905273437500e+01
3.201393127441406250e+01
7.707051849365234375e+01
1.427883911132812500e+01
5.317546081542968750e+01
5.627475738525390625e+01
3.156950759887695312e+01
2.938246536254882812e+01
4.428565597534179688e+01
3.976216125488281250e+01
3.166761207580566406e+01
3.515731048583984375e+01
2.851778411865234375e+01
1.161144256591796875e+01
4.244255065917968750e+01
6.470671081542968750e+01
3.035075759887695312e+01
5.416464614868164062e+01
7.192230224609375000e+01
6.588050842285156250e+00
1.899956893920898438e+01
3.509200668334960938e+01
6.550411987304687500e+01
4.691039657592773438e+01
3.667000961303710938e+01
2.912854003906250000e+01
3.084823608398437500e+01
3.730102539062500000e+01
4.686011505126953125e+01
1.399108695983886719e+01
4.245985412597656250e+01
2.430322265625000000e+01
5.816606903076171875e+01
6.593109893798828125e+01
5.687555694580078125e+01
6.185186767578125000e+01
5.634883880615234375e+01
3.376762390136718750e+01
1.107676506042480469e+01
5.197785186767578125e+01
4.837734985351562500e+01
3.176490592956542969e+01
4.540153121948242188e+01
5.829894638061523438e+01
1.645369720458984375e+01
1.152840042114257812e+01
6.985774230957031250e+01
1.437545013427734375e+01
2.491998291015625000e+01
2.990375328063964844e+01
1.704965400695800781e+01
2.975164794921875000e+01
1.950755691528320312e+01
3.613408279418945312e+01
7.860510253906250000e+01
6.582530975341796875e+01
3.400735473632812500e+01
3.482392883300781250e+01
3.528853607177734375e+01
3.672866821289062500e+00
2.518348121643066406e+01
2.768022537231445312e+01
3.592833328247070312e+01
2.492267608642578125e+01
4.633104705810546875e+01
2.198746109008789062e+01
2.512670707702636719e+01
6.808949279785156250e+01
6.355400085449218750e+01
1.588656425476074219e+01
1.831396675109863281e+01
7.771720123291015625e+01
5.661215209960937500e+01
6.583335876464843750e+00
6.517457962036132812e+00
3.782945632934570312e+01
7.732536315917968750e+01
2.835368156433105469e+01
1.147723960876464844e+01
2.673120307922363281e+01
1.143074035644531250e+01
2.665320587158203125e+01
5.291084289550781250e+00
3.657209396362304688e+01
4.532600402832031250e+01
2.654831314086914062e+01
4.004328155517578125e+01
5.462020874023437500e+01
3.030633544921875000e+01
4.247948455810546875e+01
2.762045288085937500e+01
6.049381256103515625e+01
4.615179824829101562e+01
2.975836563110351562e+01
1.836523056030273438e+01
2.999578857421875000e+01
2.689651298522949219e+01
7.576187133789062500e+01
2.997542953491210938e+01
2.464864349365234375e+01
2.094260787963867188e+01
5.034135437011718750e+01
2.758666610717773438e+01
4.049323272705078125e+01
1.639256477355957031e+01
3.633340835571289062e+01
5.061194229125976562e+01
3.703956604003906250e+01
5.852576446533203125e+01
5.103591918945312500e+01
4.171199798583984375e+00
3.736188125610351562e+01
4.536348724365234375e+01
1.995772933959960938e+01
2.853184509277343750e+01
8.456230163574218750e-01
5.321548843383789062e+01
3.306398391723632812e+01
4.213551712036132812e+01
2.267285537719726562e+01
5.636070251464843750e+01
7.847778320312500000e+00
3.545220184326171875e+01
2.463953018188476562e+01
3.421472549438476562e+01
4.201812744140625000e+01
2.953060722351074219e+01
2.425986671447753906e+01
3.952914428710937500e+01
2.032426643371582031e+01
3.430892562866210938e+01
3.244524002075195312e+01
2.351662635803222656e+01
1.999852752685546875e+01
3.031075096130371094e+01
1.588743019104003906e+01
5.364675903320312500e+01
5.186599731445312500e+01
5.251882934570312500e+01
4.198732757568359375e+01
2.379434204101562500e+01
2.398484230041503906e+01
6.400743103027343750e+01
4.320389938354492188e+01
1.201939010620117188e+01
3.531253814697265625e+01
4.988722991943359375e+01
4.683861923217773438e+01
2.717306327819824219e+01
2.556561660766601562e+01
6.481230163574218750e+01
3.044397163391113281e+01
2.175132369995117188e+01
5.660535430908203125e+01
5.118337249755859375e+01
2.797595214843750000e+01
1.180530738830566406e+01
5.663633728027343750e+01
6.561671447753906250e+01
3.622793197631835938e+01
3.491896820068359375e+01
2.769620895385742188e+01
4.657565689086914062e+01
5.147188568115234375e+01
1.412297058105468750e+01
6.513124084472656250e+01
7.369989395141601562e+00
3.269505691528320312e+01
3.520367050170898438e+01
6.662548065185546875e+01
2.296368408203125000e+01
3.881816101074218750e+01
6.868890380859375000e+01
5.553155517578125000e+01
2.786501502990722656e+01
5.386002349853515625e+01
1.659147071838378906e+01
2.433044815063476562e+01
1.908519363403320312e+01
3.579309844970703125e+01
1.270253181457519531e+01
4.295106124877929688e+01
3.319014739990234375e+01
1.844495964050292969e+01
3.732171630859375000e+01
5.623283767700195312e+01
4.347951889038085938e+01
3.745764541625976562e+01
4.501921844482421875e+01
3.767406845092773438e+01
1.168379783630371094e+01
2.395930099487304688e+01
5.388056182861328125e+01
3.820244598388671875e+01
4.559386062622070312e+01
3.522275543212890625e+01
4.151476669311523438e+01
3.750954437255859375e+01
3.889797973632812500e+01
3.291518402099609375e+01
1.906151580810546875e+01
3.375340270996093750e+01
3.454677581787109375e+01
3.444366073608398438e+01
3.797193908691406250e+01
2.978161239624023438e+01
5.154183197021484375e+01
2.514699172973632812e+01
4.864402389526367188e+01
3.545888900756835938e+01
3.249386596679687500e+01
4.304616546630859375e+01
5.540980529785156250e+01
1.256377029418945312e+01
1.658697128295898438e+01
2.814554023742675781e+01
1.507710838317871094e+01
1.663024520874023438e+01
6.381050872802734375e+01
4.336539077758789062e+01
4.564068984985351562e+01
1.135275840759277344e+01
4.595460128784179688e+01
4.740539550781250000e+01
5.083966445922851562e+01
4.921289825439453125e+01
3.912797546386718750e+01
2.328433990478515625e+01
3.778720855712890625e+01
3.732808685302734375e+01
5.183533096313476562e+01
3.312786483764648438e+01
1.011377716064453125e+01
3.974286651611328125e+01
2.180099868774414062e+01
4.080054092407226562e+01
3.721691894531250000e+01
2.665620994567871094e+01
2.845284461975097656e+01
4.292759704589843750e+01
2.577320671081542969e+01
4.098292160034179688e+01
4.295106124877929688e+01
1.327015876770019531e+01
1.783794593811035156e+01
5.092998886108398438e+01
3.313574981689453125e+01
4.266659545898437500e+01
2.413644790649414062e+01
5.040782165527343750e+01
4.585889434814453125e+01
1.906569099426269531e+01
3.893415451049804688e+01
3.250739288330078125e+01
4.305936431884765625e+01
3.934300231933593750e+01
1.386250686645507812e+01
4.843427658081054688e+01
1.722443771362304688e+01
3.762724685668945312e+01
2.706663322448730469e+01
3.280571746826171875e+01
3.656153106689453125e+01
4.965428161621093750e+01
2.441296005249023438e+01
4.545627593994140625e+01
5.487508773803710938e+00
2.436058044433593750e+01
4.123226165771484375e+01
3.545772552490234375e+01
1.917483711242675781e+01
3.637367248535156250e+01
2.665745544433593750e+01
7.046102142333984375e+01
5.605896759033203125e+01
1.971702575683593750e+00
1.657936477661132812e+01
3.582969665527343750e+01
2.232716751098632812e+01
3.729692840576171875e+01
1.512145233154296875e+01
4.016966629028320312e+01
2.538057518005371094e+01
5.480913162231445312e+00
4.050819015502929688e+01
6.169780731201171875e+01
2.306483459472656250e+01
4.050802993774414062e+01
4.840196228027343750e+01
1.816880416870117188e+01
6.927838897705078125e+01
6.835712432861328125e+01
4.685548400878906250e+01
2.812305450439453125e+01
4.527436065673828125e+01
3.810887145996093750e+01
4.679378509521484375e+01
5.066603851318359375e+01
4.449104690551757812e+01
3.359883880615234375e+01
5.105599212646484375e+01
2.526523208618164062e+01
5.568233871459960938e+01
2.005878448486328125e+01
3.283932113647460938e+01
2.326388549804687500e+01
2.415588378906250000e+01
2.004991531372070312e+01
5.925869750976562500e+01
2.642305183410644531e+01
4.045725250244140625e+01
4.596240997314453125e+01
3.214424896240234375e+01
2.095428466796875000e+01
2.784649848937988281e+01
1.819959640502929688e+01
2.640807342529296875e+01
3.564221572875976562e+01
3.054483032226562500e+01
5.826945495605468750e+01
1.117204475402832031e+01
5.392565155029296875e+01
7.523747253417968750e+01
4.325006484985351562e+01
3.200910568237304688e+01
3.905406188964843750e+01
5.265732574462890625e+01
3.592230606079101562e+01
3.448884963989257812e+01
4.300674057006835938e+01
1.927543067932128906e+01
3.292282104492187500e+00
6.412845611572265625e+01
2.104561233520507812e+01
3.312786483764648438e+01
5.765293121337890625e+00
4.596240997314453125e+01
3.215354537963867188e+01
1.189597892761230469e+01
2.788475990295410156e+01
4.134571838378906250e+01
3.790337753295898438e+01
4.120871353149414062e+01
7.523747253417968750e+01
3.120136070251464844e+01
3.563019180297851562e+01
3.538679504394531250e+01
2.930721473693847656e+01
3.966684341430664062e+01
2.523441314697265625e+01
1.072106361389160156e+01
2.173401451110839844e+01
3.897031021118164062e+01
5.033474731445312500e+01
5.702945709228515625e+01
4.122845458984375000e+01
7.523747253417968750e+01
1.968902587890625000e+01
2.824969673156738281e+01
1.842474746704101562e+01
1.931938743591308594e+01
1.899801445007324219e+01
3.111741828918457031e+01
2.264965438842773438e+01
2.577775192260742188e+01
3.590356826782226562e+01
4.829564666748046875e+01
1.026582336425781250e+01
4.612100982666015625e+01
5.829894638061523438e+01
3.796595764160156250e+01
2.034659957885742188e+01
1.693443679809570312e+01
4.827639770507812500e+01
3.923939514160156250e+01
4.165879058837890625e+01
2.106063079833984375e+01
2.558065223693847656e+01
1.914274024963378906e+01
6.265483093261718750e+01
3.233900833129882812e+01
4.007673645019531250e+01
4.631870269775390625e+01
3.118761253356933594e+01
3.807038497924804688e+01
2.745265197753906250e+01
1.612299156188964844e+01
5.845865631103515625e+01
6.750225830078125000e+01
3.123081970214843750e+01
2.465937042236328125e+01
2.586547660827636719e+01
4.106945419311523438e+01
1.894099426269531250e+01
4.358259582519531250e+01
5.335859680175781250e+01
5.416464614868164062e+01
3.933737945556640625e+01
4.402030563354492188e+01
6.677940368652343750e+00
5.265838623046875000e+01
3.963349533081054688e+01
8.685217285156250000e+01
3.625214004516601562e+01
1.926333808898925781e+01
4.084107971191406250e+01
3.341009902954101562e+01
3.272464370727539062e+01
4.641244506835937500e+01
2.979618263244628906e+01
2.998299598693847656e+01
3.820938110351562500e+01
3.348278045654296875e+01
6.705807495117187500e+01
5.604189300537109375e+01
3.604189682006835938e+01
5.260604095458984375e+01
3.354542541503906250e+01
1.363278388977050781e+01
5.431204986572265625e+01
2.599074554443359375e+01
1.227756500244140625e+01
4.154755401611328125e+01
5.604189300537109375e+01
1.186096954345703125e+01
1.557515525817871094e+01
5.334098052978515625e+01
3.965191650390625000e+01
2.402334213256835938e+01
2.120491790771484375e+01
2.446903038024902344e+01
2.867712402343750000e+01
3.192438888549804688e+01
3.441009140014648438e+01
5.579555892944335938e+01
1.635412025451660156e+01
5.019842529296875000e+01
1.679337692260742188e+01
3.431497955322265625e+01
1.193585968017578125e+01
4.863939666748046875e+01
7.540596008300781250e+01
4.825882339477539062e+01
4.972834396362304688e+01
1.221366691589355469e+01
5.820323181152343750e+01
4.473841857910156250e+01
3.746071243286132812e+01
7.707051849365234375e+01
7.238011169433593750e+01
2.588832473754882812e+01
4.802758026123046875e+01
2.522887802124023438e+01
4.870277404785156250e+01
3.296094894409179688e+01
2.547657394409179688e+01
1.601334381103515625e+01
3.939881134033203125e+01
5.445034027099609375e+01
4.148321914672851562e+01
9.246971130371093750e+00
2.852444839477539062e+01
6.572622680664062500e+01
2.300184249877929688e+01
5.013832092285156250e+01
3.837809753417968750e+01
3.676185989379882812e+01
4.468141555786132812e+01
3.972042846679687500e+01
3.213980865478515625e+01
4.894886779785156250e+01
3.667877197265625000e+01
7.138224792480468750e+01
3.923301315307617188e+01
8.864141464233398438e+00
2.601886367797851562e+01
4.493214416503906250e+01
1.306543350219726562e+01
1.947606468200683594e+01
2.929283523559570312e+01
5.836706161499023438e+01
1.265469741821289062e+01
2.629991531372070312e+01
2.287428474426269531e+01
4.596240997314453125e+01
4.289897155761718750e+01
1.781969261169433594e+01
1.226427459716796875e+01
3.306862640380859375e+01
4.506870651245117188e+01
6.682682800292968750e+01
9.733413696289062500e+00
1.900656700134277344e+01
1.974348640441894531e+01
3.991480255126953125e+01
4.165879058837890625e+01
3.881529998779296875e+01
3.838325119018554688e+01
2.252831649780273438e+01
3.201393127441406250e+01
6.837824249267578125e+01
7.671526336669921875e+01
3.988858032226562500e+01
