2.924771881103515625e+01
3.245232772827148438e+01
6.327658462524414062e+01
4.288462448120117188e+01
4.006250381469726562e+01
3.947487640380859375e+01
4.141891860961914062e+01
3.749278640747070312e+01
2.296102905273437500e+01
2.501965904235839844e+01
2.441257095336914062e+01
3.629069900512695312e+01
4.159192276000976562e+01
1.429721260070800781e+01
5.954334259033203125e+01
3.832457733154296875e+01
5.818691635131835938e+01
1.105730628967285156e+01
2.799139785766601562e+01
6.240173339843750000e+01
5.490436553955078125e+01
5.942843246459960938e+01
2.472370910644531250e+01
3.225197601318359375e+01
6.266991424560546875e+01
5.198458862304687500e+01
2.678396987915039062e+01
4.728372192382812500e+01
2.341239547729492188e+01
3.949765014648437500e+01
3.533569335937500000e+01
1.665078926086425781e+01
4.409468078613281250e+01
5.041331863403320312e+01
3.301395034790039062e+01
3.426368713378906250e+01
1.266889190673828125e+01
4.391188049316406250e+01
4.872175598144531250e+01
3.568117904663085938e+01
2.720104217529296875e+01
4.267267608642578125e+01
5.306772232055664062e+01
1.407723045349121094e+01
1.001256752014160156e+01
7.081704711914062500e+01
7.011089324951171875e+01
5.629315567016601562e+01
3.893257141113281250e+01
1.505541419982910156e+01
7.011089324951171875e+01
2.443266296386718750e+01
2.485666275024414062e+01
3.601165771484375000e+01
7.031037902832031250e+01
6.454747009277343750e+01
5.188439559936523438e+01
2.218314170837402344e+01
1.973147010803222656e+01
1.465088653564453125e+01
4.295984649658203125e+01
8.617572784423828125e+00
4.013714218139648438e+01
4.828859329223632812e+01
1.545811080932617188e+01
2.384772109985351562e+01
2.673000144958496094e+01
4.113875198364257812e+01
4.086442184448242188e+01
2.456178665161132812e+01
2.718049430847167969e+01
3.011803817749023438e+01
2.260446548461914062e+01
2.857485198974609375e+01
3.242057418823242188e+01
3.263545227050781250e+01
3.013324737548828125e+01
2.561158943176269531e+01
6.457234191894531250e+01
4.317637634277343750e+01
2.533858680725097656e+01
7.190119934082031250e+01
4.242979812622070312e+01
4.389667510986328125e+01
5.255335617065429688e+01
1.626945877075195312e+01
4.760515594482421875e+01
2.719637680053710938e+01
9.218286514282226562e+00
2.491083145141601562e+01
5.234780120849609375e+01
6.149768066406250000e+01
1.343757629394531250e+01
1.618303680419921875e+01
2.628168106079101562e+01
3.946384429931640625e+01
5.400945663452148438e+01
2.700404739379882812e+01
5.566089630126953125e+00
2.059423065185546875e+01
1.726025390625000000e+01
4.787622070312500000e+01
4.292142868041992188e+01
5.020148086547851562e+01
7.154779052734375000e+01
3.501368331909179688e+01
3.750268936157226562e+01
4.984656524658203125e+01
2.897732162475585938e+01
3.048447036743164062e+01
3.713679122924804688e+01
3.643502044677734375e+01
3.650251388549804688e+01
1.266973304748535156e+01
3.177269554138183594e+01
1.363237571716308594e+01
2.600097274780273438e+01
1.995026016235351562e+01
8.426757812500000000e+00
2.682859039306640625e+01
6.240173339843750000e+01
1.913781166076660156e+01
2.957738685607910156e+01
3.350715637207031250e+01
1.937776374816894531e+01
2.476469421386718750e+01
9.964000701904296875e+00
1.177410507202148438e+01
3.849974441528320312e+01
1.858734893798828125e+01
2.878350257873535156e+01
8.000200271606445312e+00
4.294655990600585938e+01
3.254923248291015625e+01
5.242903137207031250e+01
1.386570930480957031e+01
3.070799827575683594e+01
2.730124092102050781e+01
5.464652633666992188e+01
2.361106872558593750e+01
3.357054901123046875e+01
1.058944511413574219e+01
3.006269645690917969e+01
4.737042617797851562e+01
3.649819183349609375e+01
3.771986007690429688e+01
5.068235015869140625e+01
2.371435546875000000e+01
2.843835449218750000e+01
3.698924255371093750e+01
3.085594940185546875e+01
3.995270156860351562e+01
3.337239837646484375e+01
2.420000839233398438e+01
2.173530578613281250e+01
4.885649108886718750e+01
4.189034271240234375e+01
1.846905326843261719e+01
2.817927932739257812e+01
5.030228424072265625e+01
3.107279586791992188e+01
3.197586441040039062e+01
6.521506500244140625e+01
2.734640502929687500e+01
4.715522003173828125e+01
5.543511199951171875e+01
3.113613510131835938e+01
1.331128311157226562e+01
3.965486145019531250e+01
1.750904083251953125e+01
2.469396972656250000e+01
1.635319328308105469e+01
1.836811828613281250e+01
5.290976715087890625e+01
4.949237060546875000e+01
5.980142974853515625e+01
2.315283203125000000e+01
3.997903442382812500e+01
6.590391540527343750e+01
1.523506355285644531e+01
3.618342208862304688e+01
2.774464797973632812e+01
4.708003616333007812e+01
4.282929992675781250e+01
3.329650878906250000e+01
1.685873222351074219e+01
3.716749572753906250e+01
4.000407409667968750e+01
4.449915313720703125e+01
2.457710647583007812e+01
1.065300941467285156e+01
4.041370010375976562e+01
2.100936889648437500e+01
4.422274398803710938e+01
2.089661026000976562e+01
2.603406524658203125e+01
1.997423553466796875e+01
3.934971618652343750e+01
2.603324508666992188e+01
9.845228195190429688e+00
3.066041564941406250e+01
3.796735382080078125e+01
1.871329116821289062e+01
3.644752883911132812e+01
2.131211471557617188e+01
1.641152954101562500e+01
3.356253814697265625e+01
3.290271759033203125e+01
2.872625732421875000e+01
1.750273323059082031e+01
1.936206054687500000e+01
1.048248100280761719e+01
1.064241600036621094e+01
1.863495635986328125e+01
3.644595718383789062e+01
7.560296630859375000e+01
2.887774467468261719e+01
5.225386428833007812e+01
3.774391937255859375e+01
4.016606903076171875e+01
3.598891067504882812e+01
2.762859344482421875e+01
3.601151657104492188e+01
1.950799751281738281e+01
4.987524795532226562e+01
3.455249023437500000e+01
4.573442840576171875e+01
1.965652847290039062e+01
4.761066436767578125e+01
3.813094711303710938e+01
3.491366577148437500e+01
1.671657943725585938e+01
1.314599609375000000e+01
3.325186920166015625e+01
6.015621948242187500e+01
6.240173339843750000e+01
4.052917480468750000e+01
2.908657073974609375e+01
2.282323837280273438e+01
3.533569335937500000e+01
3.696713256835937500e+01
3.698742294311523438e+01
3.201642990112304688e+01
4.954489898681640625e+01
3.302966308593750000e+01
5.461706924438476562e+01
5.242367553710937500e+01
2.297355651855468750e+01
5.311630249023437500e+01
6.747089385986328125e+01
3.947487640380859375e+01
4.982772064208984375e+01
5.964928054809570312e+01
3.217774581909179688e+01
2.562410736083984375e+01
6.521506500244140625e+01
4.327050399780273438e+01
7.366130828857421875e+00
3.041412353515625000e+01
2.859914779663085938e+01
1.189708137512207031e+01
6.866255187988281250e+01
1.895549964904785156e+01
6.637350082397460938e+00
1.605116271972656250e+01
4.704322814941406250e+01
5.264060592651367188e+01
1.674266815185546875e+01
3.126745986938476562e+01
7.502473831176757812e+00
3.940613174438476562e+01
3.781416702270507812e+01
2.836619567871093750e+01
3.094483947753906250e+01
2.361288833618164062e+01
1.572384643554687500e+01
3.937430572509765625e+01
4.413781738281250000e+01
1.295066642761230469e+01
3.642373275756835938e+01
3.201642990112304688e+01
5.029774475097656250e+01
6.260894775390625000e+01
1.378574371337890625e+01
3.576116943359375000e+01
4.126579666137695312e+01
3.293595504760742188e+01
3.039961051940917969e+01
2.725765037536621094e+01
2.937543869018554688e+01
2.476591491699218750e+01
2.507370185852050781e+01
3.211229705810546875e+01
5.345870208740234375e+01
1.800526618957519531e+01
4.136096954345703125e+01
6.102938079833984375e+01
2.312329292297363281e+01
3.955628585815429688e+01
3.404303359985351562e+01
5.050764465332031250e+01
4.367015075683593750e+01
2.911511611938476562e+01
3.947487640380859375e+01
3.152902984619140625e+01
3.114354515075683594e+01
3.706016540527343750e+01
5.147220611572265625e+01
2.138906478881835938e+01
3.999711990356445312e+01
2.667809486389160156e+01
1.520095062255859375e+01
3.403865051269531250e+01
6.002310180664062500e+01
3.188849067687988281e+01
2.829941177368164062e+01
2.894960021972656250e+01
5.650325393676757812e+01
6.511225891113281250e+01
5.237272644042968750e+01
3.350255966186523438e+01
3.973563766479492188e+01
2.086468124389648438e+01
2.822254943847656250e+01
5.093318557739257812e+01
3.630112075805664062e+01
5.190195846557617188e+01
5.284187698364257812e+01
5.217860794067382812e+01
2.110591316223144531e+01
9.379972457885742188e+00
3.114190673828125000e+01
5.820294189453125000e+01
4.134818649291992188e+01
1.615950775146484375e+01
5.154726409912109375e+01
2.842321205139160156e+01
4.455262756347656250e+01
1.275814247131347656e+01
3.586425781250000000e+01
3.154734420776367188e+01
4.686591720581054688e+01
3.039275741577148438e+01
3.817843627929687500e+01
3.052057647705078125e+01
4.813405609130859375e+01
5.351054382324218750e+01
3.955863189697265625e+01
1.270786285400390625e+01
2.787097549438476562e+01
3.764912414550781250e+01
2.565855789184570312e+01
3.761525344848632812e+01
2.880636405944824219e+01
1.317250823974609375e+01
2.450321769714355469e+01
3.396365737915039062e+01
4.205315017700195312e+01
3.625333404541015625e+01
3.400269317626953125e+01
5.869228363037109375e+01
8.686706542968750000e+00
3.185641098022460938e+01
1.872726821899414062e+01
4.268865966796875000e+01
1.426744651794433594e+01
3.296488571166992188e+01
3.602912521362304688e+01
1.965373611450195312e+01
7.315089416503906250e+01
1.542441177368164062e+01
3.060300064086914062e+01
5.134908294677734375e+01
2.353390121459960938e+01
5.040608215332031250e+01
3.536258697509765625e+01
3.245690536499023438e+01
3.793481445312500000e+01
5.289592742919921875e+01
1.091776847839355469e+01
2.147584533691406250e+01
3.219940567016601562e+01
4.287220764160156250e+01
3.284274673461914062e+01
7.707717895507812500e+00
4.613988113403320312e+01
2.368967247009277344e+01
1.380706787109375000e+00
4.128989791870117188e+01
4.962435531616210938e+01
3.792286682128906250e+01
4.264724731445312500e+01
4.068567657470703125e+01
5.195523452758789062e+01
1.267631912231445312e+01
2.110591316223144531e+01
4.959904479980468750e+01
4.212779998779296875e+01
6.873133850097656250e+01
4.588629913330078125e+01
4.170404052734375000e+01
2.804141998291015625e+01
3.288490295410156250e+01
2.430941581726074219e+01
5.042433547973632812e+01
5.785033416748046875e+01
5.514592742919921875e+01
3.518541717529296875e+01
2.965920257568359375e+01
3.944205474853515625e+01
2.718222427368164062e+01
5.345870208740234375e+01
3.645369720458984375e+01
2.952096176147460938e+01
4.764402008056640625e+01
4.428229522705078125e+01
1.596228981018066406e+01
1.264816284179687500e+01
3.012977027893066406e+01
6.690422821044921875e+01
2.909075927734375000e+01
2.962104797363281250e+01
4.012065124511718750e+01
3.947487640380859375e+01
5.064055633544921875e+01
3.223267364501953125e+01
2.427857398986816406e+01
2.207946968078613281e+01
1.209200096130371094e+01
3.642402267456054688e+01
4.187907791137695312e+01
1.431371879577636719e+01
2.322523498535156250e+01
2.890070915222167969e+01
4.145434951782226562e+01
3.078026580810546875e+01
1.374877929687500000e+01
1.321621131896972656e+01
3.607814407348632812e+01
3.520519256591796875e+01
3.568058776855468750e+01
5.005445861816406250e+01
4.722268676757812500e+01
4.655995941162109375e+01
3.343725585937500000e+01
9.581474304199218750e+00
2.528915405273437500e+01
3.273998260498046875e+01
4.357300567626953125e+01
1.213540458679199219e+01
5.128374099731445312e+01
2.519176864624023438e+01
3.180541610717773438e+01
3.730786895751953125e+01
2.609114074707031250e+01
4.256053543090820312e+01
3.847892379760742188e+01
5.646475219726562500e+01
1.851896476745605469e+01
2.574952697753906250e+01
2.986802101135253906e+01
2.883547592163085938e+01
4.307384872436523438e+01
4.397668075561523438e+01
2.695914077758789062e+01
3.573632049560546875e+01
2.509829711914062500e+01
2.936940574645996094e+01
1.498827743530273438e+01
4.879492950439453125e+01
3.038885879516601562e+01
5.289352798461914062e+01
4.101651382446289062e+01
7.315089416503906250e+01
1.532065963745117188e+01
4.560352325439453125e+01
3.595877838134765625e+01
2.991803550720214844e+01
4.288326644897460938e+01
1.889404869079589844e+01
1.835099792480468750e+01
3.197068595886230469e+01
5.041865158081054688e+01
2.381373405456542969e+01
1.187643814086914062e+01
5.709170150756835938e+01
3.106905746459960938e+01
4.156242752075195312e+01
1.325318145751953125e+01
3.680144119262695312e+01
1.854578590393066406e+01
3.918333816528320312e+01
4.588574981689453125e+01
3.373292922973632812e+01
2.851305389404296875e+01
5.818691635131835938e+01
2.090296173095703125e+01
3.821135330200195312e+01
3.181020736694335938e+01
4.227376937866210938e+01
2.476506805419921875e+01
6.825422286987304688e+00
3.946701049804687500e+01
1.594779777526855469e+01
3.998987197875976562e+01
4.321501922607421875e+01
5.774097442626953125e+01
7.466781616210937500e+01
1.858088493347167969e+01
6.841621398925781250e+01
5.315351867675781250e+01
2.791455841064453125e+01
3.294812393188476562e+01
1.451919364929199219e+01
1.155435562133789062e+01
4.338404846191406250e+01
2.673418426513671875e+01
2.169430541992187500e+01
5.386673736572265625e+01
4.070647811889648438e+01
2.522380447387695312e+01
4.108734893798828125e+01
4.175017166137695312e+01
3.730261611938476562e+01
2.696684646606445312e+01
1.357912635803222656e+01
2.064037132263183594e+01
2.454917907714843750e+01
6.434519958496093750e+01
1.280771446228027344e+01
2.364762115478515625e+01
3.293595504760742188e+01
4.982772064208984375e+01
3.678830337524414062e+01
3.551277542114257812e+01
4.727276611328125000e+01
3.853966140747070312e+01
5.944224166870117188e+01
4.843321228027343750e+01
3.917422103881835938e+01
3.592762756347656250e+01
1.485891342163085938e+01
3.171170043945312500e+01
2.600917434692382812e+01
5.386673736572265625e+01
6.312313842773437500e+01
4.808153152465820312e+01
6.691559600830078125e+01
5.800537109375000000e+01
6.199909210205078125e+00
2.757307434082031250e+01
7.272951507568359375e+01
2.713013648986816406e+01
2.693229293823242188e+01
7.049043273925781250e+01
1.181876182556152344e+01
2.967474555969238281e+01
4.173545837402343750e+01
3.811203765869140625e+01
3.423361206054687500e+01
3.988613891601562500e+01
6.261684799194335938e+01
3.012109375000000000e+01
4.120724868774414062e+01
5.164595794677734375e+01
2.615840530395507812e+01
5.198557281494140625e+01
1.407706642150878906e+01
5.462258911132812500e+01
1.598926544189453125e+01
5.495952606201171875e+01
2.869796371459960938e+01
6.058432769775390625e+01
8.787372589111328125e+00
4.608722305297851562e+01
3.397342300415039062e+01
4.249603652954101562e+01
3.642853546142578125e+01
3.306343460083007812e+01
4.092287063598632812e+01
5.345870208740234375e+01
6.259772491455078125e+01
3.055667304992675781e+01
2.521833038330078125e+01
2.756958389282226562e+01
1.928880691528320312e+01
3.823839950561523438e+01
5.162838745117187500e+01
3.701194381713867188e+01
1.856995201110839844e+01
1.670536231994628906e+01
2.466037940979003906e+01
2.215491867065429688e+01
4.049726104736328125e+01
5.607599258422851562e+01
2.972791862487792969e+01
5.616824340820312500e+01
4.420920181274414062e+01
2.559366989135742188e+01
7.931823730468750000e+00
2.441728591918945312e+01
6.748608398437500000e+01
4.104827499389648438e+01
3.068583488464355469e+01
2.056422424316406250e+01
2.565855789184570312e+01
6.971099853515625000e+00
4.337686920166015625e+01
4.152193832397460938e+01
3.535590744018554688e+01
3.708666229248046875e+01
3.969398880004882812e+01
7.315089416503906250e+01
4.427562332153320312e+01
5.386673736572265625e+01
3.072608947753906250e+01
3.344079589843750000e+01
4.971641921997070312e+01
1.939550209045410156e+01
2.453050231933593750e+01
2.583957290649414062e+01
2.620484924316406250e+01
5.255879974365234375e+01
2.756115341186523438e+01
5.773093795776367188e+01
3.458670806884765625e+01
3.855151748657226562e+01
2.719527435302734375e+01
3.289060211181640625e+01
1.474011230468750000e+01
3.105083656311035156e+01
4.327537536621093750e+01
3.997454452514648438e+01
3.012977027893066406e+01
2.878350257873535156e+01
2.878350257873535156e+01
2.972883796691894531e+01
3.661542892456054688e+01
6.320837020874023438e+01
2.657475280761718750e+01
2.830400848388671875e+01
4.694161224365234375e+01
7.233419799804687500e+01
2.791535377502441406e+01
3.045700073242187500e+01
4.274553680419921875e+01
3.071616744995117188e+01
4.198011016845703125e+01
4.058349609375000000e+01
4.440722274780273438e+01
3.996529388427734375e+01
3.791881561279296875e+00
5.182901000976562500e+01
3.867638015747070312e+01
4.110612869262695312e+01
3.845552825927734375e+01
3.607344436645507812e+01
2.596329879760742188e+01
6.304850006103515625e+01
2.634266281127929688e+01
2.643917274475097656e+01
2.912674331665039062e+01
1.320390510559082031e+01
1.455577850341796875e+01
5.888975524902343750e+01
2.696456909179687500e+01
2.084665870666503906e+01
2.695844268798828125e+01
1.497857284545898438e+01
4.460879135131835938e+01
4.356505966186523438e+01
1.597085189819335938e+01
4.268376922607421875e+01
5.453502655029296875e+01
4.982772064208984375e+01
2.781565475463867188e+01
5.435515975952148438e+01
3.182103347778320312e+01
2.673936843872070312e+01
5.367591857910156250e+01
5.673984527587890625e+01
5.021154403686523438e+01
3.876247787475585938e+01
3.405112075805664062e+01
1.094019699096679688e+01
9.627985000610351562e+00
4.639892578125000000e+01
3.690274429321289062e+01
3.873037719726562500e+01
2.734941101074218750e+01
3.161336517333984375e+01
3.250468826293945312e+01
1.498144531250000000e+01
1.729964447021484375e+01
1.732389259338378906e+01
8.319824218750000000e+00
4.054562377929687500e+01
5.229428100585937500e+01
5.562734985351562500e+01
2.348090362548828125e+01
1.709572982788085938e+01
4.091506195068359375e+01
5.038760757446289062e+01
4.380843734741210938e+01
4.125705718994140625e+01
1.921825599670410156e+01
3.718210220336914062e+01
2.222703933715820312e+01
1.351287460327148438e+01
2.772668647766113281e+01
5.168638610839843750e+01
4.680845642089843750e+01
3.930213165283203125e+01
3.764340972900390625e+01
2.861183166503906250e+00
3.034896278381347656e+01
1.337740516662597656e+01
3.641223526000976562e+01
4.306102752685546875e+01
1.320834732055664062e+01
3.871402359008789062e+01
1.930609512329101562e+01
5.422204971313476562e+01
1.112607574462890625e+01
1.542598915100097656e+01
3.092326736450195312e+01
1.688136100769042969e+01
5.493703842163085938e+01
3.038772583007812500e+00
9.251779556274414062e+00
3.621458053588867188e+01
4.582354354858398438e+01
2.895282173156738281e+01
2.776779174804687500e+01
3.764049530029296875e+01
2.842653083801269531e+01
2.129218673706054688e+01
2.280075454711914062e+01
3.410342788696289062e+01
3.781482315063476562e+01
4.608651351928710938e+01
3.993597030639648438e+01
4.831347656250000000e+01
3.222152328491210938e+01
1.340729141235351562e+01
7.057258605957031250e+01
1.296716117858886719e+01
5.738421630859375000e+01
4.220790100097656250e+01
2.867815399169921875e+01
5.240417480468750000e+01
1.366650390625000000e+01
4.191650390625000000e+01
1.353675460815429688e+01
6.883374786376953125e+01
5.818157958984375000e+01
4.707937240600585938e+01
1.494907951354980469e+01
3.432604980468750000e+01
1.861852073669433594e+01
5.126364898681640625e+01
6.040147781372070312e+00
6.661832427978515625e+01
2.169067382812500000e+01
4.110491561889648438e+01
5.672835540771484375e+01
5.201268386840820312e+01
5.588069915771484375e+01
2.569641113281250000e+01
4.143989181518554688e+01
1.238828086853027344e+01
1.342148971557617188e+01
5.544806671142578125e+01
1.322258377075195312e+01
3.833837509155273438e+01
1.943465805053710938e+01
1.212948417663574219e+01
5.311243820190429688e+01
2.604965209960937500e+01
1.824533081054687500e+01
2.004112434387207031e+01
3.180416488647460938e+01
1.784844207763671875e+01
3.113933563232421875e+01
3.478454589843750000e+00
3.201642990112304688e+01
3.369281387329101562e+01
3.729011917114257812e+01
5.818691635131835938e+01
1.481820297241210938e+01
1.651927185058593750e+01
1.710756301879882812e+01
3.230572891235351562e+01
2.177704620361328125e+01
4.464096069335937500e+01
6.447380828857421875e+01
8.685058593750000000e+00
4.435726165771484375e+01
2.099027633666992188e+01
3.078111648559570312e+01
5.037402725219726562e+01
3.435183334350585938e+01
2.281192779541015625e+01
3.858200454711914062e+01
9.401086807250976562e+00
3.736229324340820312e+01
2.999027824401855469e+01
3.532139968872070312e+01
1.765994834899902344e+01
3.824053573608398438e+01
4.748489761352539062e+01
1.712052917480468750e+01
1.646331596374511719e+01
2.870612907409667969e+01
5.915262985229492188e+01
3.951814651489257812e+01
3.139923858642578125e+01
4.120408248901367188e+01
3.466165542602539062e+01
4.100288391113281250e+01
1.426515388488769531e+01
3.335445785522460938e+01
1.337595939636230469e+01
5.186276626586914062e+01
4.560665893554687500e+01
4.942256164550781250e+01
3.575584411621093750e+01
6.135027313232421875e+01
6.191711044311523438e+01
2.354362869262695312e+01
1.486423683166503906e+01
5.964928054809570312e+01
5.172602844238281250e+01
1.854771995544433594e+01
2.677017211914062500e+01
5.106126785278320312e+01
3.022792816162109375e+01
3.422928237915039062e+01
8.367570877075195312e+00
2.598571395874023438e+01
2.179454421997070312e+01
5.233044815063476562e+01
2.925262451171875000e+01
1.579132652282714844e+01
6.984541320800781250e+01
3.623171615600585938e+01
4.934252929687500000e+01
7.315089416503906250e+01
6.755311584472656250e+01
3.287629699707031250e+01
3.593218231201171875e+01
2.183235168457031250e+01
5.422553634643554688e+01
4.248055267333984375e+01
2.989651870727539062e+01
1.854732894897460938e+01
2.903179931640625000e+01
3.265003585815429688e+01
5.532810974121093750e+01
3.671924591064453125e+01
4.260645675659179688e+01
4.070544815063476562e+01
7.531513977050781250e+01
1.995509147644042969e+01
6.987667083740234375e+01
5.007621002197265625e+01
4.343614959716796875e+01
4.661208724975585938e+01
3.201642990112304688e+01
1.980309295654296875e+01
2.700012969970703125e+01
7.011089324951171875e+01
5.186001968383789062e+01
3.335623931884765625e+01
2.242963981628417969e+01
5.628840637207031250e+01
2.544089508056640625e+01
2.972760772705078125e+01
7.148280334472656250e+01
4.010378646850585938e+01
1.711261940002441406e+01
1.292436408996582031e+01
3.155136680603027344e+01
5.282285308837890625e+01
3.698427200317382812e+01
2.913098144531250000e+01
3.945429611206054688e+01
4.041720962524414062e+01
3.986400222778320312e+01
3.285284805297851562e+01
2.878995132446289062e+01
1.431408309936523438e+01
1.825009346008300781e+01
1.385276985168457031e+01
1.372692489624023438e+01
1.273802757263183594e+01
3.771381378173828125e+01
3.833548736572265625e+01
3.690774536132812500e+01
6.179673004150390625e+01
2.788849639892578125e+01
2.137949752807617188e+01
1.555797386169433594e+01
1.719043731689453125e+01
5.385130310058593750e+01
5.458268737792968750e+01
5.418389129638671875e+01
4.331003570556640625e+01
2.820590972900390625e+01
3.642701339721679688e+01
2.862838554382324219e+01
5.964928054809570312e+01
3.018115234375000000e+01
4.707274627685546875e+01
5.337659835815429688e+01
1.993334770202636719e+01
1.993695640563964844e+01
2.712516403198242188e+01
3.419977951049804688e+01
4.440893554687500000e+01
3.366570281982421875e+01
3.626332473754882812e+01
6.806962585449218750e+01
3.517936706542968750e+01
3.483283233642578125e+01
3.863005447387695312e+01
2.686429214477539062e+01
