3.488530349731445312e+01
2.617202949523925781e+01
2.866292762756347656e+01
3.809450912475585938e+01
3.150227928161621094e+01
7.645256042480468750e+01
4.391424560546875000e+01
5.627633285522460938e+01
6.822058105468750000e+01
5.483508300781250000e+01
5.480297851562500000e+01
3.847844314575195312e+01
2.360995864868164062e+01
1.242583465576171875e+01
2.194207000732421875e+01
4.204068756103515625e+01
4.380878829956054688e+01
1.417202568054199219e+01
2.851079750061035156e+01
3.294704055786132812e+01
1.586008834838867188e+01
3.985786437988281250e+01
6.353756713867187500e+01
3.968957138061523438e+01
3.887686538696289062e+01
3.392985534667968750e+01
2.468941307067871094e+01
1.224284362792968750e+01
4.027696990966796875e+01
7.283514022827148438e+00
2.607510757446289062e+01
6.515695953369140625e+01
3.926328277587890625e+01
1.742970085144042969e+01
5.446025085449218750e+01
3.690352630615234375e+01
3.776168441772460938e+01
2.633499908447265625e+01
2.053956985473632812e+01
3.020034790039062500e+01
9.942789077758789062e+00
5.423843383789062500e+01
3.666162490844726562e+01
2.430706405639648438e+01
4.065061950683593750e+01
2.059386062622070312e+01
2.983882331848144531e+01
2.609048461914062500e+01
3.154755783081054688e+01
3.560762023925781250e+01
3.684357452392578125e+01
2.975010681152343750e+01
2.984839248657226562e+01
3.171520233154296875e+01
5.329002380371093750e+01
6.188695526123046875e+01
4.964329147338867188e+01
2.576249504089355469e+01
2.973325347900390625e+01
4.308559417724609375e+01
5.650964736938476562e+01
7.526163482666015625e+01
4.728462982177734375e+01
3.107033348083496094e+01
3.524139022827148438e+01
2.895346069335937500e+01
4.314510345458984375e+01
2.026544952392578125e+01
4.159553146362304688e+01
3.931926345825195312e+01
1.426443862915039062e+01
1.532077407836914062e+01
6.671868896484375000e+01
2.348883819580078125e+01
3.233866882324218750e+01
3.179867362976074219e+01
3.469569396972656250e+01
5.521436691284179688e+01
5.162818908691406250e+01
3.693044281005859375e+01
3.435926437377929688e+01
3.066216850280761719e+01
1.611992645263671875e+01
2.945405769348144531e+01
2.471594619750976562e+01
4.506532287597656250e+01
5.238545989990234375e+01
4.919100952148437500e+01
3.489579772949218750e+01
3.752734756469726562e+01
3.984601593017578125e+01
8.834276199340820312e+00
3.190773582458496094e+01
6.722901916503906250e+01
9.100578308105468750e+00
1.248373222351074219e+01
3.325760650634765625e+01
1.394202613830566406e+01
3.050123596191406250e+01
4.629900360107421875e+01
2.375732421875000000e+01
7.531863403320312500e+01
7.642803192138671875e+00
3.775111389160156250e+01
4.034903717041015625e+01
6.865307617187500000e+01
4.086125564575195312e+01
6.865307617187500000e+01
5.301895904541015625e+01
2.094355773925781250e+01
6.350954437255859375e+01
3.248281860351562500e+01
1.298577880859375000e+01
2.628488540649414062e+01
4.152035903930664062e+01
5.285712051391601562e+01
2.487049865722656250e+01
9.584266662597656250e+00
3.423902511596679688e+01
5.962538909912109375e+01
2.458663177490234375e+01
4.231133270263671875e+01
2.190021514892578125e+01
5.719136047363281250e+01
4.860056304931640625e+01
5.978439712524414062e+01
5.051685333251953125e+01
3.836935424804687500e+01
6.365158843994140625e+01
9.330627441406250000e+00
6.252949905395507812e+01
4.208457565307617188e+01
4.751586914062500000e+01
3.797012329101562500e+01
1.916217803955078125e+01
1.956155967712402344e+01
2.903471374511718750e+01
3.240184783935546875e+01
3.845315933227539062e+01
3.751967239379882812e+01
1.109416389465332031e+01
1.935186386108398438e+01
2.120755577087402344e+01
1.641404914855957031e+01
2.671112442016601562e+01
1.346831703186035156e+01
4.865112304687500000e+01
2.466658592224121094e+01
1.712947845458984375e+01
4.076269531250000000e+01
3.082064056396484375e+01
4.305612945556640625e+01
4.322895431518554688e+01
7.297434234619140625e+01
3.859333801269531250e+01
3.080730819702148438e+01
3.580282974243164062e+01
3.469569396972656250e+01
2.067027091979980469e+01
4.629900360107421875e+01
3.130679893493652344e+01
1.890147209167480469e+01
5.978439712524414062e+01
2.695741844177246094e+01
3.886734390258789062e+01
4.538883590698242188e+01
6.205852508544921875e+00
3.120497131347656250e+01
4.395055770874023438e+01
2.425592803955078125e+01
4.492121887207031250e+01
2.773273086547851562e+01
9.017358779907226562e+00
4.060149383544921875e+01
4.296829605102539062e+01
4.909684371948242188e+01
2.168840408325195312e+01
3.717455673217773438e+01
7.531863403320312500e+01
2.565718460083007812e+01
3.753193283081054688e+01
3.687629699707031250e+01
3.028591537475585938e+01
5.234791564941406250e+01
6.648324584960937500e+01
3.927466583251953125e+01
5.376277923583984375e+00
2.865282821655273438e+01
5.693144226074218750e+01
3.104301643371582031e+01
4.260370254516601562e+01
1.647799682617187500e+01
3.172753524780273438e+01
4.072339630126953125e+01
1.371914863586425781e+01
2.461041641235351562e+01
3.833035278320312500e+01
3.675082778930664062e+01
2.686617279052734375e+01
3.632882690429687500e+01
5.298204040527343750e+01
3.251988220214843750e+01
3.135361480712890625e+01
2.765208435058593750e+01
1.403048896789550781e+01
1.592843055725097656e+01
6.596926879882812500e+01
5.348757934570312500e+01
6.563377380371093750e+01
3.822298049926757812e+01
3.948907470703125000e+01
4.367202758789062500e+01
4.472014999389648438e+01
5.775248336791992188e+01
4.478266143798828125e+01
4.994116973876953125e+01
1.001029586791992188e+01
3.452918624877929688e+01
4.965495300292968750e+01
1.395911598205566406e+01
7.813466644287109375e+01
7.405531311035156250e+01
2.636901855468750000e+01
8.889629364013671875e+00
1.427867698669433594e+01
3.667299652099609375e+01
3.805356597900390625e+01
3.346857452392578125e+01
3.375588989257812500e+01
3.935848236083984375e+01
8.978403091430664062e+00
1.660978698730468750e+01
2.473966789245605469e+01
4.064702224731445312e+01
2.832974624633789062e+01
2.758720397949218750e+01
1.868774795532226562e+01
3.994091796875000000e+01
4.061199569702148438e+01
3.830997848510742188e+01
3.701726150512695312e+01
4.304485321044921875e+01
9.688713073730468750e+00
3.796363830566406250e+01
5.608022689819335938e+01
2.755258941650390625e+01
3.017584991455078125e+01
1.072422027587890625e+01
3.998094177246093750e+01
3.857625961303710938e+01
3.568436431884765625e+01
6.336317825317382812e+01
3.937091827392578125e+01
1.816625976562500000e+01
2.949728775024414062e+01
2.417267799377441406e+01
1.786613082885742188e+01
2.640301895141601562e+01
4.126425552368164062e+01
7.136663436889648438e+00
3.201642608642578125e+01
2.149982643127441406e+01
2.257592391967773438e+01
2.721797752380371094e+01
2.712453269958496094e+01
3.823200607299804688e+01
1.384099578857421875e+01
4.149353408813476562e+01
2.010092544555664062e+01
1.945649337768554688e+01
2.157929229736328125e+01
1.373906898498535156e+01
9.481039047241210938e+00
6.299486541748046875e+01
3.396435928344726562e+01
1.618297767639160156e+01
3.931011962890625000e+01
2.317011642456054688e+01
2.808251571655273438e+01
1.268800163269042969e+01
7.531863403320312500e+01
2.037193298339843750e+01
6.252949905395507812e+01
2.089191246032714844e+01
5.978439712524414062e+01
2.703549194335937500e+01
1.641096687316894531e+01
3.452517700195312500e+01
2.496078491210937500e+01
2.537483596801757812e+01
3.664049148559570312e+01
1.885042190551757812e+01
4.410312652587890625e+01
2.985842323303222656e+01
5.406652450561523438e+01
3.070211982727050781e+01
7.424726867675781250e+01
4.057671356201171875e+01
3.393238449096679688e+01
1.354914665222167969e+01
5.227638626098632812e+01
1.415669059753417969e+01
6.021160507202148438e+01
6.780680084228515625e+01
1.243259811401367188e+01
9.654666900634765625e+00
1.662784576416015625e+01
2.492410659790039062e+01
3.307595062255859375e+01
2.870494461059570312e+01
1.136864471435546875e+01
5.055967330932617188e+01
4.015919876098632812e+01
1.588594627380371094e+01
4.089862823486328125e+01
2.372400665283203125e+01
4.651291275024414062e+01
3.056232833862304688e+01
3.988196182250976562e+01
6.422906494140625000e+01
3.032757377624511719e+01
2.105121612548828125e+01
3.327125549316406250e+01
4.149016571044921875e+01
2.987694740295410156e+01
3.795739746093750000e+01
3.126884460449218750e+01
6.596926879882812500e+01
4.246583557128906250e+01
3.255989074707031250e+01
1.510753631591796875e+01
2.653645515441894531e+01
5.855154800415039062e+01
1.204034805297851562e+01
5.277000427246093750e+01
5.100231933593750000e+01
7.663885498046875000e+01
7.407099151611328125e+01
4.796824645996093750e+01
3.885472106933593750e+01
2.735799026489257812e+01
5.730611038208007812e+01
1.411008453369140625e+01
1.236776542663574219e+01
4.096530532836914062e+01
3.182348442077636719e+01
3.835743331909179688e+01
1.454644584655761719e+01
1.013914680480957031e+01
3.153919792175292969e+01
5.198282241821289062e+01
3.173994445800781250e+01
5.463552856445312500e+01
2.533831024169921875e+01
3.558250045776367188e+01
4.275716018676757812e+01
3.785970687866210938e+01
5.826666259765625000e+01
3.046679687500000000e+01
4.577825546264648438e+01
2.156348419189453125e+01
6.865307617187500000e+01
4.201708602905273438e+01
3.467073822021484375e+01
3.331873321533203125e+01
3.482847595214843750e+01
6.498000335693359375e+01
2.788637351989746094e+01
2.482445144653320312e+01
3.342448806762695312e+01
5.436463165283203125e+01
3.757474899291992188e+01
2.310665512084960938e+01
4.579276275634765625e+01
4.596069335937500000e+01
3.764058303833007812e+01
2.652487564086914062e+01
2.638007354736328125e+01
1.777975654602050781e+01
3.941481018066406250e+01
4.640533447265625000e+01
7.242254638671875000e+01
5.371507644653320312e+00
3.513844299316406250e+01
1.072909736633300781e+01
5.103317260742187500e+01
3.633214950561523438e+01
3.977844238281250000e+01
2.779589271545410156e+01
2.862733078002929688e+01
3.118090820312500000e+01
3.162317466735839844e+01
1.300869369506835938e+01
8.413089752197265625e+00
3.368243026733398438e+01
4.597114562988281250e+01
3.179867935180664062e+01
4.651452636718750000e+01
1.505133438110351562e+01
1.042934989929199219e+01
5.656843566894531250e+01
4.070357131958007812e+01
6.502306365966796875e+01
2.432175827026367188e+01
5.007827758789062500e+01
2.113810539245605469e+01
3.529576110839843750e+01
8.589496612548828125e+00
2.979742431640625000e+01
3.074272537231445312e+01
4.863250732421875000e+01
4.306036758422851562e+01
7.001245117187500000e+01
4.653607177734375000e+01
4.408748626708984375e+00
3.963933181762695312e+01
3.164347457885742188e+01
7.813466644287109375e+01
3.615106964111328125e+01
4.115105438232421875e+01
6.293400573730468750e+01
2.840041732788085938e+01
6.488560485839843750e+01
6.681381988525390625e+01
3.901210021972656250e+01
4.434294128417968750e+01
5.969133377075195312e+00
2.461622619628906250e+01
3.705220031738281250e+01
4.103982925415039062e+01
4.158639526367187500e+01
5.717510223388671875e+01
5.960958099365234375e+01
1.675316047668457031e+01
2.392004776000976562e+01
3.641991424560546875e+01
2.961345863342285156e+01
2.119760894775390625e+01
6.298059844970703125e+01
2.892144012451171875e+01
4.034462356567382812e+01
4.952455902099609375e+01
5.949456024169921875e+01
5.477082824707031250e+01
1.729708290100097656e+01
6.473058700561523438e+00
8.210102081298828125e+00
3.197827339172363281e+01
1.397710227966308594e+01
3.656938171386718750e+01
1.637587356567382812e+01
5.096986007690429688e+01
2.380166625976562500e+01
5.401619720458984375e+01
2.883113861083984375e+01
5.689081954956054688e+01
2.469558715820312500e+01
2.254017448425292969e+01
1.880996894836425781e+01
1.384388732910156250e+01
4.116279220581054688e+01
4.313216018676757812e+01
2.474724578857421875e+01
6.935226440429687500e+01
3.364244079589843750e+01
1.764757919311523438e+01
3.247227096557617188e+01
3.841553115844726562e+01
3.588566589355468750e+01
1.455747985839843750e+01
4.012448883056640625e+01
2.450079536437988281e+01
5.783686828613281250e+01
2.938407135009765625e+01
4.027118301391601562e+01
3.476243972778320312e+01
3.859333801269531250e+01
2.988760757446289062e+01
1.116390609741210938e+01
3.975728607177734375e+01
5.672028350830078125e+01
3.884874343872070312e+01
4.471915435791015625e+01
3.202703857421875000e+01
3.986466979980468750e+01
3.771337509155273438e+01
1.227878570556640625e+01
3.113425445556640625e+01
3.268616485595703125e+01
5.855154800415039062e+01
4.016969680786132812e+01
4.222699356079101562e+01
1.946773529052734375e+01
6.800047302246093750e+01
3.227544784545898438e+01
1.723398971557617188e+01
7.699742126464843750e+01
5.542860412597656250e+01
1.600094223022460938e+01
3.959570693969726562e+01
3.861393356323242188e+01
2.612499618530273438e+01
5.681012725830078125e+01
4.636402130126953125e+01
4.433028411865234375e+01
5.637504577636718750e+01
4.725077438354492188e+01
4.821468353271484375e+01
3.770196533203125000e+01
3.096507072448730469e+01
3.507122421264648438e+01
1.271511077880859375e+01
4.079422378540039062e+01
2.763592338562011719e+01
3.351460266113281250e+01
6.865307617187500000e+01
4.858763122558593750e+01
4.088884735107421875e+01
3.571664047241210938e+01
4.606250000000000000e+01
3.758881759643554688e+01
3.622210693359375000e+01
1.424526786804199219e+01
4.659420013427734375e+01
3.529215621948242188e+01
2.670960235595703125e+01
2.376717376708984375e+01
6.436244964599609375e+01
5.682799530029296875e+01
3.298087310791015625e+01
2.625239944458007812e+01
7.437393188476562500e+01
1.391016578674316406e+01
4.242925643920898438e+01
6.798498535156250000e+01
1.379845619201660156e+01
3.154755783081054688e+01
3.166753578186035156e+01
3.779021072387695312e+01
6.217571640014648438e+01
2.820746612548828125e+01
1.360594940185546875e+01
8.325422286987304688e+00
1.458139038085937500e+01
8.344688415527343750e+01
3.689585494995117188e+01
6.215913009643554688e+01
2.315038299560546875e+01
2.439028167724609375e+01
3.746502304077148438e+01
8.014554977416992188e+00
6.147149658203125000e+01
9.270408630371093750e+00
2.423075866699218750e+01
2.889563369750976562e+01
5.204134368896484375e+01
5.194533538818359375e+01
5.665856170654296875e+01
2.513728713989257812e+01
2.713242340087890625e+01
3.171359062194824219e+01
7.813466644287109375e+01
5.267646789550781250e+01
2.419145584106445312e+01
2.877085494995117188e+01
3.783142471313476562e+01
3.176821327209472656e+01
7.398141479492187500e+01
4.305612945556640625e+01
3.081846046447753906e+01
7.432334136962890625e+01
3.897730636596679688e+01
3.452085876464843750e+01
3.394018554687500000e+01
2.266846466064453125e+01
6.471547698974609375e+01
2.867186164855957031e+01
1.597298622131347656e+01
4.168052291870117188e+01
2.785420227050781250e+01
3.859333801269531250e+01
2.799708747863769531e+01
1.051568031311035156e+01
2.103831291198730469e+01
9.612974166870117188e+00
2.055565834045410156e+01
2.548981857299804688e+01
3.111492347717285156e+01
1.579329299926757812e+01
3.161091995239257812e+01
3.889598083496093750e+01
9.025260925292968750e+00
1.940526962280273438e+01
2.580143928527832031e+01
7.438108444213867188e+00
5.307478332519531250e+01
1.103943061828613281e+01
5.391603851318359375e+01
6.563377380371093750e+01
5.393360900878906250e+01
5.404966735839843750e+01
4.947653961181640625e+01
4.357511901855468750e+01
6.672008514404296875e+01
3.493165969848632812e+01
2.089012145996093750e+01
4.346715927124023438e+01
4.926434326171875000e+01
3.213722229003906250e+00
5.330452346801757812e+01
1.050511741638183594e+01
3.627919769287109375e+01
6.823401641845703125e+01
3.489558792114257812e+01
1.257798194885253906e+01
1.629139328002929688e+01
5.344025421142578125e+01
3.481545639038085938e+01
1.938517761230468750e+01
4.101545333862304688e+01
4.053323745727539062e+01
2.091272735595703125e+01
3.185704040527343750e+01
4.321530151367187500e+01
7.813466644287109375e+01
2.724165725708007812e+01
1.379121208190917969e+01
4.673544692993164062e+01
5.350714492797851562e+01
2.086083221435546875e+01
3.266238021850585938e+01
3.107280349731445312e+01
3.592603683471679688e+01
4.322577667236328125e+01
4.608611297607421875e+01
2.463145637512207031e+01
2.331205368041992188e+01
4.570829391479492188e+01
5.646506881713867188e+01
4.918537139892578125e+01
3.808927917480468750e+01
3.446216583251953125e+00
2.104692077636718750e+01
3.046836853027343750e+01
4.871936035156250000e+01
5.208167648315429688e+01
3.627777481079101562e+01
3.361009216308593750e+01
6.563377380371093750e+01
2.920144844055175781e+01
3.409416198730468750e+01
3.702383422851562500e+01
2.428100967407226562e+01
2.353613281250000000e+01
6.648324584960937500e+01
3.974089431762695312e+01
1.477661323547363281e+01
3.475322341918945312e+01
5.346800231933593750e+01
1.606940460205078125e+01
1.383482551574707031e+01
1.684939193725585938e+01
5.794505310058593750e+01
2.953985214233398438e+01
3.590568542480468750e+01
2.871805953979492188e+01
5.220233917236328125e+01
2.827950668334960938e+01
4.123117065429687500e+01
4.329611206054687500e+01
3.656938171386718750e+01
2.343867111206054688e+01
5.548580551147460938e+01
2.507398033142089844e+01
6.252949905395507812e+01
7.088212966918945312e+00
1.576068305969238281e+01
3.128217506408691406e+01
7.237763977050781250e+01
2.323230361938476562e+01
5.148690032958984375e+01
7.838220596313476562e+00
4.555584716796875000e+01
7.741368103027343750e+01
3.424629211425781250e+01
6.779377746582031250e+01
4.616036987304687500e+01
2.191564178466796875e+01
5.042973327636718750e+01
4.304008483886718750e+01
1.442642211914062500e+01
5.394083023071289062e+00
3.670473098754882812e+01
5.307652664184570312e+01
2.585066413879394531e+01
3.343968582153320312e+01
4.337787246704101562e+01
5.103054046630859375e+01
3.650548171997070312e+01
3.240560150146484375e+01
3.439349746704101562e+01
5.442542266845703125e+01
1.129622650146484375e+01
1.809525871276855469e+01
4.397834777832031250e+01
5.157882308959960938e+01
4.084666824340820312e+01
5.403616333007812500e+01
2.096410369873046875e+01
5.618263244628906250e+01
3.446029663085937500e+01
3.721405410766601562e+01
4.777725219726562500e+01
1.704306793212890625e+01
2.583855438232421875e+01
3.172864913940429688e+01
1.493953704833984375e+01
2.628035736083984375e+01
2.988828849792480469e+01
3.524747848510742188e+01
2.679753112792968750e+01
2.511898231506347656e+01
1.216038513183593750e+01
5.346800231933593750e+01
3.259055709838867188e+01
3.357671737670898438e+01
3.433677673339843750e+01
4.257833480834960938e+01
5.232166290283203125e+01
4.794194793701171875e+01
3.674621200561523438e+01
3.028133964538574219e+01
2.383240509033203125e+01
7.086380004882812500e+00
2.979467773437500000e+01
2.114964866638183594e+01
3.671701049804687500e+01
9.403337478637695312e+00
4.010217285156250000e+01
5.592572784423828125e+01
1.919505691528320312e+01
3.782743453979492188e+01
4.179878234863281250e+01
2.696225738525390625e+01
4.308320617675781250e+01
3.956465148925781250e+01
2.618775749206542969e+01
7.372060775756835938e+00
2.618942832946777344e+01
3.038158988952636719e+01
4.902349853515625000e+01
3.689347076416015625e+01
1.525610923767089844e+01
5.183894348144531250e+01
3.269171905517578125e+01
2.188760948181152344e+01
5.435086822509765625e+01
1.705709457397460938e+01
3.154755783081054688e+01
2.470690155029296875e+01
3.970432662963867188e+01
8.871452331542968750e+00
3.841920852661132812e+01
1.900387382507324219e+01
4.355642318725585938e+01
7.165910339355468750e+01
4.087397384643554688e+01
4.919189453125000000e+01
4.104866790771484375e+01
4.348892974853515625e+01
4.901469802856445312e+01
5.837435150146484375e+01
6.576634979248046875e+01
6.328102874755859375e+01
1.139237213134765625e+01
1.324749183654785156e+01
3.636271667480468750e+01
2.688956260681152344e+01
1.253225708007812500e+01
1.024240684509277344e+01
2.414151573181152344e+01
4.163614654541015625e+01
3.854409408569335938e+01
4.140142440795898438e+01
2.547313308715820312e+01
2.046111679077148438e+01
4.269088363647460938e+01
2.221910095214843750e+01
1.584107017517089844e+01
4.305612945556640625e+01
4.331002426147460938e+01
8.037876892089843750e+01
4.914667510986328125e+01
1.261308860778808594e+01
6.250075531005859375e+01
2.561210250854492188e+01
3.255367279052734375e+00
3.413629913330078125e+01
4.172238159179687500e+01
3.779767608642578125e+01
5.325323486328125000e+01
2.812407875061035156e+01
2.377705001831054688e+01
5.057890319824218750e+01
3.448618316650390625e+01
9.421421051025390625e+00
3.749093246459960938e+01
4.205686187744140625e+01
5.182217407226562500e+01
5.346800231933593750e+01
4.364509963989257812e+01
5.139074325561523438e+01
5.855154800415039062e+01
3.324257278442382812e+01
4.142722702026367188e+01
4.190056610107421875e+01
4.232470321655273438e+01
2.258433341979980469e+01
2.735799026489257812e+01
4.239799499511718750e+01
1.031263351440429688e+01
5.613362884521484375e+01
7.531863403320312500e+01
4.951943588256835938e+01
7.263776397705078125e+01
3.841504669189453125e+01
2.345313453674316406e+01
4.472507095336914062e+01
3.342810058593750000e+01
4.617328643798828125e+01
4.222396850585937500e+01
1.253590774536132812e+01
5.052029037475585938e+01
4.215563201904296875e+01
2.786796379089355469e+01
1.109940910339355469e+01
4.279714202880859375e+01
9.679216384887695312e+00
2.934443473815917969e+01
3.477266693115234375e+01
3.354654693603515625e+01
2.990510749816894531e+01
4.439623641967773438e+01
2.317966842651367188e+01
4.146243286132812500e+01
3.797769546508789062e+01
3.424172973632812500e+01
2.485044479370117188e+01
4.121863937377929688e+01
4.135198974609375000e+01
2.510166931152343750e+01
3.745784759521484375e+01
5.935073089599609375e+01
6.387511062622070312e+01
3.450842666625976562e+01
3.654084777832031250e+01
4.240258789062500000e+01
7.252068328857421875e+01
2.043398666381835938e+01
3.099878501892089844e+01
4.668090438842773438e+01
1.528083419799804688e+01
5.764548492431640625e+01
5.803802108764648438e+01
3.656938171386718750e+01
1.397016906738281250e+01
3.590724945068359375e+00
3.114581680297851562e+01
3.308410263061523438e+01
3.197890663146972656e+01
2.361974716186523438e+01
7.511706542968750000e+01
2.366099739074707031e+01
1.796903038024902344e+01
4.435398101806640625e+01
5.431922912597656250e+01
4.044744110107421875e+01
4.025338745117187500e+01
1.919313812255859375e+01
3.225124359130859375e+01
2.929014587402343750e+01
3.136337661743164062e+01
4.696776962280273438e+01
5.097282791137695312e+01
5.777930450439453125e+01
2.038587570190429688e+01
2.813993644714355469e+01
2.180686187744140625e+01
3.861393356323242188e+01
2.297675514221191406e+01
1.277385711669921875e+01
1.522422599792480469e+01
3.705678558349609375e+01
1.087065696716308594e+01
3.754010391235351562e+01
6.171813201904296875e+01
4.656836318969726562e+01
2.532634544372558594e+01
4.279954147338867188e+01
4.166505050659179688e+01
3.861393356323242188e+01
4.175797271728515625e+01
3.934238815307617188e+01
1.569897270202636719e+01
2.851879119873046875e+00
5.408702850341796875e+01
8.411712646484375000e+00
4.353506851196289062e+01
3.696625900268554688e+01
1.565041923522949219e+01
3.259372711181640625e+01
3.418782806396484375e+01
5.221719360351562500e+01
1.725510025024414062e+01
1.900861740112304688e+01
1.513680267333984375e+01
1.379839324951171875e+01
3.106030082702636719e+01
4.644673538208007812e+01
4.674856185913085938e+01
5.061647415161132812e+01
4.237561416625976562e+01
1.001904869079589844e+01
1.075927925109863281e+01
2.176380538940429688e+01
3.407650756835937500e+01
6.957534790039062500e+01
