1.482043838500976562e+01
3.146407318115234375e+01
1.892887687683105469e+01
5.405012512207031250e+01
6.346857452392578125e+01
3.669951629638671875e+01
5.536417388916015625e+01
5.894644165039062500e+01
5.935267639160156250e+01
3.883579254150390625e+01
3.327777481079101562e+01
6.542681884765625000e+01
1.728771400451660156e+01
1.221792221069335938e+01
3.813129806518554688e+01
5.606727981567382812e+01
7.583267211914062500e+01
3.640975189208984375e+01
2.391111755371093750e+01
5.454461669921875000e+01
3.094904708862304688e+01
3.777397918701171875e+01
3.917911148071289062e+01
2.548670196533203125e+01
4.083096694946289062e+01
6.887860107421875000e+01
1.105607032775878906e+01
3.131498146057128906e+01
4.305854797363281250e+01
4.701102828979492188e+01
1.563947105407714844e+01
1.291788291931152344e+01
2.436140060424804688e+01
3.324005508422851562e+01
5.363618850708007812e+01
5.579679107666015625e+01
4.087598419189453125e+01
1.751726150512695312e+01
4.501184844970703125e+01
2.909942626953125000e+01
3.175485992431640625e+01
4.039925003051757812e+01
1.582873725891113281e+01
3.499266433715820312e+01
2.335670471191406250e+01
3.759460830688476562e+01
1.204721069335937500e+01
3.191477203369140625e+01
4.285873031616210938e+01
2.627636528015136719e+01
3.253017807006835938e+01
2.971785736083984375e+01
2.016074371337890625e+01
4.688341140747070312e+01
1.490724754333496094e+01
3.370341491699218750e+01
3.783903503417968750e+01
1.882638740539550781e+01
5.475897216796875000e+01
2.079105377197265625e+01
3.332345962524414062e+01
5.257891464233398438e+01
2.869634437561035156e+01
4.077820587158203125e+01
5.677314758300781250e+00
2.730710601806640625e+01
4.262083053588867188e+01
1.970103073120117188e+01
3.289436721801757812e+01
1.589941787719726562e+01
3.476603317260742188e+01
3.217765045166015625e+01
4.909331512451171875e+01
3.520922470092773438e+01
4.853298950195312500e+01
4.896548080444335938e+01
5.881492614746093750e+01
3.133607864379882812e+01
2.967308044433593750e+01
2.986162948608398438e+01
3.628136062622070312e+01
3.042184066772460938e+01
5.999251174926757812e+01
4.165603256225585938e+01
2.035283660888671875e+01
6.107952880859375000e+01
3.972380065917968750e+01
2.265361213684082031e+01
3.727471542358398438e+01
4.154665756225585938e+01
3.171515274047851562e+01
6.611245727539062500e+01
1.094357299804687500e+01
4.059881210327148438e+01
2.879386138916015625e+01
3.570663833618164062e+01
3.032770347595214844e+01
2.722065353393554688e+01
3.369785690307617188e+01
2.927614212036132812e+01
2.052879333496093750e+01
1.343560028076171875e+01
3.209256744384765625e+01
2.195080184936523438e+01
1.580443000793457031e+01
7.732630920410156250e+01
4.883083343505859375e+01
7.987464904785156250e+01
1.238767814636230469e+01
1.301224517822265625e+01
3.996567153930664062e+01
3.123636817932128906e+01
5.541536712646484375e+01
4.780275726318359375e+01
4.077535247802734375e+01
2.319650840759277344e+01
3.452523803710937500e+01
6.496797943115234375e+01
2.611736679077148438e+01
5.202798461914062500e+01
3.827598571777343750e+01
3.459545135498046875e+01
3.568170547485351562e+01
4.778254699707031250e+01
3.177930831909179688e+01
4.230857849121093750e+01
3.265794372558593750e+01
2.256625747680664062e+01
3.959944534301757812e+01
3.426423645019531250e+01
3.798522567749023438e+01
3.727227020263671875e+01
3.472484970092773438e+01
3.028075790405273438e+01
1.219121170043945312e+01
4.275995635986328125e+01
1.310370635986328125e+01
3.957054138183593750e+01
3.491912841796875000e+01
4.022476959228515625e+01
4.025926208496093750e+01
4.196080780029296875e+01
3.437942504882812500e+01
2.598168754577636719e+01
2.039411544799804688e+01
6.966581726074218750e+01
4.708699035644531250e+01
5.791877746582031250e+01
7.989529418945312500e+01
2.331019210815429688e+01
4.180286788940429688e+01
3.336626434326171875e+01
1.979555702209472656e+01
3.875429534912109375e+01
3.845765304565429688e+01
5.424877929687500000e+01
5.361107635498046875e+01
7.445819854736328125e+01
2.981075477600097656e+01
3.513367080688476562e+01
4.090608596801757812e+01
1.149739074707031250e+01
2.327936935424804688e+01
2.367097282409667969e+01
3.501787185668945312e+01
2.201743316650390625e+01
3.197935676574707031e+01
3.106850433349609375e+01
1.663238143920898438e+01
6.611245727539062500e+01
3.091279411315917969e+01
2.531465339660644531e+01
2.927508926391601562e+01
2.514714431762695312e+01
1.773316574096679688e+01
3.825158309936523438e+01
9.109399795532226562e+00
3.918305969238281250e+01
3.472470092773437500e+01
3.402296829223632812e+01
4.275670242309570312e+01
3.659606552124023438e+01
6.822209167480468750e+01
3.619299697875976562e+01
3.077439308166503906e+01
1.467082214355468750e+01
4.632149505615234375e+01
3.725020217895507812e+01
3.222083282470703125e+01
5.239343261718750000e+01
1.639696693420410156e+01
3.733155822753906250e+01
1.206012344360351562e+01
6.791522979736328125e+01
2.484235000610351562e+01
3.068669509887695312e+01
3.653701400756835938e+01
3.573544692993164062e+01
3.722940063476562500e+01
3.368394470214843750e+01
3.693309783935546875e+01
5.670655059814453125e+01
5.192883682250976562e+01
4.451292800903320312e+01
1.688769340515136719e+01
4.845622253417968750e+01
1.056613922119140625e+01
1.990686225891113281e+01
4.144366836547851562e+01
1.110467720031738281e+01
4.381414413452148438e+01
3.943689727783203125e+01
2.370738983154296875e+01
2.112649536132812500e+01
2.944359207153320312e+01
5.811696624755859375e+01
2.593873023986816406e+01
3.959944534301757812e+01
3.564659118652343750e+01
3.726826858520507812e+01
3.993717956542968750e+01
3.948151016235351562e+01
4.191475677490234375e+01
6.009081268310546875e+01
4.243681716918945312e+01
3.884922790527343750e+01
1.900289726257324219e+01
4.336668777465820312e+01
1.984504508972167969e+01
3.151700973510742188e+01
3.361129379272460938e+01
1.702322196960449219e+01
6.757875061035156250e+01
3.959944534301757812e+01
2.221251487731933594e+01
9.215780258178710938e+00
4.085043716430664062e+01
4.223685455322265625e+01
4.693582916259765625e+01
2.734670639038085938e+01
3.844785308837890625e+01
3.631211090087890625e+01
4.246536636352539062e+01
3.959944534301757812e+01
3.909605789184570312e+01
2.298327255249023438e+01
1.597370529174804688e+01
5.511203002929687500e+01
6.791522979736328125e+01
4.491888046264648438e+01
2.903068923950195312e+01
4.901908111572265625e+01
4.740109252929687500e+01
8.891456604003906250e+00
3.253017807006835938e+01
3.267261123657226562e+01
4.174920654296875000e+01
1.805309486389160156e+01
4.880852127075195312e+01
3.130359077453613281e+01
3.333934783935546875e+01
2.026457977294921875e+01
3.161441230773925781e+01
5.600123977661132812e+01
4.641043853759765625e+01
3.133295440673828125e+01
4.110781097412109375e+01
4.367372894287109375e+01
3.001566696166992188e+01
4.192889404296875000e+01
3.448344802856445312e+01
3.074769592285156250e+01
1.091295433044433594e+01
1.548030090332031250e+01
6.952064514160156250e+01
6.460705566406250000e+01
1.480078125000000000e+01
3.430719757080078125e+01
3.507736206054687500e+01
3.183230781555175781e+01
4.488795089721679688e+01
2.298327255249023438e+01
3.617399597167968750e+01
4.794732666015625000e+01
3.570133590698242188e+01
3.111050796508789062e+01
3.202288055419921875e+01
5.876084518432617188e+01
5.427583694458007812e+01
4.055301666259765625e+01
5.082096099853515625e+01
2.795256805419921875e+01
5.598894500732421875e+01
6.496683120727539062e+00
3.990843582153320312e+01
4.173128128051757812e+01
5.053567123413085938e+01
2.264925003051757812e+01
9.189796447753906250e+00
3.142320251464843750e+01
3.677211380004882812e+01
5.663029479980468750e+01
1.490551948547363281e+01
5.141828918457031250e+01
5.634859848022460938e+01
2.701979827880859375e+01
5.236172485351562500e+01
1.819790077209472656e+01
1.887806320190429688e+01
3.689564514160156250e+01
4.042594146728515625e+01
4.201878356933593750e+01
5.268943786621093750e+01
1.218085479736328125e+01
2.940071868896484375e+01
5.459852600097656250e+01
5.540590667724609375e+01
6.009081268310546875e+01
1.489766693115234375e+01
1.363668823242187500e+01
7.026425170898437500e+01
2.211623764038085938e+01
1.139943504333496094e+01
7.134725952148437500e+01
6.387631988525390625e+01
3.889768981933593750e+01
3.157666969299316406e+01
3.143224334716796875e+01
3.526691436767578125e+01
4.723591613769531250e+01
2.827594184875488281e+01
3.938196182250976562e+01
3.831742858886718750e+01
7.299577331542968750e+01
5.195541381835937500e+01
1.800509452819824219e+01
3.984583663940429688e+01
5.194565582275390625e+01
6.366168212890625000e+01
4.459964752197265625e+01
3.790116882324218750e+01
3.945692825317382812e+01
4.546712493896484375e+01
2.665385437011718750e+01
2.502013397216796875e+01
3.337025833129882812e+01
2.068149757385253906e+01
8.689641952514648438e+00
4.676871490478515625e+01
4.071294021606445312e+01
1.774639320373535156e+01
2.704032897949218750e+01
1.991727447509765625e+01
3.819601821899414062e+01
4.230181121826171875e+01
4.467450714111328125e+01
3.836463928222656250e+01
4.299324798583984375e+01
2.589291763305664062e+01
1.670008277893066406e+01
9.360246658325195312e+00
2.724214935302734375e+01
3.540329742431640625e+01
2.147867584228515625e+01
1.680118179321289062e+01
5.268888854980468750e+01
2.993772125244140625e+01
3.450690078735351562e+01
4.204050445556640625e+01
4.575564575195312500e+01
2.811731147766113281e+01
6.866850280761718750e+01
3.929152679443359375e+01
8.907577514648437500e+00
5.061265182495117188e+01
1.882716560363769531e+01
5.262929534912109375e+01
1.728728103637695312e+01
4.167172241210937500e+01
1.592255020141601562e+01
6.952064514160156250e+01
3.192197036743164062e+01
3.072479438781738281e+01
1.566408920288085938e+01
7.276379394531250000e+01
5.541950225830078125e+01
3.904054641723632812e+01
6.209957122802734375e+01
5.411283111572265625e+01
3.922584533691406250e+01
7.989529418945312500e+01
3.534402084350585938e+01
4.842125320434570312e+01
2.766560745239257812e+01
3.941828918457031250e+01
1.538448333740234375e+01
2.022746467590332031e+01
3.422315979003906250e+01
4.269479370117187500e+01
1.155676841735839844e+01
1.496574211120605469e+01
3.449989318847656250e+01
2.720479202270507812e+01
2.730080032348632812e+01
2.815742111206054688e+01
3.785630416870117188e+01
5.852098083496093750e+01
1.999830245971679688e+01
5.745808410644531250e+01
4.143203735351562500e+01
3.045721054077148438e+01
2.691912269592285156e+01
1.764563941955566406e+01
7.373830413818359375e+01
3.085164451599121094e+01
3.122893524169921875e+01
3.727471542358398438e+01
3.928979110717773438e+01
7.435155487060546875e+01
4.386506271362304688e+01
2.280068778991699219e+01
2.932392501831054688e+01
3.266290283203125000e+01
5.462558746337890625e+01
2.334722137451171875e+01
1.695885086059570312e+01
3.090520095825195312e+01
2.636479568481445312e+01
4.022143554687500000e+01
4.530461120605468750e+01
3.184776115417480469e+01
1.229128265380859375e+01
1.323877716064453125e+01
3.788386917114257812e+01
1.733327293395996094e+01
4.418999099731445312e+01
9.632175445556640625e+00
2.662292098999023438e+01
1.592436981201171875e+01
5.536031341552734375e+01
4.436287689208984375e+01
4.377368164062500000e+01
2.554219436645507812e+01
3.997741317749023438e+01
1.245494461059570312e+01
3.926083755493164062e+01
6.858441162109375000e+01
8.047055053710937500e+01
3.049602699279785156e+01
5.201109695434570312e+01
2.959665298461914062e+01
5.511203002929687500e+01
3.345911788940429688e+01
2.248739624023437500e+01
4.223714065551757812e+01
4.831050872802734375e+01
6.107952880859375000e+01
7.007945251464843750e+01
6.000092315673828125e+01
5.229179382324218750e+01
5.560429382324218750e+01
6.957627868652343750e+01
4.739068222045898438e+01
1.469777679443359375e+01
1.728230857849121094e+01
2.318729019165039062e+01
3.705401229858398438e+01
3.979116821289062500e+01
3.727471542358398438e+01
5.059822845458984375e+01
1.350759124755859375e+01
4.476144409179687500e+01
4.306020355224609375e+01
6.182760238647460938e+01
6.202900695800781250e+01
1.115760231018066406e+01
4.239185714721679688e+01
8.367646789550781250e+01
3.040434646606445312e+01
1.751996994018554688e+01
2.757685470581054688e+01
4.951724243164062500e+01
4.626836395263671875e+01
7.651693725585937500e+01
1.266069030761718750e+01
7.023124694824218750e+01
4.486085510253906250e+01
2.451193618774414062e+01
2.535445404052734375e+01
7.227074432373046875e+01
5.059228134155273438e+01
2.657578277587890625e+01
1.065905570983886719e+01
5.305976486206054688e+01
4.903699493408203125e+01
9.983232498168945312e+00
7.578218460083007812e+00
2.611519050598144531e+01
3.835302352905273438e+01
2.398823928833007812e+01
4.161372756958007812e+01
1.141021919250488281e+01
2.529618835449218750e+01
3.841064071655273438e+01
2.549007415771484375e+01
1.434516143798828125e+01
2.477630996704101562e+01
6.601907348632812500e+01
2.861694526672363281e+01
3.947647094726562500e+01
4.784422302246093750e+01
3.782279968261718750e+00
1.639777755737304688e+01
4.562669754028320312e+01
4.632316970825195312e+01
4.730187225341796875e+01
2.681973648071289062e+01
1.358430290222167969e+01
1.350712585449218750e+01
2.800952529907226562e+01
4.075817489624023438e+01
3.657357788085937500e+01
1.622502899169921875e+01
2.007464599609375000e+01
4.514017868041992188e+01
6.589649200439453125e+01
5.286241149902343750e+01
1.318068313598632812e+01
4.558023071289062500e+01
1.771164321899414062e+01
1.466504096984863281e+01
3.467100906372070312e+01
3.622928237915039062e+01
3.464082717895507812e+01
4.668817138671875000e+01
6.707489776611328125e+01
5.017645263671875000e+01
5.932031250000000000e+01
1.663338088989257812e+01
2.634967041015625000e+01
2.526097106933593750e+01
1.665930557250976562e+01
2.196449279785156250e+00
2.162959671020507812e+01
5.419157409667968750e+01
5.075946807861328125e+01
7.719087219238281250e+01
5.622045135498046875e+01
2.906801795959472656e+01
1.615538406372070312e+01
2.311583709716796875e+01
7.980885314941406250e+01
2.077626037597656250e+01
2.731608772277832031e+01
5.748872375488281250e+01
5.420700836181640625e+01
5.053308105468750000e+01
3.956658172607421875e+01
6.289942550659179688e+01
6.774987792968750000e+01
3.750675582885742188e+01
4.136268615722656250e+01
4.248217391967773438e+01
5.552869033813476562e+01
2.048310852050781250e+01
4.979408264160156250e+00
6.952064514160156250e+01
1.248170471191406250e+01
2.089801788330078125e+01
4.234275054931640625e+01
5.852098083496093750e+01
3.540780639648437500e+01
9.171318054199218750e+00
4.797547912597656250e+01
2.171038055419921875e+01
4.155966949462890625e+01
1.895258140563964844e+01
4.335849380493164062e+01
2.621235084533691406e+01
6.678469085693359375e+01
3.009757995605468750e+01
2.984946632385253906e+01
1.159197616577148438e+01
5.631221389770507812e+01
2.155172920227050781e+01
1.304186630249023438e+01
5.162264251708984375e+01
4.240599060058593750e+01
3.313418197631835938e+01
3.625071334838867188e+01
1.498018455505371094e+01
4.124425125122070312e+01
3.743462371826171875e+01
1.744904518127441406e+01
7.751762390136718750e+00
3.541893005371093750e+01
3.173372650146484375e+01
3.555961227416992188e+01
9.767501831054687500e+00
2.642009353637695312e+01
1.429549026489257812e+01
1.692415618896484375e+01
1.605169105529785156e+01
3.931577682495117188e+01
3.061584281921386719e+01
3.015094375610351562e+01
5.924493408203125000e+01
2.419006347656250000e+01
4.273054504394531250e+01
5.032720565795898438e+01
6.242894744873046875e+01
6.797367858886718750e+01
3.800703048706054688e+01
3.072479438781738281e+01
3.184965515136718750e+01
3.420257568359375000e+01
2.115584182739257812e+01
3.941501235961914062e+01
3.164900207519531250e+01
6.316851806640625000e+01
4.285041046142578125e+01
7.140007019042968750e+01
4.109519195556640625e+01
5.129238891601562500e+01
5.299527740478515625e+01
5.504943084716796875e+01
2.929673194885253906e+01
4.020421981811523438e+01
6.346857452392578125e+01
3.231102752685546875e+01
2.821858406066894531e+01
4.536416625976562500e+01
5.519065475463867188e+01
2.466160964965820312e+01
5.091326522827148438e+01
1.954169464111328125e+01
3.253017807006835938e+01
6.346857452392578125e+01
2.546438598632812500e+01
3.067414665222167969e+01
4.445172119140625000e+01
4.324883270263671875e+01
3.657636260986328125e+01
4.381363296508789062e+01
5.852098083496093750e+01
1.477928543090820312e+01
5.197332000732421875e+01
3.612386703491210938e+01
4.122823715209960938e+01
6.808119201660156250e+01
5.271889877319335938e+01
4.181725692749023438e+01
5.369586181640625000e+01
4.127998352050781250e+01
4.372345733642578125e+01
5.688142395019531250e+01
1.653203201293945312e+01
1.582194709777832031e+01
3.849262237548828125e+01
4.039920043945312500e+01
6.779007720947265625e+01
2.632480239868164062e+01
1.966792106628417969e+01
3.542056274414062500e+01
7.076589965820312500e+01
2.612984848022460938e+01
3.722871398925781250e+01
8.588487625122070312e+00
3.541072082519531250e+01
4.128844833374023438e+01
3.520241928100585938e+01
2.510716629028320312e+01
7.078102111816406250e+01
2.852111434936523438e+01
4.836406326293945312e+01
2.808405685424804688e+01
3.809925842285156250e+01
3.519158172607421875e+01
4.546712493896484375e+01
6.863896179199218750e+01
4.389175415039062500e+01
4.757659530639648438e+01
4.144655609130859375e+01
4.225850296020507812e+01
3.759460830688476562e+01
4.346148300170898438e+01
1.154111862182617188e+01
5.246585083007812500e+01
2.449906921386718750e+01
4.546712493896484375e+01
1.979573440551757812e+01
7.242327880859375000e+01
3.226231002807617188e+01
4.769178771972656250e+01
5.749082183837890625e+01
2.849376106262207031e+01
2.990734672546386719e+01
3.766983795166015625e+01
1.569941902160644531e+01
2.701982879638671875e+01
4.639122772216796875e+01
5.377722930908203125e+01
7.513151550292968750e+01
4.007954788208007812e+01
7.947795104980468750e+01
6.648824691772460938e+00
5.309706497192382812e+01
1.909836387634277344e+01
3.991034317016601562e+01
4.130697631835937500e+01
4.496519088745117188e+01
4.962155532836914062e+01
7.989529418945312500e+01
2.910561370849609375e+01
1.783176994323730469e+01
3.194095420837402344e+01
3.760219573974609375e+01
3.852711105346679688e+01
1.507260131835937500e+01
3.067216682434082031e+01
2.530835723876953125e+01
3.985019683837890625e+01
6.575611877441406250e+01
4.499797439575195312e+01
5.308884048461914062e+01
5.478176116943359375e+01
5.511203002929687500e+01
2.168212509155273438e+01
4.754881286621093750e+01
4.299147033691406250e+01
5.635012817382812500e+01
2.906439971923828125e+01
3.668759155273437500e+01
5.883481597900390625e+01
1.643071174621582031e+01
4.546712493896484375e+01
3.765633392333984375e+01
3.752192306518554688e+01
2.389023971557617188e+01
3.612133026123046875e+01
1.663096046447753906e+01
3.351190948486328125e+01
5.176088714599609375e+01
3.800147628784179688e+01
1.688321113586425781e+01
6.902658462524414062e+00
2.034582138061523438e+01
2.571333694458007812e+01
3.809464263916015625e+01
1.241010284423828125e+01
4.459211730957031250e+01
1.580959320068359375e+01
3.003284263610839844e+01
3.946477890014648438e+01
1.979304504394531250e+01
1.104643058776855469e+01
4.185086822509765625e+01
3.622928237915039062e+01
1.186491584777832031e+01
2.635863685607910156e+01
1.258264541625976562e+01
3.442761230468750000e+01
3.697178649902343750e+01
1.881953430175781250e+01
7.921360015869140625e+00
6.296826171875000000e+01
1.196511077880859375e+01
3.715098953247070312e+01
1.731733512878417969e+01
3.818120574951171875e+01
5.539993286132812500e+01
7.295227050781250000e+01
6.832286834716796875e+00
2.340824127197265625e+01
2.871141624450683594e+01
3.262873458862304688e+01
3.933597946166992188e+01
2.189396667480468750e+01
5.026257324218750000e+01
3.333108139038085938e+01
4.386944961547851562e+01
5.319938659667968750e+01
2.472179794311523438e+01
3.563883590698242188e+01
4.066642379760742188e+01
2.922324562072753906e+01
4.511190795898437500e+01
7.163117980957031250e+01
4.580345535278320312e+01
8.908138275146484375e+00
2.343072509765625000e+01
3.841951751708984375e+01
3.694957351684570312e+01
1.106713294982910156e+01
3.171324157714843750e+01
2.973115921020507812e+01
3.067840957641601562e+01
2.439305877685546875e+01
3.146059989929199219e+01
2.386495399475097656e+01
6.268545532226562500e+01
4.603947830200195312e+01
3.091622924804687500e+01
4.202524948120117188e+01
3.620342636108398438e+01
2.620717811584472656e+01
5.857220840454101562e+01
3.953694152832031250e+01
2.605478668212890625e+01
7.651693725585937500e+01
5.528515625000000000e+01
2.666572380065917969e+01
2.560911941528320312e+01
1.814345550537109375e+01
4.166487503051757812e+01
7.463339233398437500e+01
5.421336364746093750e+01
2.247475814819335938e+01
7.651693725585937500e+01
3.097507667541503906e+01
4.099960708618164062e+01
2.869265556335449219e+01
2.453040122985839844e+01
3.913961791992187500e+01
5.130667495727539062e+01
1.575273323059082031e+01
2.630152893066406250e+01
1.143430519104003906e+01
4.229920578002929688e+01
1.205040550231933594e+01
3.049706268310546875e+01
4.258763885498046875e+01
1.917226409912109375e+01
5.323506164550781250e+01
3.502175140380859375e+01
2.765034294128417969e+01
2.626302146911621094e+01
4.012025070190429688e+01
3.297499084472656250e+01
1.675289154052734375e+01
2.041272735595703125e+01
4.433663177490234375e+01
2.552589797973632812e+01
4.339590454101562500e+01
2.123397445678710938e+01
2.348516654968261719e+01
9.659715652465820312e+00
4.576280212402343750e+01
5.614624786376953125e+01
3.973729324340820312e+01
1.342573547363281250e+01
2.824800682067871094e+01
4.500043106079101562e+01
4.112847900390625000e+01
1.004765892028808594e+01
1.013221168518066406e+01
3.903585433959960938e+01
6.611245727539062500e+01
5.537620544433593750e+00
3.694494628906250000e+01
4.830281066894531250e+01
4.456986999511718750e+01
4.522027969360351562e+01
3.712660598754882812e+01
6.343870162963867188e+00
3.797191238403320312e+01
1.250826263427734375e+01
3.368124008178710938e+01
4.116270446777343750e+01
2.729024124145507812e+01
4.475461196899414062e+01
3.163803672790527344e+01
4.306539154052734375e+01
1.582402610778808594e+01
7.023611450195312500e+01
7.989529418945312500e+01
1.134573364257812500e+01
3.717174530029296875e+01
3.564511108398437500e+01
4.318751144409179688e+01
5.862368011474609375e+01
2.806559562683105469e+01
4.599937820434570312e+01
3.483957672119140625e+01
4.148395538330078125e+01
3.659896469116210938e+01
4.469295501708984375e+01
1.745367240905761719e+01
3.256509780883789062e+01
3.711293411254882812e+01
1.689679908752441406e+01
3.915545272827148438e+01
2.264867019653320312e+01
2.121502304077148438e+01
4.399304199218750000e+01
2.149788284301757812e+01
4.391042709350585938e+01
4.262083053588867188e+01
2.736727523803710938e+01
3.467695617675781250e+01
1.647782516479492188e+01
2.657599067687988281e+01
6.107952880859375000e+01
1.907982826232910156e+01
3.903264999389648438e+01
5.719964599609375000e+01
3.093050765991210938e+01
4.016357803344726562e+01
4.339154434204101562e+01
2.624295806884765625e+01
3.290440750122070312e+01
6.089935302734375000e+01
7.310960769653320312e+00
2.521966171264648438e+01
2.911368942260742188e+01
5.422476959228515625e+01
3.749949264526367188e+01
5.369469451904296875e+01
4.441446304321289062e+00
6.388128280639648438e+01
6.952064514160156250e+01
2.543626403808593750e+01
2.457976150512695312e+01
4.674397277832031250e+01
2.881689453125000000e+01
1.236030006408691406e+01
3.713197708129882812e+01
