3.626908111572265625e+01
3.775129699707031250e+01
6.633065795898437500e+01
3.422356796264648438e+01
3.758800888061523438e+01
3.328680038452148438e+01
7.650334167480468750e+01
8.370946884155273438e+00
2.172917366027832031e+01
5.142886352539062500e+01
4.999942779541015625e+01
3.521657943725585938e+01
4.276154327392578125e+01
1.995912933349609375e+01
1.500002861022949219e+01
2.602236366271972656e+01
8.799245834350585938e+00
5.382332611083984375e+01
3.444155883789062500e+01
5.595794677734375000e+01
3.681872558593750000e+01
3.163726425170898438e+01
3.709137344360351562e+01
5.382886123657226562e+01
2.237096023559570312e+01
4.290917205810546875e+01
5.370426177978515625e+01
5.063579940795898438e+01
4.219927215576171875e+01
5.515003204345703125e+01
3.490505599975585938e+01
7.798013305664062500e+01
5.135789108276367188e+01
5.801834869384765625e+01
6.747534179687500000e+01
3.697089767456054688e+01
4.189038085937500000e+01
5.754911422729492188e+01
3.787094497680664062e+01
3.220153045654296875e+01
4.622123718261718750e+01
4.700080871582031250e+01
3.250074005126953125e+01
4.994693374633789062e+01
4.919308090209960938e+01
4.358910751342773438e+01
6.338318634033203125e+01
3.819369125366210938e+01
2.727256011962890625e+01
3.235965347290039062e+01
2.901397705078125000e+01
7.443910217285156250e+01
2.342250823974609375e+01
1.283477592468261719e+01
6.126581192016601562e+00
4.489821243286132812e+01
3.827733230590820312e+01
3.061617469787597656e+01
3.743821716308593750e+01
5.490539550781250000e+01
1.067078971862792969e+01
1.195990371704101562e+01
7.267274475097656250e+01
1.388324546813964844e+01
4.838478469848632812e+01
1.774423027038574219e+01
3.280104827880859375e+01
2.512228012084960938e+01
3.875458145141601562e+01
1.707913970947265625e+01
3.039793395996093750e+01
3.650594329833984375e+01
2.130799102783203125e+01
4.266321563720703125e+01
4.371654510498046875e+01
3.838469696044921875e+01
3.568346023559570312e+01
4.082542419433593750e+01
3.127611160278320312e+01
3.213229370117187500e+01
3.157386016845703125e+01
3.490147399902343750e+01
2.059242248535156250e+01
3.562909698486328125e+01
5.444891357421875000e+01
1.755929374694824219e+01
6.827261352539062500e+01
6.923815917968750000e+01
3.113608932495117188e+01
4.252581787109375000e+01
2.941548919677734375e+01
3.981552124023437500e+01
5.547126770019531250e+01
5.502783966064453125e+01
2.845532226562500000e+01
1.851567840576171875e+01
3.395401000976562500e+01
2.580352401733398438e+01
1.429432106018066406e+01
4.597568511962890625e+01
2.860098648071289062e+01
4.330943679809570312e+01
3.185917282104492188e+01
6.519880676269531250e+01
2.055266189575195312e+01
1.628635215759277344e+01
4.905581283569335938e+01
5.372410583496093750e+01
4.490465545654296875e+01
3.102723693847656250e+01
3.390629577636718750e+01
1.264747047424316406e+01
3.642089462280273438e+01
1.446092033386230469e+01
2.135442733764648438e+01
3.220137023925781250e+01
2.923458480834960938e+01
2.016377639770507812e+01
2.386867904663085938e+01
3.279253387451171875e+01
1.235065841674804688e+01
5.198849487304687500e+01
3.986592102050781250e+01
1.410628128051757812e+01
2.533551788330078125e+01
4.700080871582031250e+01
3.243271636962890625e+01
3.951007080078125000e+01
8.889839172363281250e+00
5.031814193725585938e+01
5.609579467773437500e+01
1.701143836975097656e+01
4.384670257568359375e+01
4.054301834106445312e+01
1.078605651855468750e-01
2.898722839355468750e+01
6.648919677734375000e+01
3.291463470458984375e+01
2.609653854370117188e+01
4.030966186523437500e+01
4.442585754394531250e+01
5.337744140625000000e+01
4.429501342773437500e+01
1.426438140869140625e+01
7.416878509521484375e+01
3.932945251464843750e+01
6.831604003906250000e+01
6.084000015258789062e+01
6.066994857788085938e+01
2.371071815490722656e+01
1.847006034851074219e+01
3.839653015136718750e+01
3.754943847656250000e+01
3.734008026123046875e+01
6.444264984130859375e+01
2.818749427795410156e+01
4.041743850708007812e+01
5.237574768066406250e+01
4.140952301025390625e+01
4.742288589477539062e+01
3.383289337158203125e+01
3.014688110351562500e+01
4.455248641967773438e+01
3.590124511718750000e+01
5.983828353881835938e+01
3.411095809936523438e+01
4.374177551269531250e+01
4.736231231689453125e+01
3.904692840576171875e+01
1.213447189331054688e+01
1.877854919433593750e+01
2.965369415283203125e+01
1.376031303405761719e+01
6.558749389648437500e+01
3.603282928466796875e+01
3.438018798828125000e+01
5.246547698974609375e+01
2.722642326354980469e+01
5.292576599121093750e+01
1.960247039794921875e+01
3.664172363281250000e+01
5.567727661132812500e+01
4.297808456420898438e+01
4.059191131591796875e+01
2.415097045898437500e+01
5.357293701171875000e+01
1.416630363464355469e+01
5.838995361328125000e+01
5.004611206054687500e+01
5.917918395996093750e+01
4.469078826904296875e+01
2.874415206909179688e+01
3.552103805541992188e+01
3.976477050781250000e+01
2.131276702880859375e+01
4.450735092163085938e+01
3.265998077392578125e+01
2.978959465026855469e+01
3.540511322021484375e+01
1.382120513916015625e+01
4.959078216552734375e+01
1.423871421813964844e+01
3.068143463134765625e+01
4.530073928833007812e+01
2.949584770202636719e+01
2.327354812622070312e+01
7.219137573242187500e+01
4.864186859130859375e+01
5.075045394897460938e+01
9.942087173461914062e+00
1.809699440002441406e+01
1.883490943908691406e+01
2.290810966491699219e+01
4.293046569824218750e+01
5.269083023071289062e+01
6.611663055419921875e+01
1.541456413269042969e+01
4.606888961791992188e+01
2.803445243835449219e+01
2.523135757446289062e+01
3.001702690124511719e+01
3.248209762573242188e+01
3.710810470581054688e+01
1.368017387390136719e+01
1.697009849548339844e+01
3.802774810791015625e+01
4.228596115112304688e+01
4.245868682861328125e+01
2.321241760253906250e+01
3.971266174316406250e+01
3.886209487915039062e+01
4.536087036132812500e+01
4.508833312988281250e+01
3.784285736083984375e+01
3.510877227783203125e+01
3.000639724731445312e+01
2.440922927856445312e+01
1.765939140319824219e+01
3.395691680908203125e+01
1.716377449035644531e+01
3.048400115966796875e+01
3.720760726928710938e+01
7.650334167480468750e+01
2.696737289428710938e+01
3.231964111328125000e+01
3.040361976623535156e+01
3.918461227416992188e+01
2.281346130371093750e+01
3.135345649719238281e+01
5.135789108276367188e+01
2.376422882080078125e+01
2.817353630065917969e+01
3.254670715332031250e+01
4.417652511596679688e+01
9.613840103149414062e+00
4.109787368774414062e+01
1.132142257690429688e+01
2.432027816772460938e+01
2.229076576232910156e+01
7.251820373535156250e+01
4.066219711303710938e+01
4.905331039428710938e+01
6.201093673706054688e+00
3.671077728271484375e+01
7.564198303222656250e+01
3.931966018676757812e+01
3.666526031494140625e+01
4.064530944824218750e+01
3.565822982788085938e+01
2.986338996887207031e+01
5.237155151367187500e+01
3.781224060058593750e+01
3.363906860351562500e+01
7.564198303222656250e+01
2.047026443481445312e+01
7.503604888916015625e+01
1.758647727966308594e+01
1.953376388549804688e+01
2.473466491699218750e+01
4.455215835571289062e+01
2.784393310546875000e+01
1.766589164733886719e+01
4.126614761352539062e+01
1.475274848937988281e+01
4.700080871582031250e+01
5.497219085693359375e+01
6.611663055419921875e+01
4.290528488159179688e+01
3.006666946411132812e+01
4.333781814575195312e+01
8.267114639282226562e+00
3.136656379699707031e+01
3.161106872558593750e+01
1.336080741882324219e+01
6.300429916381835938e+01
1.388786315917968750e+01
1.411155700683593750e+01
1.958053588867187500e+00
3.347876358032226562e+01
9.419088363647460938e+00
3.827733230590820312e+01
3.440690612792968750e+01
2.447113227844238281e+01
4.015481567382812500e+01
1.505720901489257812e+01
4.736231231689453125e+01
4.508205413818359375e+01
3.893737030029296875e+01
1.848770904541015625e+01
4.736231231689453125e+01
2.842646598815917969e+01
3.287889480590820312e+01
4.453171920776367188e+01
4.069874572753906250e+01
2.085940933227539062e+01
1.101792716979980469e+01
3.496652221679687500e+01
1.226973152160644531e+01
8.279270935058593750e+01
4.345781326293945312e+01
5.931971740722656250e+01
4.395640563964843750e+01
4.598440933227539062e+01
2.134714317321777344e+01
3.227000045776367188e+01
1.998050880432128906e+01
2.201270294189453125e+01
3.666637802124023438e+01
5.481400299072265625e+01
4.040997695922851562e+01
2.255634117126464844e+01
4.535797500610351562e+01
1.276522636413574219e+01
2.530149078369140625e+01
3.982569503784179688e+01
5.378231048583984375e+01
1.601268577575683594e+01
5.187289428710937500e+01
5.355363082885742188e+01
1.221866798400878906e+01
1.368986511230468750e+01
7.315439605712890625e+01
2.078834533691406250e+01
5.734246826171875000e+01
4.046987533569335938e+01
3.709114837646484375e+01
2.128371429443359375e+01
3.953205871582031250e+01
3.528278732299804688e+01
2.091461181640625000e+01
2.480069160461425781e+01
4.011614608764648438e+01
2.130084609985351562e+01
3.228514862060546875e+01
3.504587554931640625e+01
3.587765884399414062e+01
4.203380966186523438e+01
5.157333374023437500e+01
7.194744873046875000e+01
2.309081649780273438e+01
2.153627586364746094e+01
2.512627792358398438e+01
1.130529022216796875e+01
3.885696411132812500e+01
2.958120918273925781e+01
4.066691589355468750e+01
3.842092514038085938e+01
7.642704010009765625e+01
5.365487670898437500e+01
3.558760452270507812e+01
3.840856552124023438e+01
4.027104568481445312e+01
3.890596008300781250e+01
1.494600677490234375e+01
1.594977378845214844e+01
3.380688858032226562e+01
3.736091232299804688e+01
2.163828468322753906e+01
4.121831130981445312e+01
5.627119827270507812e+01
3.398523330688476562e+01
2.127220535278320312e+01
4.337680816650390625e+01
3.472193145751953125e+01
1.398641777038574219e+01
3.021170616149902344e+01
5.869541168212890625e+01
4.247932434082031250e+01
5.991091156005859375e+01
4.255494689941406250e+01
2.546658706665039062e+01
3.797447967529296875e+01
3.650510025024414062e+01
5.190387344360351562e+01
6.444264984130859375e+01
2.057995223999023438e+01
1.832023239135742188e+01
3.031430435180664062e+01
4.826579284667968750e+01
2.407370758056640625e+01
6.444264984130859375e+01
9.650749206542968750e+00
2.903047561645507812e+01
4.002389907836914062e+01
1.606750297546386719e+01
3.907093429565429688e+01
5.084572982788085938e+01
5.449126815795898438e+01
5.019918060302734375e+01
3.250139617919921875e+01
5.656529235839843750e+01
4.324319458007812500e+01
7.024456024169921875e+00
6.459552764892578125e+01
4.805870819091796875e+01
3.883825302124023438e+01
4.165882873535156250e+01
8.643379211425781250e+01
5.391344451904296875e+01
4.974964141845703125e+01
3.945276260375976562e+01
5.700200653076171875e+01
7.564198303222656250e+01
2.344300079345703125e+01
1.918844985961914062e+01
4.023094558715820312e+01
3.994462585449218750e+01
4.404500198364257812e+01
4.970800018310546875e+01
1.791649436950683594e+01
9.251520156860351562e+00
5.589856338500976562e+01
1.168727874755859375e+01
6.495762634277343750e+01
1.975000000000000000e+01
3.321794509887695312e+01
1.678416633605957031e+01
3.501084899902343750e+01
3.065271377563476562e+01
8.133695602416992188e+00
5.105025100708007812e+01
3.016958999633789062e+01
7.363467407226562500e+01
2.384624862670898438e+01
4.783031845092773438e+01
2.190831947326660156e+01
2.653731346130371094e+01
2.482503128051757812e+01
5.032838439941406250e+01
2.539271163940429688e+01
2.349837112426757812e+01
5.983828353881835938e+01
5.595794677734375000e+01
3.062336349487304688e+01
4.971358871459960938e+01
2.945355224609375000e+01
3.377906799316406250e+01
1.298987579345703125e+01
3.732734680175781250e+01
1.438630676269531250e+01
2.138921546936035156e+01
2.103278732299804688e+01
1.187107276916503906e+01
2.922275161743164062e+01
3.786341857910156250e+01
6.717103576660156250e+01
3.767863464355468750e+01
2.612845420837402344e+01
1.391912841796875000e+01
2.498701477050781250e+01
2.418650054931640625e+01
3.287060928344726562e+01
3.799785995483398438e+01
5.667052459716796875e+01
4.174812698364257812e+01
1.876491737365722656e+01
3.002131080627441406e+01
4.260568618774414062e+01
1.765653038024902344e+01
1.691374969482421875e+01
1.657697868347167969e+01
6.530062866210937500e+01
5.319992828369140625e+01
4.317557525634765625e+01
6.551252746582031250e+01
5.906098937988281250e+01
7.975172042846679688e+00
4.055220413208007812e+01
5.109771728515625000e+01
3.213229370117187500e+01
5.283576965332031250e+01
5.396929168701171875e+01
3.114682388305664062e+01
6.169273757934570312e+01
4.149631881713867188e+01
5.506291961669921875e+01
6.155435562133789062e+01
6.444805145263671875e+01
4.447233581542968750e+01
2.979376220703125000e+01
5.118490982055664062e+01
3.335625457763671875e+01
3.395580291748046875e+01
3.246307754516601562e+01
4.881731414794921875e+01
3.952913284301757812e+01
6.743475341796875000e+01
2.246941757202148438e+01
6.777767944335937500e+01
1.311571693420410156e+01
3.650986480712890625e+01
2.796361732482910156e+01
3.073254966735839844e+01
3.235897064208984375e+01
4.421446228027343750e+01
3.343333053588867188e+01
5.761743545532226562e+00
1.084505081176757812e+01
1.556902885437011719e+01
4.622810363769531250e+01
3.238621139526367188e+01
3.193280601501464844e+01
2.346647644042968750e+01
2.966932106018066406e+01
3.536514282226562500e+01
7.917861175537109375e+01
4.308860015869140625e+01
2.012267494201660156e+01
4.274249267578125000e+01
2.602103424072265625e+01
3.627384185791015625e+01
4.114997482299804688e+01
3.348483276367187500e+01
5.895653152465820312e+01
3.527542114257812500e+01
6.362988281250000000e+01
2.781493759155273438e+01
3.675931930541992188e+01
3.071564865112304688e+01
5.108999252319335938e+01
1.102968978881835938e+01
4.416794204711914062e+01
6.155435562133789062e+01
3.507770919799804688e+01
2.435914230346679688e+01
2.757920265197753906e+01
1.008145523071289062e+01
1.221106529235839844e+01
1.487960052490234375e+01
4.330139160156250000e+01
2.107580757141113281e+01
6.155435562133789062e+01
4.273942947387695312e+01
4.239033889770507812e+01
4.407487106323242188e+01
4.286558914184570312e+01
6.299723052978515625e+01
4.063917922973632812e+01
2.883955001831054688e+01
2.845401382446289062e+01
2.777498054504394531e+01
3.048021888732910156e+01
2.627565383911132812e+01
3.816944885253906250e+01
6.668655395507812500e+00
4.230006790161132812e+01
3.044768905639648438e+01
5.282405090332031250e+01
7.409288024902343750e+01
6.611663055419921875e+01
5.770307540893554688e+01
2.571196174621582031e+01
1.666729545593261719e+01
1.837862014770507812e+01
1.831752395629882812e+01
4.964195251464843750e+01
3.038265228271484375e+01
6.695697021484375000e+01
4.063917922973632812e+01
1.628805351257324219e+01
4.712391662597656250e+01
4.191162109375000000e+01
2.564333915710449219e+01
4.436297225952148438e+01
1.140869522094726562e+01
3.814086151123046875e+01
1.667572402954101562e+01
5.491625213623046875e+01
1.040118598937988281e+01
2.570783615112304688e+01
1.327653503417968750e+01
3.440486907958984375e+01
4.513315963745117188e+01
1.256680870056152344e+01
2.987095832824707031e+01
4.881820678710937500e+01
1.455109786987304688e+01
2.126305580139160156e+01
1.900794982910156250e+01
3.999044799804687500e+01
6.396265792846679688e+01
5.322862243652343750e+01
3.368467330932617188e+01
1.862404632568359375e+01
2.962294769287109375e+01
3.638426208496093750e+01
6.016913223266601562e+01
1.225861358642578125e+01
2.099982261657714844e+01
2.379078865051269531e+01
1.192121124267578125e+01
9.816143035888671875e+00
2.536491775512695312e+01
6.479986190795898438e+00
5.378931427001953125e+01
4.803082275390625000e+01
3.618386840820312500e+01
3.285934448242187500e+01
3.664902496337890625e+01
2.302896118164062500e+01
3.257737350463867188e+01
3.962881851196289062e+01
5.633692169189453125e+01
4.993405914306640625e+01
3.129528617858886719e+01
3.924813079833984375e+01
5.619835662841796875e+01
6.935766601562500000e+01
1.963967704772949219e+01
2.880017089843750000e+01
6.056428527832031250e+01
1.709016990661621094e+01
6.062150573730468750e+01
2.267475509643554688e+01
2.039293098449707031e+01
3.551931762695312500e+01
3.030786705017089844e+01
3.905725097656250000e+01
1.470447540283203125e+01
3.147081375122070312e+01
2.814384269714355469e+01
4.030966186523437500e+01
3.208028030395507812e+01
4.499682617187500000e+01
3.629542541503906250e+01
5.779246902465820312e+01
3.344083404541015625e+01
3.164545440673828125e+01
6.033969116210937500e+01
6.551252746582031250e+01
2.632935333251953125e+01
4.984755325317382812e+01
2.431380271911621094e+01
4.738026428222656250e+01
1.934558486938476562e+01
3.902154159545898438e+01
2.730640029907226562e+01
4.161724472045898438e+01
4.271129608154296875e+01
3.073245811462402344e+01
3.011502838134765625e+01
3.685100173950195312e+01
2.440655517578125000e+01
4.357932281494140625e+01
1.242159843444824219e+01
4.328086090087890625e+01
4.301241683959960938e+01
1.957089424133300781e+01
6.998606109619140625e+01
2.599167633056640625e+01
1.263754463195800781e+01
3.475862884521484375e+01
5.304792022705078125e+01
4.732826995849609375e+01
1.831925201416015625e+01
5.595794677734375000e+01
1.386104774475097656e+01
1.914420318603515625e+01
3.856034469604492188e+01
1.363727951049804688e+01
3.759769821166992188e+01
5.309098052978515625e+01
4.501870727539062500e+01
5.120516204833984375e+01
2.965402412414550781e+01
4.225303649902343750e+01
5.497930145263671875e+01
7.722879791259765625e+01
2.732432174682617188e+01
3.919866561889648438e+01
4.478387069702148438e+01
4.229531097412109375e+01
2.583090209960937500e+01
7.031535339355468750e+01
2.726476669311523438e+01
4.773337173461914062e+01
3.701435089111328125e+01
1.490768241882324219e+01
7.193597412109375000e+01
2.171654129028320312e+01
4.945477294921875000e+01
2.528861999511718750e+00
7.038439178466796875e+01
4.982218170166015625e+01
5.284141921997070312e+01
4.496531295776367188e+01
2.561279678344726562e+01
2.813386726379394531e+01
4.036890792846679688e+01
3.536971664428710938e+01
4.041454315185546875e+01
4.163000869750976562e+01
7.650334167480468750e+01
1.671059226989746094e+01
6.927682876586914062e+00
4.747314453125000000e+01
1.984307098388671875e+01
4.006677246093750000e+01
1.859889984130859375e+01
5.502838134765625000e+01
1.737726020812988281e+01
2.307908248901367188e+01
4.618467712402343750e+01
3.205555343627929688e+01
1.848616600036621094e+01
3.043305587768554688e+01
4.261648559570312500e+01
1.394538879394531250e+01
1.326131820678710938e+01
4.900624847412109375e+01
3.241792678833007812e+01
3.530549621582031250e+01
4.913718414306640625e+01
5.544489288330078125e+01
6.819946289062500000e+01
2.493444824218750000e+01
4.258827209472656250e+01
2.465451812744140625e+01
7.866592407226562500e+00
6.508302688598632812e+00
2.515766906738281250e+01
2.624398422241210938e+01
3.345445632934570312e+01
2.423956108093261719e+01
1.439427566528320312e+01
4.405445098876953125e+01
2.887847709655761719e+01
1.864237403869628906e+01
9.664709091186523438e+00
4.750833129882812500e+01
2.755350303649902344e+01
3.202069473266601562e+01
2.733432388305664062e+01
2.415424728393554688e+01
2.574260330200195312e+01
7.121255493164062500e+01
4.848001480102539062e+01
1.849850082397460938e+01
2.719724082946777344e+01
1.743962287902832031e+01
5.113912963867187500e+01
5.544512939453125000e+01
2.832515525817871094e+01
3.427819061279296875e+01
3.988624191284179688e+01
1.203048896789550781e+01
1.854442024230957031e+01
4.914000701904296875e+01
2.436967086791992188e+01
2.107580757141113281e+01
1.439481735229492188e+01
5.545609283447265625e+01
1.467015457153320312e+01
3.532894897460937500e+01
5.077414321899414062e+01
2.038059616088867188e+01
3.766475677490234375e+01
4.357358932495117188e+00
3.908591461181640625e+01
2.896429824829101562e+01
4.304997253417968750e+01
2.572812461853027344e+01
4.135227203369140625e+00
5.526701354980468750e+01
5.570773315429687500e+01
1.123345375061035156e+01
2.874864196777343750e+01
3.906386184692382812e+01
6.759057617187500000e+01
2.577712631225585938e+01
4.740973663330078125e+01
7.564198303222656250e+01
9.044900894165039062e+00
3.851924896240234375e+00
3.710564041137695312e+01
3.865141677856445312e+01
6.872851562500000000e+01
4.764281463623046875e+01
2.816308593750000000e+01
4.046449661254882812e+01
3.689526748657226562e+01
3.241699218750000000e+01
9.472997665405273438e+00
5.091907501220703125e+01
4.040997695922851562e+01
2.723605537414550781e+01
3.498245620727539062e+01
6.496006011962890625e+00
3.556794738769531250e+01
2.253266525268554688e+01
2.532454299926757812e+01
1.540793800354003906e+01
2.223243331909179688e+01
3.374763488769531250e+01
3.062414360046386719e+01
4.689961624145507812e+01
3.517499923706054688e+01
3.294285202026367188e+01
3.472481155395507812e+01
3.667850112915039062e+01
2.886492919921875000e+01
3.998576736450195312e+01
4.936915969848632812e+01
2.354523086547851562e+01
7.038439178466796875e+01
7.262965393066406250e+01
4.209264373779296875e+01
3.679593658447265625e+01
7.650334167480468750e+01
4.060227584838867188e+01
3.965185928344726562e+01
6.081167602539062500e+01
3.413817214965820312e+01
2.695911216735839844e+01
3.898338699340820312e+01
3.202476119995117188e+01
1.288573837280273438e+01
5.002581024169921875e+01
5.397473907470703125e+01
3.082918357849121094e+01
3.798754882812500000e+01
3.015349960327148438e+01
3.399100112915039062e+01
2.948444557189941406e+01
3.778731918334960938e+01
3.142202568054199219e+01
2.258810424804687500e+01
2.997653579711914062e+01
5.950829315185546875e+01
3.256349563598632812e+01
3.096373367309570312e+01
4.139514160156250000e+01
1.290667343139648438e+01
5.988566589355468750e+01
3.788029861450195312e+01
1.728358459472656250e+01
2.532376480102539062e+01
3.541501617431640625e+01
3.398433303833007812e+01
1.218016433715820312e+01
5.371525192260742188e+01
5.237957382202148438e+01
9.003118515014648438e+00
7.274125671386718750e+01
3.589403152465820312e+01
4.118713760375976562e+01
5.159230041503906250e+01
1.576590347290039062e+01
3.006692886352539062e+01
2.798604393005371094e+01
3.517499923706054688e+01
1.353093528747558594e+01
3.240927505493164062e+01
3.957764053344726562e+01
4.246024322509765625e+01
3.637088012695312500e+01
4.791028976440429688e+01
4.030966186523437500e+01
4.789760971069335938e+01
1.909997177124023438e+01
4.326863098144531250e+01
3.389655303955078125e+01
5.045141983032226562e+01
3.834538650512695312e+01
1.990608406066894531e+01
4.297169876098632812e+01
5.891628265380859375e+01
1.165498733520507812e+01
3.747034454345703125e+01
1.297622489929199219e+01
1.703021812438964844e+01
1.931472015380859375e+01
5.793554306030273438e+00
7.033460998535156250e+01
1.591939544677734375e+01
6.608479309082031250e+01
5.387174606323242188e+00
4.967643356323242188e+01
3.805247116088867188e+01
2.205008316040039062e+01
3.252350616455078125e+01
1.871876525878906250e+01
3.040980529785156250e+01
5.051694488525390625e+01
1.294702911376953125e+01
3.618037796020507812e+01
4.438057708740234375e+01
1.627920722961425781e+01
1.928751945495605469e+01
2.497965812683105469e+01
7.038439178466796875e+01
4.306803131103515625e+01
6.432279968261718750e+01
1.762263298034667969e+01
1.936895561218261719e+01
7.442411804199218750e+01
2.212612724304199219e+01
4.736231231689453125e+01
4.375905990600585938e+01
1.663472557067871094e+01
5.132268524169921875e+01
6.278530120849609375e+01
3.737799453735351562e+01
4.601866149902343750e+01
3.504731750488281250e+01
3.476664733886718750e+01
3.744854354858398438e+01
