1.287505722045898438e+01
2.959753799438476562e+01
3.201507568359375000e+01
3.636453628540039062e+01
5.039648056030273438e+01
2.555373382568359375e+01
4.864968490600585938e+01
3.306282806396484375e+01
1.386382484436035156e+01
4.121680450439453125e+01
1.984064102172851562e+01
5.798215866088867188e+01
6.910511779785156250e+01
3.764080047607421875e+01
3.485422134399414062e+01
4.188222885131835938e+01
4.180252838134765625e+01
2.112333679199218750e+01
5.173429489135742188e+01
7.385180664062500000e+01
9.695592880249023438e+00
3.380932617187500000e+01
4.523994445800781250e+01
5.364467620849609375e+01
3.207944488525390625e+01
3.119716644287109375e+00
4.287691116333007812e+01
1.686357688903808594e+01
1.016496086120605469e+01
2.090213012695312500e+01
1.288803100585937500e+01
4.375638580322265625e+01
2.710424041748046875e+01
1.083552169799804688e+01
1.518390274047851562e+01
2.541852569580078125e+01
2.746886062622070312e+01
2.702525711059570312e+01
5.642455291748046875e+01
4.725846099853515625e+01
5.336721420288085938e+01
1.530341148376464844e+01
2.132252883911132812e+01
3.068622970581054688e+01
3.785719680786132812e+01
3.555320739746093750e+01
3.588181686401367188e+01
3.376652145385742188e+01
1.340452003479003906e+01
3.724977493286132812e+01
3.908893203735351562e+01
3.483229064941406250e+01
5.386090850830078125e+01
1.925808715820312500e+01
1.888430023193359375e+01
2.637771224975585938e+01
2.832473373413085938e+01
5.195108032226562500e+01
5.516347122192382812e+01
3.357948684692382812e+01
5.077362823486328125e+01
3.728612136840820312e+01
2.990392303466796875e+01
2.979647445678710938e+01
2.454804992675781250e+01
5.718174743652343750e+01
1.586114311218261719e+01
2.118571472167968750e+01
5.642455291748046875e+01
3.309720993041992188e+01
4.577527999877929688e+01
3.039564514160156250e+01
4.327423858642578125e+01
2.453873252868652344e+01
2.508133506774902344e+01
1.747168922424316406e+01
5.604713439941406250e+01
2.141797256469726562e+01
1.143350028991699219e+01
1.442255020141601562e+01
2.773401069641113281e+01
3.803503417968750000e+01
4.123928070068359375e+01
3.904587554931640625e+01
2.130724716186523438e+01
4.011775970458984375e+01
9.434656143188476562e+00
3.220209503173828125e+01
4.043624877929687500e+01
3.853682708740234375e+01
4.055855560302734375e+01
9.897499084472656250e+00
1.787480163574218750e+01
5.797695922851562500e+01
2.929915237426757812e+01
1.163270759582519531e+01
6.233409881591796875e+01
6.520751953125000000e+01
4.329785156250000000e+01
5.045844268798828125e+01
3.605886840820312500e+01
1.245471382141113281e+01
3.701315307617187500e+01
5.607506179809570312e+01
1.111379432678222656e+01
2.968863868713378906e+01
4.355005264282226562e+01
3.900674438476562500e+01
2.391122055053710938e+01
5.691430664062500000e+01
2.012490081787109375e+01
4.641900634765625000e+01
2.047538375854492188e+01
3.646650695800781250e+01
5.112754058837890625e+01
3.605448150634765625e+01
3.059600830078125000e+01
1.798597717285156250e+01
3.454125976562500000e+01
2.924218559265136719e+01
2.820928764343261719e+01
5.471574020385742188e+01
5.784039306640625000e+01
4.084440994262695312e+01
3.089157676696777344e+01
5.048278045654296875e+01
2.899490928649902344e+01
5.274481201171875000e+01
3.712953567504882812e+01
1.706617927551269531e+01
2.991629028320312500e+01
4.804995346069335938e+01
2.938116836547851562e+01
4.533618545532226562e+01
3.740793228149414062e+01
9.959114074707031250e+00
3.256204986572265625e+01
4.114750289916992188e+01
7.437175750732421875e+00
4.642452239990234375e+01
1.345330047607421875e+01
6.806188964843750000e+01
2.855326080322265625e+01
2.786237716674804688e+01
3.743677902221679688e+01
4.512093353271484375e+01
7.657667541503906250e+01
7.648771667480468750e+01
4.142530822753906250e+01
2.875540542602539062e+01
5.366059875488281250e+01
1.233082199096679688e+01
5.642455291748046875e+01
1.850810813903808594e+01
1.952279281616210938e+01
6.405604553222656250e+01
2.637885093688964844e+01
4.084631347656250000e+01
1.428668212890625000e+01
1.937211990356445312e+01
2.939202880859375000e+01
1.315726852416992188e+01
1.568593788146972656e+01
3.798377227783203125e+01
3.630614852905273438e+01
5.279971313476562500e+01
2.219288253784179688e+01
6.391302490234375000e+01
2.700623703002929688e+01
2.774190521240234375e+01
4.232342529296875000e+01
3.500484466552734375e+01
2.727041053771972656e+01
1.705644798278808594e+01
6.558294677734375000e+01
3.722543716430664062e+01
4.420358657836914062e+01
4.488841247558593750e+01
3.741365432739257812e+01
5.536536407470703125e+01
4.265136337280273438e+01
6.729666900634765625e+01
2.830978393554687500e+01
4.254861068725585938e+01
2.645555496215820312e+01
6.797061157226562500e+01
2.496878814697265625e+01
4.094485092163085938e+01
5.287817764282226562e+01
5.691430664062500000e+01
1.858614158630371094e+01
2.118988990783691406e+01
6.213212966918945312e+01
1.412498092651367188e+01
4.581046676635742188e+01
3.089823913574218750e+01
4.814282608032226562e+01
4.215995407104492188e+01
3.749739074707031250e+01
2.025852584838867188e+01
2.924934768676757812e+01
3.832409286499023438e+01
3.323768615722656250e+01
4.074142837524414062e+01
4.222711944580078125e+01
3.798377227783203125e+01
6.023449707031250000e+01
1.189826202392578125e+01
3.731624603271484375e+01
2.318407058715820312e+01
1.951436805725097656e+01
7.408145141601562500e+01
1.047391700744628906e+01
3.398836898803710938e+01
3.865464401245117188e+01
6.970416259765625000e+01
4.122996902465820312e+01
3.788637542724609375e+01
5.328121566772460938e+01
5.505998992919921875e+01
4.269800567626953125e+01
1.603317260742187500e+01
4.336044311523437500e+01
4.435185623168945312e+01
3.569163513183593750e+01
4.824521636962890625e+01
1.913241195678710938e+01
7.305744171142578125e+00
3.447743988037109375e+01
4.878507995605468750e+01
5.814005279541015625e+01
4.133832168579101562e+01
3.504985427856445312e+01
5.882218551635742188e+01
1.757255744934082031e+01
2.408073425292968750e+01
3.340352630615234375e+01
4.199141311645507812e+01
2.926398277282714844e+01
6.375863647460937500e+01
2.526636123657226562e+01
4.289859008789062500e+01
4.117943572998046875e+01
5.800437927246093750e+01
5.498641967773437500e+01
3.262484741210937500e+01
5.259930419921875000e+01
2.864429855346679688e+01
6.040891647338867188e+00
5.518247222900390625e+01
3.415267944335937500e+01
2.306674957275390625e+01
2.267722702026367188e+01
4.154976654052734375e+01
2.918076705932617188e+01
3.817448043823242188e+01
3.772051620483398438e+01
2.853799057006835938e+01
4.264154434204101562e+01
5.276072692871093750e+01
2.956976890563964844e+01
6.522752380371093750e+01
2.823280334472656250e+01
3.583973693847656250e+01
5.092861175537109375e+01
3.975667953491210938e+01
2.186537551879882812e+01
3.008937072753906250e+01
3.897133636474609375e+01
7.191658020019531250e+01
1.247710227966308594e+01
3.637077713012695312e+01
1.052446556091308594e+01
3.139469718933105469e+01
7.376808166503906250e+01
1.107319068908691406e+01
2.136247253417968750e+01
3.375471878051757812e+01
4.547600173950195312e+01
2.345373916625976562e+01
5.385940551757812500e+01
5.955169677734375000e+01
2.875540542602539062e+01
3.975461196899414062e+01
2.359090805053710938e+01
2.394537353515625000e+01
3.372422027587890625e+01
4.700144577026367188e+01
3.047920608520507812e+01
5.922534942626953125e+01
6.653453063964843750e+01
5.688653564453125000e+01
4.331025314331054688e+01
9.583023071289062500e+00
4.020339202880859375e+01
2.460715484619140625e+01
3.798377227783203125e+01
4.419298934936523438e+01
3.882106399536132812e+01
5.541583251953125000e+01
2.876591110229492188e+01
5.395091247558593750e+01
3.459190750122070312e+01
7.784455871582031250e+01
1.627056312561035156e+01
3.901364135742187500e+01
5.891308212280273438e+01
4.161596679687500000e+01
4.330490112304687500e+00
5.904868316650390625e+01
6.880513000488281250e+01
2.299447631835937500e+01
4.947041320800781250e+01
3.772051620483398438e+01
3.248486709594726562e+01
5.453231811523437500e+01
6.644454193115234375e+01
2.510844802856445312e+01
1.997114753723144531e+01
8.064821243286132812e+00
7.657667541503906250e+01
1.936686134338378906e+01
4.540621948242187500e+01
3.230188369750976562e+01
3.667300033569335938e+01
4.386892318725585938e+01
6.185366439819335938e+01
4.112828063964843750e+01
2.683216667175292969e+01
4.584038162231445312e+01
4.043432998657226562e+01
4.156107711791992188e+01
3.451866149902343750e+01
4.246948242187500000e+01
3.098095130920410156e+01
5.513105010986328125e+01
3.955342483520507812e+01
4.956072998046875000e+01
2.365866851806640625e+01
3.017640304565429688e+01
1.007247924804687500e+01
5.375833129882812500e+01
5.920599365234375000e+01
7.263142395019531250e+01
3.047489929199218750e+01
3.995781326293945312e+01
2.683643913269042969e+01
3.473590469360351562e+01
1.352483558654785156e+01
4.168360519409179688e+01
4.077416992187500000e+01
2.854051208496093750e+01
7.260137939453125000e+01
2.898514366149902344e+01
1.818715667724609375e+01
2.726669311523437500e+01
2.057816314697265625e+01
4.667242813110351562e+01
4.590457153320312500e+01
3.590990829467773438e+01
1.241840744018554688e+01
2.118202972412109375e+01
4.288313293457031250e+01
2.311970329284667969e+01
3.564218902587890625e+01
5.696771621704101562e+01
4.153869628906250000e+01
2.763829040527343750e+01
6.043551635742187500e+01
3.505103302001953125e+01
3.871946334838867188e+01
5.299158477783203125e+01
3.465262985229492188e+01
4.290822219848632812e+01
2.715929031372070312e+01
7.190675354003906250e+01
2.288780593872070312e+01
1.093363380432128906e+01
1.624429321289062500e+01
1.519251060485839844e+01
2.686755371093750000e+01
5.173843765258789062e+01
3.361322021484375000e+01
3.899675750732421875e+01
1.082381057739257812e+01
3.861938095092773438e+01
3.555802536010742188e+01
1.874515724182128906e+01
5.999275207519531250e+00
3.083284187316894531e+01
3.765284347534179688e+01
3.664445495605468750e+01
4.700144577026367188e+01
4.400415802001953125e+01
2.725518989562988281e+01
3.899811935424804688e+01
1.085317230224609375e+01
3.160941886901855469e+01
1.216136741638183594e+01
3.035905075073242188e+01
2.501003265380859375e+01
4.516129684448242188e+01
5.347696685791015625e+01
2.279100036621093750e+01
1.589286231994628906e+01
3.118272018432617188e+01
3.095260810852050781e+01
1.514064979553222656e+01
1.543347167968750000e+01
5.102173995971679688e+01
2.854968833923339844e+01
2.875540542602539062e+01
4.373174285888671875e+01
4.959902572631835938e+01
1.808309173583984375e+01
1.535832214355468750e+01
3.320318603515625000e+01
4.091405487060546875e+01
5.851253128051757812e+01
4.891889572143554688e+01
3.934160995483398438e+01
3.745520401000976562e+01
5.017338180541992188e+01
5.385940551757812500e+01
7.139042663574218750e+01
3.037422561645507812e+01
3.269240951538085938e+01
2.725529861450195312e+01
3.719976043701171875e+01
4.500774002075195312e+01
1.581941223144531250e+01
3.285507202148437500e+01
6.692372131347656250e+01
4.761377716064453125e+01
5.780730819702148438e+01
1.167061424255371094e+01
3.423060226440429688e+01
3.862973022460937500e+01
5.657094573974609375e+01
2.414689636230468750e+01
1.972408485412597656e+01
6.676112365722656250e+01
4.536301803588867188e+01
2.455798530578613281e+01
2.666075897216796875e+01
7.233097839355468750e+01
1.941862869262695312e+01
5.589410018920898438e+01
1.881960678100585938e+01
2.771553039550781250e+01
2.958257102966308594e+01
6.176942825317382812e+01
2.244183349609375000e+01
2.695371437072753906e+01
4.078237152099609375e+01
4.642798614501953125e+01
3.246978378295898438e+01
1.850662612915039062e+01
5.878370666503906250e+01
1.474766921997070312e+01
4.700015258789062500e+01
2.903718757629394531e+01
1.123085975646972656e+01
1.384330749511718750e+01
4.209540557861328125e+01
1.906938171386718750e+01
3.433826828002929688e+01
3.557527923583984375e+01
2.765508270263671875e+01
2.927468109130859375e+01
1.469890594482421875e+01
2.535232543945312500e+01
2.747035217285156250e+01
3.510370254516601562e+01
5.477104187011718750e+01
7.460880279541015625e+00
6.650289916992187500e+01
6.660517120361328125e+01
1.455083274841308594e+01
2.773614311218261719e+01
2.688391304016113281e+01
4.173867034912109375e+01
3.867546081542968750e+00
5.039314270019531250e+01
4.590001678466796875e+01
1.490469932556152344e+01
2.916035079956054688e+01
1.945232582092285156e+01
4.814282608032226562e+01
6.522752380371093750e+01
3.915979385375976562e+01
1.709234237670898438e+01
2.363632202148437500e+01
7.344055175781250000e+00
2.390763473510742188e+01
1.635674858093261719e+01
4.942531585693359375e+01
2.010134887695312500e+01
3.866336441040039062e+01
3.311029434204101562e+01
5.046276855468750000e+01
6.003630828857421875e+01
4.658756256103515625e+01
7.956044006347656250e+01
1.751848602294921875e+01
5.975670242309570312e+01
3.061372947692871094e+01
4.440266036987304688e+01
5.072771835327148438e+01
5.159125137329101562e+01
5.319696807861328125e+01
3.448660659790039062e+01
3.232995223999023438e+01
5.213947296142578125e+01
8.626602172851562500e+00
2.728368377685546875e+01
5.363586425781250000e+01
6.522752380371093750e+01
6.125823974609375000e+00
1.151071166992187500e+01
4.959080123901367188e+01
3.696222305297851562e+01
6.324486541748046875e+01
3.719976043701171875e+01
2.331891441345214844e+01
6.802105712890625000e+01
7.657667541503906250e+01
3.993105697631835938e+01
1.596275138854980469e+01
6.947396850585937500e+01
3.342140197753906250e+01
2.154817008972167969e+01
2.635968399047851562e+01
3.846680450439453125e+01
4.069437026977539062e+01
1.250784301757812500e+01
2.219625473022460938e+01
1.266163063049316406e+01
4.593607711791992188e+01
3.924658584594726562e+01
2.410158538818359375e+01
3.379274368286132812e+01
3.642550277709960938e+01
5.320928192138671875e+01
3.401624298095703125e+01
3.420575332641601562e+01
1.162588119506835938e+01
4.801748657226562500e+01
3.592425155639648438e+01
5.467225646972656250e+01
4.251947784423828125e+01
8.729364395141601562e+00
7.215011596679687500e+01
3.340611267089843750e+01
2.377539443969726562e+01
3.151238632202148438e+01
2.939202880859375000e+01
3.928098297119140625e+01
8.507026672363281250e+00
3.024615097045898438e+01
1.974053001403808594e+01
5.307483291625976562e+01
3.005944252014160156e+01
3.258749389648437500e+01
7.073463439941406250e+01
3.282990264892578125e+01
3.277874374389648438e+01
3.542610549926757812e+01
6.750965118408203125e+01
5.792339324951171875e+01
4.362482070922851562e+00
1.537673568725585938e+01
1.542549324035644531e+01
2.729719924926757812e+01
2.962478637695312500e+01
1.257018470764160156e+01
3.403326034545898438e+01
3.884545898437500000e+01
7.966699600219726562e+00
7.122451782226562500e+01
7.038053131103515625e+01
3.402256774902343750e+01
8.454191207885742188e+00
3.781816482543945312e+01
5.476262664794921875e+01
6.743655395507812500e+01
3.772051620483398438e+01
3.787246322631835938e+01
2.366824340820312500e+01
3.013157463073730469e+01
3.759931945800781250e+01
1.274058723449707031e+01
5.032919692993164062e+01
3.567507934570312500e+01
4.814282608032226562e+01
2.963430023193359375e+01
3.506948089599609375e+01
5.230237197875976562e+01
2.034685707092285156e+01
6.003630828857421875e+01
2.771201133728027344e+01
5.443211746215820312e+01
2.990750694274902344e+01
5.496340179443359375e+01
4.617804718017578125e+01
3.191548156738281250e+01
4.047980499267578125e+01
4.055488586425781250e+01
2.993748283386230469e+01
7.351009368896484375e+01
4.338542175292968750e+01
5.847765350341796875e+01
4.468556976318359375e+01
4.000526428222656250e+01
2.125801086425781250e+01
4.225288391113281250e+01
4.646261215209960938e+01
6.713800811767578125e+01
2.360873031616210938e+01
8.162019729614257812e+00
5.227517700195312500e+01
2.099978065490722656e+01
5.252754211425781250e+01
1.214153289794921875e+01
2.156415557861328125e+01
1.537686729431152344e+01
5.705338668823242188e+01
2.683756828308105469e+01
3.242721939086914062e+01
4.499237442016601562e+01
3.401350021362304688e+01
5.489036560058593750e+01
1.159924507141113281e+01
3.568796157836914062e+01
3.700092315673828125e+01
4.458095550537109375e+01
4.874472808837890625e+01
3.239273071289062500e+01
3.537328720092773438e+01
4.285925292968750000e+01
5.430820465087890625e+01
2.942296791076660156e+01
1.793710899353027344e+01
1.860484313964843750e+01
3.093083953857421875e+01
6.910511779785156250e+01
4.074841690063476562e+01
4.559087371826171875e+01
1.220925712585449219e+01
7.276245117187500000e+00
1.261741065979003906e+01
4.594734573364257812e+01
1.385034942626953125e+01
3.796863555908203125e+01
4.054367065429687500e+01
2.931737136840820312e+01
5.488788604736328125e+01
3.398003387451171875e+01
3.276713562011718750e+01
5.376772308349609375e+01
3.140714263916015625e+01
2.832273101806640625e+01
3.875691604614257812e+01
4.569906616210937500e+01
2.317457962036132812e+01
5.720867156982421875e+01
2.750890350341796875e+01
3.017861938476562500e+01
3.305805206298828125e+01
3.922548294067382812e+01
1.541135215759277344e+01
3.616352462768554688e+01
3.568811416625976562e+01
3.826139831542968750e+01
6.324486541748046875e+01
3.477726364135742188e+01
3.847267913818359375e+01
1.427250862121582031e+01
5.500407028198242188e+01
2.306512832641601562e+01
7.123708343505859375e+01
2.114193725585937500e+01
3.093072509765625000e+01
3.001475524902343750e+01
2.960664367675781250e+01
6.560468292236328125e+01
3.973586273193359375e+01
2.388466262817382812e+01
3.130793762207031250e+01
1.831684684753417969e+01
2.709048652648925781e+01
4.849940490722656250e+01
3.374486541748046875e+01
4.063948822021484375e+01
4.417486572265625000e+01
3.169349288940429688e+01
1.483542251586914062e+01
4.403178787231445312e+01
2.634881019592285156e+01
4.468374252319335938e+00
4.874616241455078125e+01
2.436075973510742188e+01
1.107460403442382812e+01
3.887249374389648438e+01
4.787751388549804688e+01
1.638394737243652344e+01
3.782931518554687500e+01
9.486566543579101562e+00
5.733234786987304688e+01
1.913491821289062500e+01
4.830110168457031250e+01
1.527155303955078125e+01
4.700144577026367188e+01
3.078438186645507812e+01
4.063560867309570312e+01
6.560468292236328125e+01
4.316538238525390625e+01
9.637149810791015625e+00
2.653790664672851562e+01
3.317906951904296875e+01
2.374384117126464844e+01
2.569490432739257812e+01
5.568670654296875000e+01
1.612548446655273438e+01
5.350283050537109375e+01
4.557566070556640625e+01
9.585142135620117188e+00
1.489071655273437500e+01
5.733307647705078125e+01
4.532669830322265625e+01
2.959226036071777344e+01
2.429358291625976562e+01
4.804637145996093750e+01
3.167647552490234375e+01
3.240138626098632812e+01
7.657667541503906250e+01
6.587547302246093750e+01
1.613887405395507812e+01
1.195146369934082031e+01
2.108286666870117188e+01
3.871138000488281250e+01
2.973846054077148438e+01
4.031710433959960938e+01
3.630289077758789062e+01
2.383966255187988281e+01
2.906174087524414062e+01
2.982986068725585938e+01
2.601227951049804688e+01
1.033816528320312500e+01
5.884484863281250000e+01
3.132140350341796875e+01
1.878815841674804688e+01
7.408145141601562500e+01
5.338518524169921875e+01
1.290546035766601562e+01
1.015750503540039062e+01
3.636114883422851562e+01
2.205845642089843750e+01
1.556252861022949219e+01
2.418227386474609375e+01
6.507203674316406250e+01
1.849435806274414062e+01
1.620578575134277344e+01
2.363069915771484375e+01
6.324486541748046875e+01
3.871946334838867188e+01
4.840371322631835938e+01
3.767462921142578125e+01
3.255551147460937500e+01
6.910511779785156250e+01
8.963504791259765625e+00
6.003630828857421875e+01
2.478131294250488281e+01
4.356407165527343750e+01
3.856739807128906250e+01
2.745558357238769531e+01
4.675868606567382812e+01
1.683408927917480469e+01
4.091827392578125000e+01
3.042426300048828125e+01
4.541095733642578125e+01
1.418936920166015625e+01
4.405413818359375000e+01
3.227540969848632812e+01
4.271373748779296875e+01
3.955328369140625000e+01
3.755205535888671875e+01
2.656146430969238281e+01
2.241757583618164062e+01
4.126729202270507812e+01
2.698440170288085938e+01
4.939553451538085938e+01
4.565270996093750000e+01
6.850154876708984375e+01
2.236723899841308594e+01
2.187740707397460938e+01
5.340511322021484375e+01
1.248848724365234375e+01
2.216842079162597656e+01
6.973202514648437500e+01
1.974651527404785156e+01
3.993088150024414062e+01
1.214086723327636719e+01
4.069608688354492188e+01
3.878712844848632812e+01
3.508887481689453125e+01
3.272291564941406250e+01
3.788769149780273438e+01
1.366744995117187500e+01
1.333427238464355469e+01
1.032466506958007812e+01
5.416619110107421875e+01
4.278672027587890625e+01
1.069921493530273438e+01
3.728498458862304688e+01
1.813098526000976562e+01
3.309952926635742188e+01
3.262042999267578125e+01
2.586182594299316406e+01
7.055036926269531250e+01
1.974053001403808594e+01
6.775200653076171875e+01
1.456451034545898438e+01
3.913843536376953125e+01
7.386711883544921875e+01
3.764343261718750000e+01
4.154231643676757812e+01
1.878752136230468750e+01
3.685733032226562500e+01
2.467882537841796875e+01
5.532718658447265625e+01
2.705048370361328125e+01
5.118980789184570312e+01
3.668966674804687500e+01
9.015125274658203125e+00
4.715648651123046875e+01
4.739043045043945312e+01
2.963689231872558594e+01
2.121018981933593750e+01
4.070196533203125000e+01
4.290339660644531250e+01
5.252421188354492188e+01
4.848676300048828125e+01
4.668504333496093750e+01
1.840892219543457031e+01
1.948134040832519531e+01
3.623418426513671875e+01
3.769782257080078125e+01
4.432927703857421875e+01
3.608894348144531250e+01
9.177768707275390625e+00
2.539574432373046875e+01
4.033161926269531250e+01
2.562091445922851562e+01
3.820985412597656250e+01
1.187799453735351562e+01
2.132566452026367188e+01
4.321991348266601562e+01
2.640048027038574219e+01
3.652224731445312500e+01
4.328428268432617188e+01
4.996989059448242188e+01
4.321450042724609375e+01
3.039004516601562500e+01
4.861931610107421875e+01
8.242817687988281250e+01
1.770277214050292969e+01
5.280922698974609375e+01
1.381537055969238281e+01
4.783957290649414062e+01
4.074990844726562500e+01
1.382959747314453125e+01
2.929714012145996094e+01
3.849652099609375000e+01
4.554832077026367188e+01
5.963507843017578125e+01
3.649734878540039062e+01
4.855786132812500000e+01
3.599478912353515625e+01
5.995956802368164062e+01
5.636355590820312500e+01
7.264477539062500000e+01
4.377779006958007812e+01
2.401702117919921875e+01
1.356372261047363281e+01
4.198300552368164062e+01
2.001142883300781250e+01
7.575077056884765625e+01
1.264071083068847656e+01
4.544700622558593750e+01
4.015698242187500000e+01
3.329479598999023438e+01
4.073825836181640625e+01
1.991321182250976562e+01
5.185168838500976562e+01
4.898123168945312500e+01
6.685160827636718750e+01
5.385940551757812500e+01
5.760056304931640625e+01
3.468786239624023438e+01
4.293331527709960938e+01
7.408145141601562500e+01
3.324570846557617188e+01
2.979819297790527344e+01
1.587798500061035156e+01
6.299137878417968750e+01
2.648771095275878906e+01
2.967117500305175781e+01
2.569229888916015625e+01
3.422153854370117188e+01
2.523098564147949219e+01
2.181926727294921875e+01
3.955938720703125000e+01
7.388050079345703125e+01
3.016389656066894531e+01
6.652222442626953125e+01
4.340740966796875000e+01
4.695966720581054688e+01
2.983582115173339844e+01
5.764677429199218750e+01
2.610065078735351562e+01
6.910511779785156250e+01
3.668516540527343750e+01
4.814762115478515625e+01
6.746795654296875000e+01
8.086176300048828125e+01
4.691974639892578125e+01
