4.086397933959960938e+01
3.086697387695312500e+01
2.839341926574707031e+01
3.499048233032226562e+01
3.791331863403320312e+01
3.638314056396484375e+01
9.564891815185546875e+00
4.583506393432617188e+01
5.653686523437500000e+00
1.649769783020019531e+01
5.463018798828125000e+01
1.813514137268066406e+01
4.204417800903320312e+01
3.920549774169921875e+01
4.111602783203125000e+01
5.407588577270507812e+01
2.375240516662597656e+01
2.895994186401367188e+01
1.291535186767578125e+01
1.783444786071777344e+01
4.747644042968750000e+01
1.011700630187988281e+01
2.120332145690917969e+01
5.058108520507812500e+01
6.496687316894531250e+01
1.100152778625488281e+01
2.932757568359375000e+01
1.217406654357910156e+01
1.067694473266601562e+01
3.407233428955078125e+01
6.137775039672851562e+01
6.929270935058593750e+01
3.590358352661132812e+01
7.063349914550781250e+01
4.162229919433593750e+01
1.996422958374023438e+01
3.596426773071289062e+01
5.041463088989257812e+01
4.141269683837890625e+01
4.842342758178710938e+01
2.550999450683593750e+01
2.137253761291503906e+01
3.626908874511718750e+01
3.543987655639648438e+01
4.002396774291992188e+01
2.570202827453613281e+01
1.637653350830078125e+01
3.870607757568359375e+01
1.187453269958496094e+01
2.604104995727539062e+01
2.583739471435546875e+01
1.765014076232910156e+01
4.501192855834960938e+01
4.115753173828125000e+01
3.890248870849609375e+01
4.282057571411132812e+01
3.603091812133789062e+01
2.747059249877929688e+01
2.999547195434570312e+01
1.402364158630371094e+01
3.543677139282226562e+01
4.445873641967773438e+01
6.728872680664062500e+01
3.636135864257812500e+01
1.437836837768554688e+01
7.512282562255859375e+01
2.746409225463867188e+01
3.571723175048828125e+01
5.387100219726562500e+01
3.610104370117187500e+01
3.327639770507812500e+01
3.948311996459960938e+01
2.277355766296386719e+01
6.532085418701171875e+01
4.821492004394531250e+01
7.258361816406250000e+01
4.028799057006835938e+01
3.944520187377929688e+01
4.911439514160156250e+01
9.687768936157226562e+00
1.155304908752441406e+01
7.244412231445312500e+01
2.828235435485839844e+01
4.438578796386718750e+01
5.349656677246093750e+01
1.185409164428710938e+01
2.966874122619628906e+01
7.327674102783203125e+01
2.640012931823730469e+01
1.604913139343261719e+01
2.551699066162109375e+01
6.246141815185546875e+01
3.694078063964843750e+01
3.592208099365234375e+01
5.393982696533203125e+01
5.183625030517578125e+01
4.034848403930664062e+01
1.272439575195312500e+01
7.078527832031250000e+01
3.542436218261718750e+01
1.262623786926269531e+01
3.990834045410156250e+01
1.731234359741210938e+01
2.701902770996093750e+01
3.302214813232421875e+01
2.052058792114257812e+01
1.370382881164550781e+01
2.100611114501953125e+01
1.469572448730468750e+01
1.865280723571777344e+01
3.757626342773437500e+01
3.661857223510742188e+01
2.473500823974609375e+01
4.253656005859375000e+01
1.726922988891601562e+01
3.608088302612304688e+01
1.602337074279785156e+01
3.577639389038085938e+01
6.552319335937500000e+01
2.647978019714355469e+01
4.634149551391601562e+01
4.608884048461914062e+01
2.174144554138183594e+01
1.554339981079101562e+01
4.210834503173828125e+01
3.632610321044921875e+01
3.446007919311523438e+01
2.377010536193847656e+01
3.580670166015625000e+01
1.937931632995605469e+01
1.450758361816406250e+01
4.063627243041992188e+01
4.233183288574218750e+01
2.079935646057128906e+01
5.753599548339843750e+01
3.857474136352539062e+01
4.055545043945312500e+01
3.909881973266601562e+01
5.452228546142578125e+01
4.791506958007812500e+01
6.900716781616210938e+00
5.045893478393554688e+01
2.544531250000000000e+01
4.922670745849609375e+01
1.048703193664550781e+01
2.640549850463867188e+01
3.337795639038085938e+01
2.513956642150878906e+01
4.251447677612304688e+01
3.272447967529296875e+01
3.608088302612304688e+01
2.909719085693359375e+01
6.137775039672851562e+01
2.315203857421875000e+01
6.533074951171875000e+01
5.637487030029296875e+01
3.775160217285156250e+01
6.721955108642578125e+01
4.842703247070312500e+01
3.597018051147460938e+01
4.216875839233398438e+01
7.480748748779296875e+01
5.014728927612304688e+01
1.745304107666015625e+01
3.216637802124023438e+01
1.156147575378417969e+01
2.694393920898437500e+01
5.791240692138671875e+01
3.042318725585937500e+01
4.148388290405273438e+01
4.717627334594726562e+01
3.512066650390625000e+01
3.253308105468750000e+01
7.437037658691406250e+01
6.048429870605468750e+01
1.808344650268554688e+01
4.444443130493164062e+01
3.235480117797851562e+01
5.791240692138671875e+01
3.764748764038085938e+01
2.576173400878906250e+01
4.788893127441406250e+01
6.352223968505859375e+01
4.182647323608398438e+01
2.608428955078125000e+01
1.946410751342773438e+01
3.808911132812500000e+01
5.091144561767578125e+01
2.507028961181640625e+01
1.545040512084960938e+01
2.629723548889160156e+01
5.448102951049804688e+01
4.892781066894531250e+01
2.762565994262695312e+01
4.563318634033203125e+01
3.354562759399414062e+01
1.304033088684082031e+01
5.495084381103515625e+01
3.101797103881835938e+01
7.296681213378906250e+01
3.354562759399414062e+01
6.447555541992187500e+01
3.431741714477539062e+01
1.075539779663085938e+01
3.754385375976562500e+01
7.467302703857421875e+01
2.250637626647949219e+01
1.869276428222656250e+01
3.233152389526367188e+01
4.553115844726562500e+01
5.452228546142578125e+01
6.137775039672851562e+01
3.168087005615234375e+01
3.193007659912109375e+01
3.869781875610351562e+01
2.599990653991699219e+01
3.520918273925781250e+01
3.297753524780273438e+01
4.356440353393554688e+01
9.096807479858398438e+00
1.108049201965332031e+01
4.547410202026367188e+01
4.449971008300781250e+01
3.802420043945312500e+01
4.349236679077148438e+01
3.228475189208984375e+01
4.350950241088867188e+01
5.492544937133789062e+01
3.287071609497070312e+01
3.549763107299804688e+01
5.398200225830078125e+01
3.651393127441406250e+01
4.126762771606445312e+01
4.177292251586914062e+01
2.453899765014648438e+01
3.999559020996093750e+01
3.367179489135742188e+01
1.048617172241210938e+01
2.657799911499023438e+01
1.709113883972167969e+01
4.365933990478515625e+01
2.456031990051269531e+01
5.105525207519531250e+01
5.384579467773437500e+01
4.191272735595703125e+01
3.263704681396484375e+01
1.805671119689941406e+01
3.298827362060546875e+01
3.864089202880859375e+01
4.510963439941406250e+01
3.511207962036132812e+01
1.621844863891601562e+01
6.643247604370117188e+00
5.367327880859375000e+01
3.340109252929687500e+01
5.183121490478515625e+01
4.040772247314453125e+01
3.355661773681640625e+01
4.075797653198242188e+01
7.152280426025390625e+01
1.295302200317382812e+01
3.800008392333984375e+01
3.528053283691406250e+01
2.113559341430664062e+01
3.070734596252441406e+01
3.083246994018554688e+01
3.672754287719726562e+01
3.073395919799804688e+01
3.480606079101562500e+01
4.674757385253906250e+01
4.170096206665039062e+01
2.693926620483398438e+01
1.783273506164550781e+01
3.351115417480468750e+01
6.533074951171875000e+01
5.152327728271484375e+01
4.063447952270507812e+01
3.844873046875000000e+01
1.820973968505859375e+01
2.361588287353515625e+01
1.286139488220214844e+01
5.133510589599609375e+01
2.509924316406250000e+01
2.170711708068847656e+01
3.366017150878906250e+01
2.645319747924804688e+01
3.565981674194335938e+01
3.711043167114257812e+01
2.745408058166503906e+01
7.032608032226562500e+01
5.560395050048828125e+01
4.059135055541992188e+01
5.531509399414062500e+01
4.050582885742187500e+01
3.282806396484375000e+01
1.056735610961914062e+01
6.047512817382812500e+01
1.123180580139160156e+01
3.919077301025390625e+01
5.586301803588867188e+01
2.931168746948242188e+01
4.361853027343750000e+01
1.902458953857421875e+01
6.596709442138671875e+01
2.444377899169921875e+01
1.499087715148925781e+01
4.514887619018554688e+01
5.719591522216796875e+01
1.633598899841308594e+01
5.424919128417968750e+01
2.050008010864257812e+01
6.649487304687500000e+01
5.080516815185546875e+01
3.983231735229492188e+01
4.855797195434570312e+01
4.050419235229492188e+01
6.102425384521484375e+01
4.510963439941406250e+01
2.362343978881835938e+01
3.564705657958984375e+01
3.985060882568359375e+01
3.011935043334960938e+01
4.141223144531250000e+01
3.814434051513671875e+01
4.415160369873046875e+01
2.446341133117675781e+01
3.170988655090332031e+01
1.986416625976562500e+01
4.501470947265625000e+01
4.989099502563476562e+01
4.842610168457031250e+01
2.827559852600097656e+01
4.258116531372070312e+01
3.992950820922851562e+01
2.708608627319335938e+01
3.842308044433593750e+01
5.419278717041015625e+01
2.970615577697753906e+01
2.575486755371093750e+01
2.514944458007812500e+01
6.822151184082031250e+01
5.697254180908203125e+01
2.276408958435058594e+01
2.273903656005859375e+01
2.848240280151367188e+01
3.185904693603515625e+01
4.187092208862304688e+01
4.104128265380859375e+01
1.888667678833007812e+01
7.001434326171875000e+01
4.090314102172851562e+01
3.161494445800781250e+01
1.357725906372070312e+01
3.766898727416992188e+01
2.672433090209960938e+01
1.864160537719726562e+01
5.431897354125976562e+01
3.948530578613281250e+01
1.091185569763183594e+01
5.780173492431640625e+01
2.986532020568847656e+01
3.940345382690429688e+01
2.836620521545410156e+01
7.087747192382812500e+01
2.616748809814453125e+01
5.414020538330078125e+01
3.946729660034179688e+01
2.248700904846191406e+01
4.033640289306640625e+01
2.096788024902343750e+01
4.485870361328125000e+01
2.522850799560546875e+01
2.043204116821289062e+01
4.671496582031250000e+01
2.788620185852050781e+01
1.067456626892089844e+01
3.217718887329101562e+01
2.645640945434570312e+01
1.637091445922851562e+01
4.118424987792968750e+01
1.940748977661132812e+01
5.158546447753906250e+01
5.037464141845703125e+01
2.224348449707031250e+01
2.085495376586914062e+01
3.577639389038085938e+01
4.098809051513671875e+01
4.606086349487304688e+01
2.534926605224609375e+01
3.652586364746093750e+01
5.294513320922851562e+01
1.848294067382812500e+01
3.692934417724609375e+01
3.956013870239257812e+01
3.354562759399414062e+01
3.195476722717285156e+01
4.909704589843750000e+01
1.419189453125000000e+01
7.108620452880859375e+01
4.102068710327148438e+01
3.975254058837890625e+01
2.054904747009277344e+01
5.307047271728515625e+01
1.131009864807128906e+01
3.603108215332031250e+01
3.108808326721191406e+01
3.244779586791992188e+01
2.920617675781250000e+01
3.401469802856445312e+01
5.500087738037109375e+01
5.735137176513671875e+01
3.979407119750976562e+01
3.631525421142578125e+01
5.131040954589843750e+01
1.853846359252929688e+01
1.436512756347656250e+01
3.069231796264648438e+01
2.586058425903320312e+01
3.418969726562500000e+01
2.947679519653320312e+01
4.098625564575195312e+01
5.088968276977539062e+01
2.470053863525390625e+01
2.559632110595703125e+01
1.581302452087402344e+01
6.438229370117187500e+01
1.445851325988769531e+01
7.244412231445312500e+01
5.903439712524414062e+01
7.014340972900390625e+01
2.574632453918457031e+01
5.152327728271484375e+01
3.956669235229492188e+01
3.573855209350585938e+01
5.032321166992187500e+01
4.859287261962890625e+01
3.832134246826171875e+01
1.862927246093750000e+01
1.048564529418945312e+01
5.523300170898437500e+01
5.715297698974609375e+01
3.657265472412109375e+01
2.802636528015136719e+01
3.466205978393554688e+01
2.927678108215332031e+01
7.467302703857421875e+01
1.035179519653320312e+01
3.638095855712890625e+01
6.347597503662109375e+01
4.247173309326171875e+01
1.979182815551757812e+01
3.266613006591796875e+01
3.849760818481445312e+01
2.337908744812011719e+01
3.632701492309570312e+01
4.930508422851562500e+01
4.577667236328125000e+00
4.263047790527343750e+01
3.774467849731445312e+01
1.385234642028808594e+01
5.076503753662109375e+01
3.815781784057617188e+01
3.864813613891601562e+01
5.925806427001953125e+01
2.472326278686523438e+01
7.186651229858398438e+00
2.758549880981445312e+01
6.872586059570312500e+01
3.667321777343750000e+01
3.060985183715820312e+01
5.479430389404296875e+01
4.733354949951171875e+01
3.156470108032226562e+01
5.473238754272460938e+01
1.591020011901855469e+01
6.205883026123046875e+01
4.178350067138671875e+01
5.579701232910156250e+01
3.725091171264648438e+01
4.901316070556640625e+01
1.486051177978515625e+01
5.152327728271484375e+01
2.458693313598632812e+01
1.481586456298828125e+01
4.848435211181640625e+01
7.750983428955078125e+01
4.292559814453125000e+01
1.107696342468261719e+01
4.614956665039062500e+01
2.746292304992675781e+01
2.144102096557617188e+01
7.144303894042968750e+01
3.668312072753906250e+01
4.229646301269531250e+01
4.033789062500000000e+01
7.318374633789062500e+01
1.223757553100585938e+01
2.420110321044921875e+01
4.165790557861328125e+01
4.826350021362304688e+01
2.221265792846679688e+01
6.240176010131835938e+01
3.363895034790039062e+01
3.568431854248046875e+01
1.780156898498535156e+01
2.149225044250488281e+01
2.059398078918457031e+01
3.414330291748046875e+01
3.136155509948730469e+01
3.225169372558593750e+01
3.681188964843750000e+01
3.965895843505859375e+01
1.159861946105957031e+01
1.863895988464355469e+01
3.565173339843750000e+01
2.610074234008789062e+01
5.452228546142578125e+01
4.692167282104492188e+01
4.817957305908203125e+01
2.654798126220703125e+01
3.314624786376953125e+01
2.129672813415527344e+01
6.559247589111328125e+01
4.613130569458007812e+01
4.510963439941406250e+01
1.548218345642089844e+01
1.593744468688964844e+01
3.857144927978515625e+01
1.761661720275878906e+01
5.136701583862304688e+01
4.128976821899414062e+01
3.008885955810546875e+01
2.798157501220703125e+01
2.928740119934082031e+01
2.184513854980468750e+01
4.651817321777343750e+01
3.809947967529296875e+01
3.991911315917968750e+01
1.351531028747558594e+01
3.545182418823242188e+01
5.166115570068359375e+01
3.070528793334960938e+01
4.396128082275390625e+01
4.079514694213867188e+01
1.410430145263671875e+01
2.271584320068359375e+01
3.662370300292968750e+01
2.096109771728515625e+01
5.109468078613281250e+01
4.623479080200195312e+01
3.302032470703125000e+01
3.782939910888671875e+01
6.056590270996093750e+01
4.603685760498046875e+01
3.851893615722656250e+01
4.058328628540039062e+01
3.229253387451171875e+01
1.354653739929199219e+01
2.404491043090820312e+01
3.979407119750976562e+01
1.245532989501953125e+01
3.695780944824218750e+01
3.643240356445312500e+01
2.849519348144531250e+01
1.514384841918945312e+01
3.072925567626953125e+01
3.571149826049804688e+01
1.007028198242187500e+01
2.713480377197265625e+01
5.924823760986328125e+01
2.049291038513183594e+01
3.629659271240234375e+01
1.770498275756835938e+01
3.249176025390625000e+01
3.542193222045898438e+01
3.638404464721679688e+01
4.422312927246093750e+01
4.468724060058593750e+01
1.306516456604003906e+01
1.318050765991210938e+01
4.090714263916015625e+01
4.206510543823242188e+01
6.253057479858398438e+00
2.277835464477539062e+01
2.412830734252929688e+01
3.741153335571289062e+01
1.618305206298828125e+01
4.855486679077148438e+01
5.022525024414062500e+01
4.425138092041015625e+01
4.659200668334960938e+01
4.530245971679687500e+01
4.144318771362304688e+01
4.651817321777343750e+01
3.955715942382812500e+01
7.219831466674804688e+00
3.759986495971679688e+01
1.740131187438964844e+01
1.622536659240722656e+01
3.750408172607421875e+01
5.478604888916015625e+01
3.050980567932128906e+01
1.275692367553710938e+01
2.954352378845214844e+01
2.554896545410156250e+01
1.306530380249023438e+01
2.460739517211914062e+01
3.205492782592773438e+01
3.460277557373046875e+01
1.032199096679687500e+01
2.210229492187500000e+01
3.277146530151367188e+01
2.310700607299804688e+01
2.547743797302246094e+01
1.570598411560058594e+01
1.155527114868164062e+01
2.607662010192871094e+01
3.182662582397460938e+01
3.439871215820312500e+01
3.217523956298828125e+01
4.845803833007812500e+01
2.505886077880859375e+01
7.756927490234375000e+00
3.293642044067382812e+01
4.530525588989257812e+01
4.116035842895507812e+01
3.174387359619140625e+01
1.455791854858398438e+01
2.947624397277832031e+01
3.572313690185546875e+01
2.926991271972656250e+01
5.492026519775390625e+01
3.950920486450195312e+01
1.839672851562500000e+01
1.476976203918457031e+01
2.954352378845214844e+01
2.757749938964843750e+01
3.824766540527343750e+01
5.343687438964843750e+01
4.132722091674804688e+01
4.019397735595703125e+01
4.885972595214843750e+01
1.119205284118652344e+01
4.425251770019531250e+01
1.636729621887207031e+01
3.271995544433593750e+01
3.297270202636718750e+01
2.649961471557617188e+01
3.505958175659179688e+01
6.206261062622070312e+01
2.710828399658203125e+01
4.013752365112304688e+01
4.466281890869140625e+01
3.699481964111328125e+00
2.600757408142089844e+01
7.244412231445312500e+01
1.665379333496093750e+01
2.859481430053710938e+01
3.738312530517578125e+01
4.488641357421875000e+01
4.651817321777343750e+01
3.440297698974609375e+01
1.532083129882812500e+01
3.623004531860351562e+01
1.239414787292480469e+01
4.882517242431640625e+01
2.774772453308105469e+01
3.654960250854492188e+01
3.575964736938476562e+01
5.403097152709960938e+01
3.985522079467773438e+01
4.802510833740234375e+01
3.606254196166992188e+01
5.193870544433593750e+01
4.176202392578125000e+01
3.338862228393554688e+01
2.661488533020019531e+01
1.550048446655273438e+01
1.079383087158203125e+01
4.076987838745117188e+01
2.160239791870117188e+01
3.437497329711914062e+01
4.040105819702148438e+01
2.928232192993164062e+01
4.033377075195312500e+01
1.949633407592773438e+01
2.575486755371093750e+01
3.659233093261718750e+01
3.679051589965820312e+01
4.947574996948242188e+01
5.685095214843750000e+01
6.559247589111328125e+01
9.491172790527343750e+00
3.454273986816406250e+01
4.161400222778320312e+01
4.661132049560546875e+01
3.287615203857421875e+01
2.623884201049804688e+01
3.161684226989746094e+01
5.568833541870117188e+01
3.563315963745117188e+01
3.774666595458984375e+01
2.508299255371093750e+01
1.376646041870117188e+01
1.315818405151367188e+01
7.156536102294921875e+00
4.971561050415039062e+01
4.115656280517578125e+01
3.132714271545410156e+01
5.759842300415039062e+01
5.941564559936523438e+01
6.492100524902343750e+01
3.637528228759765625e+01
3.319281005859375000e+01
1.817735099792480469e+01
1.473673629760742188e+01
2.788660049438476562e+01
6.485192108154296875e+01
5.348463439941406250e+01
2.624684906005859375e+01
6.559247589111328125e+01
5.335315704345703125e+00
5.822889709472656250e+01
3.483169937133789062e+01
5.205632019042968750e+01
3.015095710754394531e+01
2.274193572998046875e+01
3.667327880859375000e+01
4.891227722167968750e+01
2.114409828186035156e+01
2.892125701904296875e+01
2.309177780151367188e+01
5.705813598632812500e+01
1.305810165405273438e+01
3.256105804443359375e+01
3.072133445739746094e+01
5.315367126464843750e+01
4.894903564453125000e+01
5.214701843261718750e+01
1.807245063781738281e+01
8.251123428344726562e+00
1.638388252258300781e+01
2.501215744018554688e+01
2.100611114501953125e+01
2.939829826354980469e+01
5.221422195434570312e+01
3.150472831726074219e+01
5.015308761596679688e+01
3.530162429809570312e+01
2.170483398437500000e+01
5.178503036499023438e+01
2.114846229553222656e+01
4.982242202758789062e+01
5.968955230712890625e+01
5.866982650756835938e+01
4.212337493896484375e+01
5.937584686279296875e+01
3.923260116577148438e+01
5.479010772705078125e+01
2.209010314941406250e+01
3.847118759155273438e+01
1.866372108459472656e+01
4.443788909912109375e+01
7.646812438964843750e+01
3.052784538269042969e+01
2.863111877441406250e+01
2.822611045837402344e+01
8.534006118774414062e+00
2.410218811035156250e+01
2.990080833435058594e+01
3.951027297973632812e+01
5.759842300415039062e+01
2.554101562500000000e+01
1.651876831054687500e+01
2.182564926147460938e+01
6.438229370117187500e+01
3.684528732299804688e+01
5.494138336181640625e+01
1.644490623474121094e+01
3.007895088195800781e+01
4.938308334350585938e+01
5.845832824707031250e+01
1.628466987609863281e+01
3.044643402099609375e+01
1.494764137268066406e+01
4.207543182373046875e+01
3.519594955444335938e+01
1.104555892944335938e+01
3.805994796752929688e+01
2.728266716003417969e+01
2.555614852905273438e+01
8.976165771484375000e+00
4.203710556030273438e+01
3.949637603759765625e+01
6.682499694824218750e+01
3.949792480468750000e+01
2.694328308105468750e+01
3.428111267089843750e+01
1.990055084228515625e+01
4.837410354614257812e+01
3.243206787109375000e+01
1.537780380249023438e+01
3.179810714721679688e+01
3.277235412597656250e+01
3.086767196655273438e+01
4.124264144897460938e+01
4.208551788330078125e+01
6.025572967529296875e+01
6.004408264160156250e+01
2.257954025268554688e+01
3.654881668090820312e+01
1.447456359863281250e+01
2.227348899841308594e+01
2.333546829223632812e+01
3.273141479492187500e+01
2.139995574951171875e+01
3.354562759399414062e+01
7.403060913085937500e+01
1.873821830749511719e+01
3.008642768859863281e+01
1.694151306152343750e+01
1.142426109313964844e+01
6.487585449218750000e+01
3.759387969970703125e+01
9.543416976928710938e+00
3.773106384277343750e+01
1.627900505065917969e+01
3.843296051025390625e+01
3.650599670410156250e+01
2.816796493530273438e+01
5.482815933227539062e+01
2.515578651428222656e+01
4.960398864746093750e+01
2.273749732971191406e+01
3.167664337158203125e+01
7.414590454101562500e+01
6.930427551269531250e+01
6.447041320800781250e+01
1.840089225769042969e+01
3.148925590515136719e+01
6.355259704589843750e+01
5.274843215942382812e+01
2.857808303833007812e+01
6.593746948242187500e+01
1.211175346374511719e+01
3.484907913208007812e+01
3.680310440063476562e+01
4.413896179199218750e+01
4.456666564941406250e+01
2.671595954895019531e+01
1.618466949462890625e+01
1.490829849243164062e+01
4.218397140502929688e+01
2.740027427673339844e+01
1.331180953979492188e+01
6.850969696044921875e+01
4.534930419921875000e+01
1.811065292358398438e+01
2.262196350097656250e+01
3.201440429687500000e+01
3.386735534667968750e+01
4.691721343994140625e+01
4.426988983154296875e+01
6.386264038085937500e+01
3.524893569946289062e+01
1.380571174621582031e+01
1.493369102478027344e+01
6.309739303588867188e+01
5.113516235351562500e+01
2.898681449890136719e+01
2.936969184875488281e+01
5.132601928710937500e+01
9.210035324096679688e+00
4.681190490722656250e+01
1.084025192260742188e+01
3.979407119750976562e+01
1.143486213684082031e+01
4.418000793457031250e+01
4.253802490234375000e+01
2.481314659118652344e+01
5.199852752685546875e+01
2.499271774291992188e+01
3.370901107788085938e+01
2.716261672973632812e+01
5.449324798583984375e+01
3.865041351318359375e+01
2.631492614746093750e+01
3.256494140625000000e+01
1.356890678405761719e+01
5.288636779785156250e+01
3.515428543090820312e+01
2.877583312988281250e+01
7.467302703857421875e+01
2.954352378845214844e+01
3.172558593750000000e+01
8.640272140502929688e+00
2.626468276977539062e+01
3.690652465820312500e+01
2.771379852294921875e+01
2.868220138549804688e+01
5.665336227416992188e+01
8.819925308227539062e+00
1.440262413024902344e+01
4.407326889038085938e+01
1.986883163452148438e+01
3.393643569946289062e+01
3.215929031372070312e+01
3.011570739746093750e+01
2.927581405639648438e+01
4.175959396362304688e+01
7.467302703857421875e+01
2.940544128417968750e+01
1.777758216857910156e+01
4.461194610595703125e+01
2.553035354614257812e+01
6.510843658447265625e+01
4.510963439941406250e+01
5.249706268310546875e+01
5.425135040283203125e+01
3.376038360595703125e+01
1.885100555419921875e+01
4.835666656494140625e+01
3.795220565795898438e+01
1.875253868103027344e+01
5.017604827880859375e+01
4.678937911987304688e+01
2.235310554504394531e+01
