3.209705734252929688e+01
2.721639060974121094e+01
3.244522857666015625e+01
2.519536590576171875e+01
4.335270309448242188e+01
3.063217735290527344e+01
3.768611526489257812e+01
1.711162376403808594e+01
1.805077934265136719e+01
5.187953567504882812e+01
4.108602905273437500e+01
1.079463005065917969e+01
3.641364288330078125e+01
5.838146972656250000e+01
3.324243927001953125e+01
3.067478179931640625e+01
1.914223670959472656e+01
5.743085479736328125e+01
4.585470962524414062e+01
2.661316299438476562e+01
3.907032775878906250e+01
5.085427856445312500e+01
5.557969665527343750e+01
2.964604949951171875e+01
6.883943176269531250e+01
4.425714874267578125e+01
3.610181808471679688e+01
2.373962211608886719e+01
1.987702560424804688e+01
7.052577209472656250e+01
5.362803649902343750e+01
1.757612419128417969e+01
1.758873558044433594e+01
3.137908363342285156e+01
2.886153411865234375e+01
3.532547378540039062e+01
3.277372741699218750e+01
4.297568511962890625e+01
3.923372650146484375e+01
9.337865829467773438e+00
3.022835922241210938e+01
6.588845062255859375e+01
3.856729125976562500e+01
6.711156845092773438e+00
2.507653808593750000e+01
1.588834762573242188e+01
5.034409713745117188e+01
1.222134590148925781e+01
5.466927337646484375e+01
4.004711532592773438e+01
2.417250442504882812e+01
5.272581481933593750e+01
4.588899993896484375e+01
1.645438385009765625e+01
3.535744857788085938e+01
6.433850860595703125e+01
1.416487884521484375e+01
2.442926597595214844e+01
2.833512115478515625e+01
2.202304077148437500e+01
1.553740882873535156e+01
3.511353683471679688e+01
3.238602066040039062e+01
4.178476715087890625e+01
6.649297332763671875e+01
9.122941970825195312e+00
6.952151489257812500e+01
2.829445266723632812e+01
3.685124588012695312e+01
2.351578330993652344e+01
6.692701721191406250e+01
1.541972923278808594e+01
2.267729568481445312e+01
3.489530181884765625e+01
4.340234756469726562e+01
2.952648353576660156e+01
3.914218902587890625e+01
1.004493331909179688e+01
2.596426773071289062e+01
3.685332489013671875e+01
3.094273757934570312e+01
3.699027252197265625e+01
4.753989028930664062e+01
2.817047500610351562e+01
4.988691711425781250e+01
7.520821380615234375e+01
3.105726242065429688e+01
3.737006759643554688e+01
3.044054031372070312e+01
5.304535675048828125e+01
3.279993057250976562e+01
6.161710739135742188e+00
4.557037353515625000e+01
2.106517601013183594e+01
2.288279724121093750e+01
5.670008087158203125e+01
2.871799659729003906e+01
4.103855133056640625e+01
4.119802856445312500e+01
3.519356918334960938e+01
6.389459228515625000e+01
4.893804550170898438e+00
4.115408325195312500e+01
2.821258544921875000e+01
2.767596054077148438e+01
9.277547836303710938e+00
4.739900970458984375e+01
1.415593338012695312e+01
4.190254211425781250e+01
2.003190994262695312e+01
6.348865509033203125e+01
1.753712844848632812e+01
1.064697265625000000e+01
3.205063247680664062e+01
4.892694854736328125e+01
5.477775573730468750e+01
4.276391983032226562e+01
3.464103698730468750e+01
3.240085601806640625e+01
5.057454299926757812e+01
3.182337570190429688e+01
3.832825851440429688e+01
1.908614730834960938e+01
3.390411758422851562e+01
3.842939376831054688e+01
6.539452362060546875e+01
3.005468750000000000e+01
2.087290954589843750e+01
3.502281570434570312e+01
2.768244934082031250e+01
5.798823928833007812e+01
2.291324806213378906e+01
2.004354476928710938e+01
2.108649444580078125e+01
5.233818054199218750e+01
3.971710968017578125e+01
8.760850906372070312e+00
4.186464309692382812e+01
5.743085479736328125e+01
4.505720138549804688e+01
3.675259399414062500e+01
5.510357666015625000e+01
1.348822212219238281e+01
2.968395233154296875e+01
3.237162399291992188e+01
4.417605209350585938e+01
3.768148422241210938e+01
1.980221366882324219e+01
3.386950683593750000e+01
3.421332168579101562e+01
3.090520286560058594e+01
2.882892799377441406e+01
9.146732330322265625e+00
2.747930145263671875e+01
9.362777709960937500e+00
1.089533805847167969e+01
7.096091461181640625e+01
3.402032089233398438e+01
3.459040451049804688e+01
5.086966705322265625e+01
5.957018280029296875e+01
6.589102172851562500e+01
4.540332031250000000e+01
2.226714706420898438e+01
2.389479064941406250e+01
3.115966415405273438e+01
4.589141845703125000e+01
4.499911880493164062e+01
3.406311035156250000e+01
3.207878112792968750e+01
1.483920288085937500e+01
1.304911422729492188e+01
2.764828872680664062e+01
4.602313613891601562e+01
3.049294853210449219e+01
4.858351898193359375e+01
4.119552612304687500e+01
3.557710266113281250e+01
3.822819519042968750e+01
3.869695663452148438e+01
-4.987716674804687500e-01
3.121981430053710938e+01
4.579926300048828125e+01
2.125639343261718750e+01
4.588429641723632812e+01
5.851439285278320312e+01
5.061298751831054688e+01
2.085824012756347656e+01
5.334884643554687500e+01
3.100191307067871094e+01
2.704961013793945312e+01
2.451930236816406250e+01
4.008479309082031250e+01
2.944178199768066406e+01
4.100503921508789062e+01
4.865440750122070312e+01
1.076359558105468750e+01
2.971798896789550781e+01
1.567449760437011719e+01
1.114190101623535156e+01
4.165459442138671875e+01
4.164264297485351562e+01
7.579776763916015625e+00
4.602854919433593750e+01
3.069715690612792969e+01
5.597277450561523438e+01
3.955103683471679688e+01
6.011161804199218750e+01
1.607167625427246094e+01
1.752258872985839844e+01
4.045461273193359375e+01
4.877080535888671875e+01
5.790428543090820312e+01
2.448257827758789062e+01
5.866905212402343750e+01
6.200088500976562500e+01
4.366805267333984375e+01
4.183177566528320312e+01
5.296466827392578125e+01
1.758842849731445312e+01
3.823340606689453125e+01
3.971049118041992188e+01
3.182337570190429688e+01
3.540217590332031250e+01
3.811119842529296875e+01
3.235873413085937500e+01
7.208847045898437500e+01
4.054041290283203125e+01
2.244590759277343750e+01
2.339924621582031250e+01
3.082458686828613281e+01
5.382322311401367188e+01
2.817370414733886719e+01
5.231908798217773438e+01
3.391408157348632812e+01
1.914293479919433594e+01
5.775445938110351562e+01
3.780447387695312500e+01
2.876302528381347656e+01
4.560049438476562500e+01
3.731975173950195312e+01
5.728054046630859375e+01
4.264541625976562500e+01
7.240263366699218750e+01
5.339459228515625000e+01
5.209711837768554688e+01
3.762479400634765625e+01
4.807995986938476562e+01
7.470977783203125000e+01
3.651267623901367188e+01
6.274023056030273438e+01
4.144984054565429688e+01
1.454840850830078125e+01
3.445292282104492188e+01
2.347940444946289062e+01
3.237200927734375000e+01
3.560319519042968750e+01
2.924010467529296875e+01
2.871921157836914062e+01
5.200253295898437500e+01
2.457198333740234375e+01
4.300300216674804688e+01
5.334884643554687500e+01
2.011387634277343750e+01
4.096426391601562500e+01
2.914833450317382812e+01
2.327838706970214844e+01
1.224682426452636719e+01
2.373372268676757812e+01
3.877092361450195312e+01
3.486035919189453125e+01
3.086168289184570312e+01
6.905928802490234375e+01
1.618008422851562500e+01
3.595775985717773438e+01
1.802263641357421875e+01
3.118617630004882812e+01
1.274167251586914062e+01
3.248745727539062500e+01
4.223330307006835938e+01
3.393273544311523438e+01
4.170188903808593750e+01
5.056221771240234375e+01
3.576198196411132812e+01
2.204327011108398438e+01
2.037598609924316406e+01
4.223219680786132812e+01
1.370279884338378906e+01
3.441265487670898438e+01
3.795671844482421875e+01
6.369569396972656250e+01
3.875038528442382812e+01
5.648458480834960938e+00
6.761323928833007812e+00
5.229809570312500000e+01
2.426760292053222656e+01
3.070676422119140625e+01
1.715490341186523438e+01
2.642403984069824219e+01
4.251953125000000000e+01
3.671817016601562500e+01
1.157869338989257812e+01
1.262278938293457031e+01
1.432816314697265625e+01
5.743085479736328125e+01
3.645790481567382812e+01
6.480564117431640625e+00
5.413098144531250000e+01
6.630518341064453125e+01
1.364445877075195312e+01
3.706298446655273438e+01
4.917462158203125000e+01
6.706655883789062500e+01
2.725928497314453125e+01
4.255369949340820312e+01
5.054392242431640625e+01
5.984147644042968750e+01
3.884992980957031250e+01
2.601772689819335938e+01
4.473389434814453125e+01
1.285041809082031250e+01
4.369636154174804688e+01
2.822907829284667969e+01
3.357153701782226562e+01
2.089286804199218750e+01
3.317475509643554688e+01
2.115634155273437500e+01
5.127696228027343750e+01
1.438647842407226562e+01
3.429142379760742188e+01
4.090652847290039062e+01
2.077061462402343750e+01
4.893437957763671875e+01
3.585778045654296875e+01
1.280692863464355469e+01
6.762254333496093750e+01
3.403536987304687500e+01
5.175319290161132812e+01
3.915091705322265625e+01
1.407249832153320312e+01
6.383267211914062500e+01
6.443928527832031250e+01
2.861904144287109375e+01
3.915091705322265625e+01
2.490445709228515625e+01
3.393273544311523438e+01
2.407007980346679688e+01
3.135313415527343750e+01
2.052478408813476562e+01
6.333087921142578125e+01
5.937464904785156250e+01
1.949563598632812500e+01
2.830973243713378906e+01
5.841416168212890625e+01
4.026282882690429688e+01
2.469861030578613281e+01
3.678209686279296875e+01
1.407344245910644531e+01
3.282500457763671875e+01
2.522047042846679688e+01
3.474602890014648438e+01
3.868207168579101562e+01
1.031339263916015625e+01
3.073303222656250000e+00
5.875049591064453125e+01
5.012313842773437500e+01
3.597729492187500000e+01
3.761970901489257812e+01
5.587199401855468750e+01
4.344141769409179688e+01
2.273115539550781250e+01
1.055097770690917969e+01
1.950228691101074219e+01
4.803672790527343750e+01
4.497828674316406250e+01
6.143708419799804688e+01
3.823016738891601562e+01
4.013307189941406250e+01
2.648542404174804688e+01
2.109949684143066406e+01
2.592912101745605469e+01
1.720688819885253906e+01
3.017865180969238281e+01
7.570317077636718750e+01
3.550700759887695312e+01
3.405573654174804688e+01
4.515061950683593750e+01
5.581809997558593750e+01
9.492046356201171875e+00
2.568506431579589844e+01
6.634964752197265625e+01
5.398863220214843750e+01
4.241514205932617188e+01
3.596842193603515625e+01
5.510166931152343750e+01
1.067421722412109375e+01
4.245826339721679688e+01
3.901524734497070312e+01
3.676787567138671875e+01
2.325667381286621094e+01
5.842982482910156250e+01
1.812875175476074219e+01
2.397926330566406250e+01
2.685394096374511719e+01
7.297978210449218750e+01
9.240026473999023438e+00
3.208484649658203125e+01
4.616490173339843750e+01
1.242341995239257812e+01
1.805346488952636719e+01
4.230065155029296875e+01
4.520013427734375000e+01
3.422513580322265625e+01
4.232895660400390625e+01
3.816049194335937500e+01
1.914424133300781250e+01
7.761575317382812500e+01
1.922274780273437500e+01
4.041572189331054688e+01
5.014073562622070312e+01
5.601225280761718750e+01
1.078861236572265625e+01
1.373515129089355469e+01
5.871801376342773438e+01
6.746992492675781250e+01
3.910712051391601562e+01
3.704180908203125000e+01
1.763784408569335938e+01
5.835524749755859375e+01
3.760422134399414062e+01
1.357334327697753906e+01
5.310490417480468750e+01
3.393273544311523438e+01
7.893447875976562500e+01
3.914699554443359375e+00
2.010082244873046875e+01
3.567734527587890625e+01
1.534896469116210938e+01
3.719683074951171875e+01
4.341737747192382812e+01
4.951683044433593750e+01
4.030330276489257812e+01
2.201479148864746094e+01
6.624897766113281250e+01
5.417262268066406250e+01
1.605697822570800781e+01
2.423512077331542969e+01
4.239432525634765625e+01
3.118420982360839844e+01
4.181366348266601562e+01
3.460802841186523438e+01
1.038578414916992188e+01
7.282751464843750000e+01
3.878012847900390625e+01
2.282933044433593750e+01
5.569232940673828125e+01
5.129991912841796875e+01
4.089572906494140625e+01
1.726373863220214844e+01
3.118877983093261719e+01
3.186021423339843750e+01
6.649631500244140625e+01
3.986593627929687500e+01
2.575724029541015625e+01
5.048569869995117188e+01
5.075793075561523438e+01
7.150846481323242188e+00
3.907050323486328125e+01
3.613293457031250000e+01
3.845265197753906250e+01
1.418787002563476562e+01
2.776529693603515625e+01
1.024782371520996094e+01
5.174739837646484375e+01
2.926123428344726562e+01
4.220063781738281250e+01
3.728118515014648438e+01
6.771006774902343750e+01
1.552805709838867188e+01
2.425827407836914062e+01
2.237724685668945312e+01
3.668608474731445312e+01
3.090319061279296875e+01
3.777116775512695312e+01
4.400745010375976562e+01
7.570317077636718750e+01
3.419770050048828125e+01
3.018914794921875000e+01
2.556444931030273438e+01
2.872600555419921875e+01
3.989641189575195312e+00
5.286658477783203125e+01
3.623443984985351562e+01
3.733702468872070312e+01
6.692701721191406250e+01
1.736927223205566406e+01
3.051139640808105469e+01
2.226192855834960938e+01
3.329212951660156250e+01
5.111388778686523438e+01
3.454543304443359375e+01
5.420497131347656250e+01
3.134331893920898438e+01
2.448890304565429688e+01
3.305604934692382812e+01
4.079402923583984375e+00
1.941077423095703125e+01
2.250848770141601562e+01
1.255625152587890625e+01
3.411281585693359375e+01
3.824706268310546875e+01
2.758094024658203125e+01
1.310025024414062500e+01
3.272893905639648438e+01
5.228787231445312500e+01
5.304560089111328125e+01
6.341169357299804688e+00
6.200088500976562500e+01
4.155180358886718750e+01
7.685646057128906250e+00
2.607036590576171875e+01
5.097231674194335938e+01
3.203084564208984375e+01
4.401245117187500000e+01
3.845254516601562500e+01
4.149769973754882812e+01
7.363806152343750000e+01
4.588584136962890625e+01
1.347227668762207031e+01
4.413055801391601562e+01
3.938140106201171875e+01
3.410294723510742188e+01
1.470641899108886719e+01
6.827001190185546875e+01
2.401078033447265625e+01
4.065799713134765625e+00
7.237985229492187500e+01
1.148022651672363281e+01
1.675527381896972656e+01
3.431333923339843750e+01
9.582277297973632812e+00
2.237374496459960938e+01
3.746240615844726562e+01
4.164264297485351562e+01
1.768812751770019531e+01
1.498569869995117188e+01
1.881337738037109375e+01
4.232800292968750000e+01
3.280254364013671875e+01
2.861974334716796875e+01
4.195073318481445312e+01
5.645862960815429688e+01
3.247049713134765625e+01
1.174994468688964844e+01
2.758965682983398438e+01
6.778019714355468750e+01
4.406386947631835938e+01
5.835524749755859375e+01
1.474609565734863281e+01
7.054849243164062500e+01
3.746240615844726562e+01
4.014180374145507812e+01
2.841857910156250000e+01
3.068627357482910156e+01
6.314731597900390625e+01
3.487939834594726562e+01
3.276564407348632812e+01
1.437410736083984375e+01
5.070402526855468750e+01
1.490797042846679688e+01
3.247248077392578125e+01
1.175679206848144531e+01
5.251085662841796875e+01
3.281865692138671875e+01
3.497276687622070312e+01
3.464103698730468750e+01
6.692701721191406250e+01
6.578481292724609375e+01
4.197687149047851562e+01
4.271198272705078125e+01
4.389568710327148438e+01
5.018397140502929688e+01
5.295738983154296875e+01
3.848101425170898438e+01
3.842181015014648438e+01
2.414299774169921875e+01
3.863032150268554688e+01
2.777509498596191406e+01
1.905003929138183594e+01
4.763597488403320312e+01
2.418206405639648438e+01
1.383825111389160156e+01
2.808181190490722656e+01
2.425549316406250000e+01
3.887767028808593750e+01
5.067801284790039062e+01
2.901873016357421875e+01
1.817102813720703125e+01
3.397439956665039062e+01
5.077063369750976562e+01
1.626707267761230469e+01
2.324902343750000000e+01
3.870984649658203125e+01
3.756290054321289062e+01
1.681600379943847656e+01
5.090237808227539062e+01
2.274225997924804688e+01
4.054655838012695312e+01
4.990208053588867188e+01
4.526232528686523438e+01
3.703190231323242188e+01
2.476462554931640625e+01
2.013206291198730469e+01
2.973673439025878906e+01
4.705425262451171875e+01
4.908646774291992188e+01
2.983944320678710938e+01
1.722130584716796875e+01
1.356200027465820312e+01
2.725353240966796875e+01
4.901873779296875000e+01
7.016418457031250000e+01
2.837592315673828125e+01
4.535108184814453125e+01
1.190813636779785156e+01
4.887155914306640625e+01
2.099621200561523438e+01
2.411573028564453125e+01
5.302791213989257812e+01
1.626674652099609375e+01
4.057200622558593750e+01
3.684768676757812500e+01
3.883686065673828125e+01
1.733207511901855469e+01
3.354022216796875000e+01
4.067650604248046875e+01
3.134853935241699219e+01
4.745272064208984375e+01
3.695940017700195312e+01
2.603901290893554688e+01
2.893484306335449219e+01
3.077861404418945312e+01
2.663977050781250000e+01
2.562732887268066406e+01
3.813881301879882812e+01
4.140473175048828125e+01
4.238181686401367188e+01
4.220011138916015625e+01
2.676260185241699219e+01
2.644432640075683594e+01
2.879657363891601562e+01
1.094170379638671875e+01
5.122352600097656250e+00
2.507762145996093750e+01
3.388943481445312500e+01
3.152098083496093750e+01
2.429757308959960938e+01
5.529293441772460938e+01
7.344512939453125000e-01
2.004834556579589844e+01
3.540324401855468750e+01
5.249956130981445312e+00
4.179301834106445312e+01
4.354464340209960938e+01
3.915091705322265625e+01
3.075496292114257812e+01
3.129512214660644531e+01
1.038337135314941406e+01
8.889635086059570312e+00
3.298179244995117188e+01
4.233444595336914062e+01
1.778466224670410156e+01
4.247803497314453125e+01
2.752819824218750000e+01
2.969820404052734375e+01
9.148962020874023438e+00
7.189588928222656250e+01
4.422441864013671875e+01
2.322194671630859375e+01
5.312966156005859375e+01
9.741024017333984375e+00
4.835025024414062500e+01
3.136720657348632812e+01
1.008813858032226562e+01
4.123608779907226562e+01
3.075779533386230469e+01
4.135626602172851562e+01
7.362650299072265625e+01
3.119027709960937500e+01
3.360232925415039062e+01
4.132597351074218750e+01
1.062024688720703125e+01
2.427019119262695312e+01
3.905838394165039062e+01
6.348300933837890625e+01
3.304463958740234375e+01
2.901548004150390625e+01
4.698436355590820312e+01
4.086251449584960938e+01
4.989554595947265625e+01
7.536787414550781250e+01
3.580601119995117188e+01
1.241742897033691406e+01
3.760123062133789062e+01
4.977960205078125000e+01
3.017865180969238281e+01
4.337115478515625000e+01
2.593067932128906250e+01
5.278657531738281250e+01
3.901840972900390625e+01
3.225976943969726562e+01
5.371403503417968750e+01
6.653232574462890625e+01
2.761132431030273438e+01
6.797769165039062500e+01
6.569474792480468750e+01
1.228498649597167969e+01
3.230542373657226562e+01
6.980104827880859375e+01
5.728461456298828125e+01
9.144985198974609375e+00
5.410205078125000000e+01
3.787332916259765625e+01
5.983812713623046875e+01
1.171624374389648438e+01
3.147722816467285156e+01
3.322852325439453125e+01
5.240427398681640625e+01
1.420809364318847656e+01
3.808636093139648438e+01
5.225532531738281250e+01
3.799647521972656250e+01
7.721261978149414062e+00
4.240564727783203125e+01
1.979664802551269531e+01
3.801819229125976562e+01
2.798430061340332031e+01
5.946345138549804688e+01
3.100480651855468750e+01
1.262436485290527344e+01
4.484736633300781250e+01
7.439184570312500000e+01
5.851439285278320312e+01
4.440180969238281250e+01
1.586475563049316406e+01
3.435885620117187500e+01
1.290110588073730469e+01
2.134914588928222656e+01
6.348865509033203125e+01
3.436299133300781250e+01
3.916451263427734375e+01
4.582561874389648438e+01
3.071548461914062500e+00
4.492847824096679688e+01
1.513125610351562500e+01
7.797159194946289062e+00
3.083469200134277344e+01
4.425011444091796875e+01
4.016215133666992188e+01
1.422154045104980469e+01
7.173814392089843750e+01
2.982474899291992188e+01
1.738178253173828125e+01
5.111483764648437500e+01
3.978256607055664062e+01
2.373483276367187500e+01
3.693764114379882812e+01
2.923925018310546875e+01
2.544635009765625000e+01
3.704452896118164062e+01
6.872831726074218750e+01
7.470977783203125000e+01
4.078408432006835938e+01
4.129289245605468750e+01
5.163839340209960938e+01
2.548384475708007812e+01
4.498148345947265625e+01
3.481072616577148438e+01
4.513744354248046875e+01
5.354582977294921875e+01
3.291390228271484375e+01
4.994714736938476562e+01
7.046929931640625000e+01
4.099692535400390625e+01
2.200464630126953125e+01
1.083148384094238281e+01
3.039393234252929688e+01
1.997686004638671875e+01
4.089922332763671875e+01
2.146923065185546875e+01
4.568890380859375000e+01
1.490076637268066406e+01
5.162637329101562500e+01
2.781855773925781250e+01
4.672767639160156250e+01
1.218711853027343750e+01
4.173151779174804688e+01
3.253845214843750000e+01
4.050059509277343750e+01
3.570891952514648438e+01
1.943359565734863281e+01
7.532911682128906250e+01
1.647835731506347656e+01
3.756270599365234375e+01
5.315457534790039062e+01
1.512418365478515625e+01
3.568818283081054688e+01
4.881177520751953125e+01
3.791668701171875000e+01
1.556695556640625000e+01
1.071582031250000000e+01
1.523204803466796875e+01
2.440283966064453125e+01
2.609572219848632812e+01
3.794388198852539062e+01
1.753047370910644531e+01
7.470977783203125000e+01
5.357862091064453125e+01
3.171903991699218750e+01
2.345867538452148438e+01
5.041069412231445312e+01
3.717130279541015625e+01
2.427224349975585938e+01
1.943359565734863281e+01
4.391628265380859375e+01
3.273816680908203125e+01
4.522217559814453125e+01
3.929012298583984375e+01
3.330410385131835938e+01
3.023782348632812500e+01
7.019194030761718750e+01
4.122055435180664062e+01
4.064836883544921875e+01
6.066889953613281250e+01
3.728707122802734375e+01
1.683162498474121094e+01
2.056634521484375000e+01
1.716799163818359375e+01
3.402111816406250000e+01
5.676495361328125000e+01
2.830676651000976562e+01
4.887790679931640625e+01
7.011772155761718750e+01
3.325473785400390625e+01
1.569641304016113281e+01
2.797174453735351562e+01
1.897869491577148438e+01
3.731768035888671875e+01
7.570317077636718750e+01
3.473503112792968750e+01
5.354250335693359375e+01
3.440225219726562500e+01
5.412744903564453125e+01
3.336884689331054688e+01
2.234712219238281250e+01
3.557944488525390625e+01
4.065779113769531250e+01
1.631765556335449219e+01
3.700970458984375000e+01
2.898851585388183594e+01
8.128471374511718750e+01
4.030036544799804688e+01
2.746728324890136719e+01
4.160651397705078125e+01
5.087596893310546875e+01
9.889810562133789062e+00
2.061588096618652344e+01
4.252503585815429688e+01
8.173934936523437500e+00
1.648345756530761719e+01
1.935547828674316406e+01
4.902517700195312500e+01
7.038641357421875000e+01
4.170487213134765625e+01
3.359252166748046875e+01
1.754332923889160156e+01
5.254266738891601562e+00
5.212806320190429688e+01
2.936174201965332031e+01
3.918222808837890625e+01
3.760940551757812500e+01
1.291659736633300781e+01
3.192441177368164062e+01
1.799395942687988281e+01
2.754276084899902344e+01
2.498514556884765625e+01
6.795874023437500000e+01
2.675746154785156250e+01
2.764868927001953125e+01
1.491229820251464844e+01
2.302059936523437500e+01
4.191100692749023438e+01
3.542194366455078125e+01
2.583774566650390625e+01
5.140810775756835938e+01
2.586667633056640625e+01
4.349154281616210938e+01
8.682479858398437500e+00
7.470977783203125000e+01
3.936588287353515625e+01
2.085783386230468750e+01
3.024690628051757812e+01
1.430315971374511719e+01
5.838352966308593750e+01
5.970249176025390625e+01
1.204946327209472656e+01
1.426824760437011719e+01
1.916600227355957031e+01
1.508320808410644531e+01
3.988386917114257812e+01
1.222269248962402344e+01
5.994353485107421875e+01
4.016142272949218750e+01
5.604926300048828125e+01
3.884975433349609375e+01
1.773307800292968750e+01
3.406760406494140625e+01
2.283811187744140625e+01
1.673844146728515625e+01
7.893384933471679688e+00
3.182337570190429688e+01
4.297568511962890625e+01
4.939159393310546875e+01
3.351927185058593750e+01
1.775874710083007812e+01
3.517098617553710938e+01
7.570317077636718750e+01
