6.947544860839843750e+01
4.367887496948242188e+01
2.343259620666503906e+01
3.085405349731445312e+01
1.709782791137695312e+01
5.684180450439453125e+01
4.213528823852539062e+01
7.495972442626953125e+01
3.380561828613281250e+01
7.892166137695312500e+00
6.735874176025390625e+01
4.101495742797851562e+01
9.238851547241210938e+00
3.503234481811523438e+01
1.087594604492187500e+01
5.832106781005859375e+01
1.403477287292480469e+01
5.280548095703125000e+01
4.863540267944335938e+01
5.734469604492187500e+01
3.176884841918945312e+01
1.187849807739257812e+01
5.862384414672851562e+01
1.507239151000976562e+01
4.663264083862304688e+01
4.516870880126953125e+01
4.720509719848632812e+01
2.865965270996093750e+01
4.154480743408203125e+01
7.314065933227539062e+00
3.465677642822265625e+01
5.480464935302734375e+01
4.073221588134765625e+01
7.716258239746093750e+01
2.363418960571289062e+01
4.687415313720703125e+01
5.528016662597656250e+01
2.853638076782226562e+01
7.514566040039062500e+01
4.849887466430664062e+01
4.017593383789062500e+01
3.598051452636718750e+01
1.358374023437500000e+01
3.483577346801757812e+01
3.942303466796875000e+01
4.332553863525390625e+01
5.379575347900390625e+01
1.812213897705078125e+01
4.443254089355468750e+01
3.510279846191406250e+01
5.016165161132812500e+01
4.598849868774414062e+01
1.531714630126953125e+01
3.815963745117187500e+00
6.708265686035156250e+01
5.613477706909179688e+01
6.126545715332031250e+01
3.992826843261718750e+01
3.811235046386718750e+01
6.386616516113281250e+01
4.639328384399414062e+01
2.811654090881347656e+01
2.780330085754394531e+01
7.760707092285156250e+01
3.125629806518554688e+01
4.588654327392578125e+01
2.875619888305664062e+01
8.654361724853515625e+00
3.326979446411132812e+01
7.147914886474609375e+01
3.292157363891601562e+01
2.540698623657226562e+01
1.977684020996093750e+01
5.374704360961914062e+01
4.311923217773437500e+01
7.311681747436523438e+00
5.717874145507812500e+01
3.847721862792968750e+01
6.767761230468750000e+01
5.608551025390625000e+01
1.247400474548339844e+01
2.149529457092285156e+01
3.503792953491210938e+01
6.759783172607421875e+01
2.979530906677246094e+01
2.346166801452636719e+01
3.677268600463867188e+01
7.677046203613281250e+01
5.881146240234375000e+01
1.707411956787109375e+01
2.933375930786132812e+01
3.891877365112304688e+01
2.582628631591796875e+01
4.872082519531250000e+01
1.572576141357421875e+01
3.635840988159179688e+01
3.123123168945312500e+01
3.653873825073242188e+01
1.929378700256347656e+01
4.160729980468750000e+01
5.184015655517578125e+01
8.012553405761718750e+01
2.136174774169921875e+01
5.602840805053710938e+01
3.243918228149414062e+01
1.113385200500488281e+01
4.458996200561523438e+01
3.079452896118164062e+01
3.723719787597656250e+01
3.326674270629882812e+01
2.408982658386230469e+01
2.408985519409179688e+01
3.877053070068359375e+01
1.716614913940429688e+01
3.070184326171875000e+01
3.980878448486328125e+01
4.353530883789062500e+01
4.230431365966796875e+01
6.141358947753906250e+01
1.769270133972167969e+01
1.313031387329101562e+01
4.805232620239257812e+01
7.719388580322265625e+01
5.560958862304687500e+00
1.019471740722656250e+01
5.361099243164062500e+01
5.008369827270507812e+01
5.347616958618164062e+01
3.891877365112304688e+01
5.973972320556640625e+00
1.459602928161621094e+01
2.806110954284667969e+01
8.444765090942382812e+00
4.525075531005859375e+01
2.166522789001464844e+01
5.094963073730468750e+01
5.896475982666015625e+01
5.472805023193359375e+01
3.576159286499023438e+01
1.355961227416992188e+01
5.415449523925781250e+01
4.827713394165039062e+01
9.332725524902343750e+00
2.927367591857910156e+01
5.248291015625000000e+01
8.739728927612304688e+00
9.525228500366210938e+00
3.074153518676757812e+01
2.700145912170410156e+01
3.055295181274414062e+01
4.110534667968750000e+01
1.567651939392089844e+01
4.549680328369140625e+01
2.955257034301757812e+01
6.257138824462890625e+01
3.816346359252929688e+01
3.340911483764648438e+01
8.077162170410156250e+01
4.268902969360351562e+01
4.114603424072265625e+01
3.866463088989257812e+01
5.007374572753906250e+01
4.222220611572265625e+01
3.074777221679687500e+01
2.183873748779296875e+01
2.515602302551269531e+01
2.743764305114746094e+01
4.243689727783203125e+01
2.979386901855468750e+01
2.139014816284179688e+01
5.798599243164062500e+01
2.912511825561523438e+01
4.081513214111328125e+01
2.626275634765625000e+01
2.646274948120117188e+01
3.019086456298828125e+01
1.504476547241210938e+01
5.565197753906250000e+01
3.566616821289062500e+01
6.735874176025390625e+01
2.899991035461425781e+01
2.724500274658203125e+01
1.520321273803710938e+01
4.123695373535156250e+01
1.160009384155273438e+01
3.027939987182617188e+01
4.000796508789062500e+01
3.891805648803710938e+00
4.346253967285156250e+01
7.215352630615234375e+01
4.973915100097656250e+01
1.721068191528320312e+01
5.109793853759765625e+01
3.549026107788085938e+01
3.814398956298828125e+01
2.654435157775878906e+01
4.010262298583984375e+01
1.823963165283203125e+01
1.970608711242675781e+01
4.049897384643554688e+01
4.316010284423828125e+01
3.520677566528320312e+01
4.581304168701171875e+01
6.557228851318359375e+01
3.392942810058593750e+01
4.983103942871093750e+01
2.045943832397460938e+01
3.363452911376953125e+01
5.810775756835937500e+01
1.244776344299316406e+01
4.414662170410156250e+01
2.871706390380859375e+01
2.439402770996093750e+01
1.912065505981445312e+01
5.010231018066406250e+01
3.968162536621093750e+01
2.812407493591308594e+01
3.808078765869140625e+01
1.554781723022460938e+01
2.355122375488281250e+01
5.822935485839843750e+01
5.303453826904296875e+01
3.739982604980468750e+01
4.033591842651367188e+01
3.120718765258789062e+01
6.033213043212890625e+01
1.974459838867187500e+01
5.685170364379882812e+01
4.168722534179687500e+01
2.689144134521484375e+01
5.375891494750976562e+01
4.833773040771484375e+01
3.294424819946289062e+01
4.689789581298828125e+01
3.791165542602539062e+01
3.241965484619140625e+01
6.667607879638671875e+01
2.564836120605468750e+01
3.217221832275390625e+01
4.024217605590820312e+01
4.421044540405273438e+01
4.372083282470703125e+01
3.436923980712890625e+01
5.204179000854492188e+01
2.841533660888671875e+01
4.844100952148437500e+01
1.003553771972656250e+01
4.508272552490234375e+01
3.904140090942382812e+01
4.833808135986328125e+01
7.036465454101562500e+01
3.312793731689453125e+01
3.337633514404296875e+01
1.854311752319335938e+01
3.456708908081054688e+01
2.533871841430664062e+01
2.969603729248046875e+01
7.637759399414062500e+01
7.015733337402343750e+01
5.109793853759765625e+01
7.205178833007812500e+01
3.190224838256835938e+01
1.566628646850585938e+01
4.891847229003906250e+01
3.075672531127929688e+01
1.969870376586914062e+01
3.797300720214843750e+01
4.233562850952148438e+01
3.003291320800781250e+01
4.082182693481445312e+01
1.525795555114746094e+01
4.072126007080078125e+01
4.021154785156250000e+01
1.957481956481933594e+01
4.788281631469726562e+01
2.619240188598632812e+01
7.237179565429687500e+01
2.457817077636718750e+01
4.225188064575195312e+01
2.912060356140136719e+01
2.945780563354492188e+01
4.442642211914062500e+01
3.614596939086914062e+01
2.716729927062988281e+01
5.328422546386718750e+01
3.153514480590820312e+01
2.582818222045898438e+01
4.182711791992187500e+01
3.998608016967773438e+01
3.124963951110839844e+01
4.292350006103515625e+01
8.310100555419921875e+00
3.085853576660156250e+01
3.908023071289062500e+01
5.334820556640625000e+01
3.545182418823242188e+01
3.082848930358886719e+01
5.821696853637695312e+01
7.608302307128906250e+01
1.617674255371093750e+01
2.304524230957031250e+01
7.387316894531250000e+01
2.864810943603515625e+01
2.689774703979492188e+01
4.361878967285156250e+01
2.423500823974609375e+01
5.608967590332031250e+01
2.613260841369628906e+01
3.567919158935546875e+01
3.040807342529296875e+01
1.188704299926757812e+01
5.130158233642578125e+01
1.595347023010253906e+01
4.896984863281250000e+01
1.667075920104980469e+01
4.221754074096679688e+01
3.329831695556640625e+01
7.169209289550781250e+01
3.601159286499023438e+01
4.551892089843750000e+01
3.112978172302246094e+01
4.587619018554687500e+01
3.270844650268554688e+01
1.735079002380371094e+01
3.857535552978515625e+01
5.672807312011718750e+01
1.157472229003906250e+01
2.643264007568359375e+01
2.683056259155273438e+01
1.718720817565917969e+01
5.857795715332031250e+01
2.047744750976562500e+01
4.833816146850585938e+01
7.765975189208984375e+01
4.014108276367187500e+01
4.207469940185546875e+01
3.628339004516601562e+01
1.887797546386718750e+01
5.504084777832031250e+01
1.443839454650878906e+01
6.276134490966796875e+01
2.751143646240234375e+01
2.497331619262695312e+01
7.445858764648437500e+01
5.167184448242187500e+01
5.699752044677734375e+01
3.883169555664062500e+01
7.272298431396484375e+01
3.538395309448242188e+01
3.490341949462890625e+01
8.346524047851562500e+01
1.403508186340332031e+01
2.804266357421875000e+01
5.858644866943359375e+01
1.163570594787597656e+01
2.333878326416015625e+01
7.306336975097656250e+01
5.234535980224609375e+01
4.354497146606445312e+01
1.970162773132324219e+01
7.221739959716796875e+01
4.892456817626953125e+01
3.389318847656250000e+01
2.247552871704101562e+01
4.876079940795898438e+01
1.244797897338867188e+01
7.241306304931640625e+01
4.739447784423828125e+01
2.924505996704101562e+01
5.519149398803710938e+01
5.099843978881835938e+01
5.963179016113281250e+01
3.481778335571289062e+01
6.638996887207031250e+01
4.026718139648437500e+01
2.428024673461914062e+01
5.181330108642578125e+01
2.188828277587890625e+01
4.094635772705078125e+01
3.554241180419921875e+01
1.476607704162597656e+01
4.301636886596679688e+01
2.839049148559570312e+01
4.472116088867187500e+01
1.838572311401367188e+01
2.435819244384765625e+01
5.687575149536132812e+01
4.024853134155273438e+01
3.104896926879882812e+01
1.233684539794921875e+01
4.970814514160156250e+01
1.757461929321289062e+01
2.831459045410156250e+01
5.130876922607421875e+01
1.431279563903808594e+01
1.716847801208496094e+01
2.557264328002929688e+01
5.099898147583007812e+01
4.627150344848632812e+01
4.833773040771484375e+01
3.614596939086914062e+01
1.867490005493164062e+01
2.167483139038085938e+01
5.959421539306640625e+01
3.223783493041992188e+01
2.884845352172851562e+01
1.457195281982421875e+01
3.609199142456054688e+01
4.212196350097656250e+01
1.212808036804199219e+01
4.432544326782226562e+01
2.616054534912109375e+01
1.549902534484863281e+01
4.469319915771484375e+01
1.814043045043945312e+01
4.692263031005859375e+01
2.830927276611328125e+01
3.583972167968750000e+01
4.291261291503906250e+01
2.117571640014648438e+01
4.062999343872070312e+01
2.969603729248046875e+01
1.103304862976074219e+01
5.796250915527343750e+01
3.748474121093750000e+01
6.276134490966796875e+01
6.092559051513671875e+01
6.235321044921875000e+01
4.500970458984375000e+01
3.947665405273437500e+01
8.623901367187500000e+00
1.604821205139160156e+01
8.077162170410156250e+01
4.854162597656250000e+01
3.547376632690429688e+01
3.059891128540039062e+01
6.630949401855468750e+01
4.174819564819335938e+01
3.683953475952148438e+01
1.074765205383300781e+01
4.111030960083007812e+01
3.851434707641601562e+01
3.091652679443359375e+01
3.610609436035156250e+01
6.210405731201171875e+01
2.198373413085937500e+01
1.356015968322753906e+01
1.379482650756835938e+01
4.041090393066406250e+01
4.092592620849609375e+01
7.619847106933593750e+01
2.839035034179687500e+01
3.124522209167480469e+01
2.062063217163085938e+01
1.700762557983398438e+01
2.297852325439453125e+01
3.773436355590820312e+01
6.276134490966796875e+01
3.793518066406250000e+01
4.409239578247070312e+01
3.808557128906250000e+01
1.975404548645019531e+01
2.304395294189453125e+01
4.833883285522460938e+01
4.208650588989257812e+01
3.355809402465820312e+01
2.881928443908691406e+01
4.231024551391601562e+01
2.992098426818847656e+01
3.320849227905273438e+01
2.598049545288085938e+01
1.036303138732910156e+01
1.814616584777832031e+01
5.639608001708984375e+01
2.959881019592285156e+01
4.178817367553710938e+01
3.508223724365234375e+01
7.237179565429687500e+01
7.310314941406250000e+01
5.304958343505859375e+01
5.492751312255859375e+01
1.262740135192871094e+01
1.867249488830566406e+01
5.231096649169921875e+01
5.109793853759765625e+01
2.983317184448242188e+01
3.414418792724609375e+01
2.553120803833007812e+01
2.531866836547851562e+01
3.180392265319824219e+01
2.953717803955078125e+01
5.603179931640625000e+01
5.192370605468750000e+01
1.382950592041015625e+01
5.816248321533203125e+01
3.461519241333007812e+01
2.225997734069824219e+01
3.098071289062500000e+01
4.201025390625000000e+01
4.221567916870117188e+01
1.857902717590332031e+01
2.798650360107421875e+01
4.809609222412109375e+01
1.555609321594238281e+01
3.389499664306640625e+01
3.723738098144531250e+01
3.966854476928710938e+01
4.474499511718750000e+01
1.074381446838378906e+01
3.086984634399414062e+01
5.344506835937500000e+01
3.485167312622070312e+01
3.312793731689453125e+01
2.908250427246093750e+01
4.366395187377929688e+01
3.966665267944335938e+01
5.840332794189453125e+01
5.394986343383789062e+01
8.490232849121093750e+01
4.102784729003906250e+01
3.410742950439453125e+01
1.894888877868652344e+01
4.371559906005859375e+01
2.101004028320312500e+01
3.647495269775390625e+01
5.354135894775390625e+01
5.136674118041992188e+01
5.607382965087890625e+01
2.134134674072265625e+01
1.042550277709960938e+01
5.479404449462890625e+01
2.185729980468750000e+01
1.294060516357421875e+01
1.905704116821289062e+01
6.681722259521484375e+01
6.676091766357421875e+01
7.237179565429687500e+01
4.118592834472656250e+01
1.671410179138183594e+01
5.207842254638671875e+01
2.509518051147460938e+01
3.250588989257812500e+01
3.706275939941406250e+01
2.552555465698242188e+01
1.459901237487792969e+01
3.152046966552734375e+01
4.858268737792968750e+01
2.678576660156250000e+01
1.535025978088378906e+01
5.129779815673828125e+01
2.957748413085937500e+00
6.954162597656250000e+01
3.023252677917480469e+01
5.560264587402343750e+01
2.281605529785156250e+01
4.547953796386718750e+01
3.677341461181640625e+01
1.207556915283203125e+01
5.654198455810546875e+01
6.073552703857421875e+01
4.271402740478515625e+01
3.276127624511718750e+01
5.672807312011718750e+01
2.989754486083984375e+01
4.625926589965820312e+01
1.541369438171386719e+01
3.907773971557617188e+01
3.750426483154296875e+01
1.613162422180175781e+01
3.343623733520507812e+01
5.968050384521484375e+01
4.172778701782226562e+01
4.887273406982421875e+01
2.467463302612304688e+01
5.833305740356445312e+01
4.268368148803710938e+01
6.116564941406250000e+01
6.872554779052734375e+01
3.096899795532226562e+01
6.977468872070312500e+01
6.538432312011718750e+01
6.084072875976562500e+01
4.307935333251953125e+01
5.223836517333984375e+01
3.317118072509765625e+01
1.784461021423339844e+01
4.667926788330078125e+01
1.552458381652832031e+01
4.129096984863281250e+01
6.520945739746093750e+01
1.614807510375976562e+01
2.822241592407226562e+01
4.817193603515625000e+01
1.104425811767578125e+01
1.908448219299316406e+01
2.333526229858398438e+01
6.878977966308593750e+01
2.702185058593750000e+01
3.744288253784179688e+01
2.830034255981445312e+01
1.546133041381835938e+01
2.996587181091308594e+01
3.614596939086914062e+01
3.356834030151367188e+01
3.891877365112304688e+01
1.225009727478027344e+01
4.199195480346679688e+01
5.139484786987304688e+01
3.902165985107421875e+01
1.745545005798339844e+01
4.589884948730468750e+01
1.430731773376464844e+01
5.858644866943359375e+01
3.471466445922851562e+01
1.316727066040039062e+01
1.569479751586914062e+01
1.755263519287109375e+01
2.642645645141601562e+01
2.511438560485839844e+01
3.033516120910644531e+01
5.886074066162109375e+01
6.630949401855468750e+01
1.313830947875976562e+01
7.020372772216796875e+01
2.374792861938476562e+01
5.495777893066406250e+01
3.792700195312500000e+01
3.686848449707031250e+01
4.307418060302734375e+01
4.130505752563476562e+01
1.305228614807128906e+01
3.608332061767578125e+01
4.880792999267578125e+01
8.040058135986328125e+01
1.699841499328613281e+01
6.443238830566406250e+01
5.659020996093750000e+01
1.851980018615722656e+01
3.746702575683593750e+01
8.077162170410156250e+01
6.183889389038085938e+00
5.853167343139648438e+01
4.370593643188476562e+01
2.159846878051757812e+01
5.284452819824218750e+01
3.094146347045898438e+01
3.384941101074218750e+01
3.475451660156250000e+01
3.261241912841796875e+01
3.781738662719726562e+01
6.030232238769531250e+01
1.535830879211425781e+01
5.280237579345703125e+01
1.836445045471191406e+01
1.483954811096191406e+01
1.057147789001464844e+01
4.153522872924804688e+01
1.360331726074218750e+01
1.221375656127929688e+01
2.432980918884277344e+01
1.949777221679687500e+01
4.410273361206054688e+01
5.469079589843750000e+01
3.449468231201171875e+01
3.019936752319335938e+01
6.108150482177734375e+00
2.167118072509765625e+01
3.988534545898437500e+01
7.002108764648437500e+01
7.767408752441406250e+01
2.998155403137207031e+01
5.131529617309570312e+01
4.094049453735351562e+00
3.300611877441406250e+01
6.903248596191406250e+01
3.830488586425781250e+01
4.808810043334960938e+01
2.351531791687011719e+01
1.472102737426757812e+01
1.735694313049316406e+01
2.027938842773437500e+01
1.818224334716796875e+01
4.235074615478515625e+01
3.132403182983398438e+01
3.179640388488769531e+01
4.271137237548828125e+01
2.660244369506835938e+01
6.340164184570312500e+01
2.129621124267578125e+01
2.190597534179687500e+00
5.653266143798828125e+01
4.051681518554687500e+01
3.385452651977539062e+01
5.717075347900390625e+01
3.820808410644531250e+01
4.151622772216796875e+01
4.702409362792968750e+01
3.068062782287597656e+01
3.130505943298339844e+01
3.093715286254882812e+01
4.484529876708984375e+01
3.994439315795898438e+01
2.436298179626464844e+01
3.146471023559570312e+01
3.004865837097167969e+01
4.029689407348632812e+01
1.576444625854492188e+01
2.776885604858398438e+01
5.079938888549804688e+00
2.989069557189941406e+01
3.559600067138671875e+01
9.311515808105468750e+00
2.314631462097167969e+01
3.576545715332031250e+01
4.199528884887695312e+01
2.645376014709472656e+01
3.978861618041992188e+01
7.020222473144531250e+01
4.404905700683593750e+01
3.405358886718750000e+01
1.966614913940429688e+01
6.201328659057617188e+01
2.135898971557617188e+01
3.825046539306640625e+01
3.421107482910156250e+01
2.225990676879882812e+01
2.422747802734375000e+01
3.607867050170898438e+01
2.400310325622558594e+01
3.019988250732421875e+01
3.774906921386718750e+01
2.468935775756835938e+01
1.234308815002441406e+01
4.654867553710937500e+01
3.120743370056152344e+01
1.199449348449707031e+01
5.672807312011718750e+01
2.615814208984375000e+01
4.602723693847656250e+01
3.574969863891601562e+01
3.992315292358398438e+01
1.874390411376953125e+01
3.956121826171875000e+01
3.382420349121093750e+01
2.394065093994140625e+01
1.750535964965820312e+01
2.802142143249511719e+01
5.255734252929687500e+01
6.471363067626953125e+01
5.371527862548828125e+01
3.243608856201171875e+01
6.399602890014648438e+01
1.120442962646484375e+01
4.001272964477539062e+01
2.315633773803710938e+01
6.246412658691406250e+01
2.891566276550292969e+01
4.344647216796875000e+01
3.614244842529296875e+01
4.397171783447265625e+01
5.629747009277343750e+01
4.433501434326171875e+01
2.902254486083984375e+01
4.368428802490234375e+01
4.356856918334960938e+01
4.397171783447265625e+01
3.861145019531250000e+01
4.905241394042968750e+01
3.072567939758300781e+01
2.771142196655273438e+01
2.482871818542480469e+01
7.636392211914062500e+01
2.297429656982421875e+01
2.519573593139648438e+01
9.016784667968750000e+00
7.279525756835937500e+01
3.794749069213867188e+01
1.304552841186523438e+01
2.465080642700195312e+01
7.187896728515625000e+01
4.461521148681640625e+01
2.369678497314453125e+01
4.893341064453125000e+01
4.615917587280273438e+01
2.801461791992187500e+01
4.397171783447265625e+01
5.292115020751953125e+01
3.894928359985351562e+01
2.570376968383789062e+01
6.454649353027343750e+01
1.632227897644042969e+01
1.694219970703125000e+01
3.941691970825195312e+01
5.109793853759765625e+01
6.153427124023437500e+01
3.826440429687500000e+01
6.671005249023437500e+01
5.487244415283203125e+01
3.214137649536132812e+01
4.290543365478515625e+01
2.955397987365722656e+01
6.735874176025390625e+01
3.239538955688476562e+01
4.035770034790039062e+01
3.559891128540039062e+01
1.844482612609863281e+01
1.413197135925292969e+01
2.725643920898437500e+01
1.447670745849609375e+01
4.049233627319335938e+01
5.502453994750976562e+01
3.729828643798828125e+01
2.447188568115234375e+01
2.903471755981445312e+01
4.348742294311523438e+01
3.326679611206054688e+01
2.266308212280273438e+01
4.833773040771484375e+01
4.539503479003906250e+01
4.759976196289062500e+01
2.525652122497558594e+01
2.158491897583007812e+01
1.848761367797851562e+01
2.918996047973632812e+01
4.841044235229492188e+01
9.319879531860351562e+00
3.896771240234375000e+01
5.351322174072265625e+01
8.077162170410156250e+01
3.406890106201171875e+01
6.084072875976562500e+01
4.299791336059570312e+01
1.493792152404785156e+01
2.526206207275390625e+01
2.171905136108398438e+01
5.384155273437500000e+01
2.456651306152343750e+01
3.971741485595703125e+01
3.725205993652343750e+01
3.163476562500000000e+01
1.534626007080078125e+01
9.161245346069335938e+00
4.157577133178710938e+01
4.167332458496093750e+01
3.131808471679687500e+01
2.345994377136230469e+01
4.920594024658203125e+01
2.597159194946289062e+01
5.215605926513671875e+01
3.839518356323242188e+01
6.390242004394531250e+01
2.045943832397460938e+01
3.190347099304199219e+01
7.247787475585937500e+01
1.627940940856933594e+01
5.563756179809570312e+01
1.336476898193359375e+01
6.491052246093750000e+01
1.804783439636230469e+01
1.470140266418457031e+01
3.048816680908203125e+01
7.051345825195312500e+00
2.498699951171875000e+01
7.237179565429687500e+01
3.282660675048828125e+01
3.997100067138671875e+01
3.891877365112304688e+01
5.146875762939453125e+01
4.966995239257812500e+01
2.881758117675781250e+01
7.825158691406250000e+01
2.008882331848144531e+01
3.312793731689453125e+01
3.913207244873046875e+01
3.238309097290039062e+01
3.939372253417968750e+01
6.384136581420898438e+01
3.523461914062500000e+01
1.287366676330566406e+01
7.462812805175781250e+01
3.261888504028320312e+01
2.846117973327636719e+01
9.282697677612304688e+00
3.675678253173828125e+00
2.818344116210937500e+01
8.890775680541992188e+00
2.860001182556152344e+01
2.821108627319335938e+01
7.767408752441406250e+01
3.571069717407226562e+01
2.941632843017578125e+01
4.165565490722656250e+01
3.543063735961914062e+01
2.821994018554687500e+01
4.867526626586914062e+01
5.409059906005859375e+01
2.880115890502929688e+01
6.356278228759765625e+01
4.522222518920898438e+01
2.019314384460449219e+01
4.619540023803710938e+01
3.711367034912109375e+01
4.761239624023437500e+01
4.406400299072265625e+01
2.418798828125000000e+01
1.965987777709960938e+01
2.979320907592773438e+01
1.305076026916503906e+01
4.296704864501953125e+01
4.292301940917968750e+01
5.404698181152343750e+01
7.767408752441406250e+01
2.991405677795410156e+01
1.273853302001953125e+01
4.988816070556640625e+01
3.759099578857421875e+01
4.111851882934570312e+01
3.923740386962890625e+01
2.313517189025878906e+01
3.831871414184570312e+01
3.798514556884765625e+01
1.092799949645996094e+01
4.336219024658203125e+01
2.590615463256835938e+01
7.701229858398437500e+01
3.964051055908203125e+01
9.722314834594726562e+00
