1.857874679565429688e+01
5.248500823974609375e+01
3.603984069824218750e+01
4.011000061035156250e+01
2.259219551086425781e+01
1.662505722045898438e+01
1.003947639465332031e+01
1.730156707763671875e+01
3.924702835083007812e+01
4.645336151123046875e+01
1.746050643920898438e+01
3.671386718750000000e+01
1.468173599243164062e+01
2.101467895507812500e+01
5.436645126342773438e+01
5.057260513305664062e+00
1.598205375671386719e+01
3.630784606933593750e+01
6.244421005249023438e+00
7.207417297363281250e+01
3.820275878906250000e+01
2.519696426391601562e+01
3.846138000488281250e+01
1.424930572509765625e+01
1.080093002319335938e+01
2.384593200683593750e+01
1.784490203857421875e+01
1.917866706848144531e+01
1.099934768676757812e+01
2.831270027160644531e+01
7.834720611572265625e+00
6.007881164550781250e+01
2.347837638854980469e+01
3.896433639526367188e+01
1.836298370361328125e+01
1.579713630676269531e+01
7.534632110595703125e+01
4.330210494995117188e+01
1.405669784545898438e+01
5.209913635253906250e+01
6.477478027343750000e+01
2.998929023742675781e+01
4.098976135253906250e+01
3.019287872314453125e+01
6.722180175781250000e+01
9.942766189575195312e+00
5.073262405395507812e+01
9.240745544433593750e+00
3.303699111938476562e+01
4.413874053955078125e+01
2.685482025146484375e+01
4.341930389404296875e+01
3.900748443603515625e+01
3.266200256347656250e+01
4.289378738403320312e+01
7.280659484863281250e+01
1.593643760681152344e+01
1.339527702331542969e+01
4.035811233520507812e+01
3.638756179809570312e+01
3.960907363891601562e+01
4.254199981689453125e+01
2.348240280151367188e+01
7.092481994628906250e+01
5.033087158203125000e+01
4.061620712280273438e+01
4.217826843261718750e+01
3.775062179565429688e+01
3.277463912963867188e+01
6.788206481933593750e+01
4.935708999633789062e+01
2.497113609313964844e+01
2.850132179260253906e+01
4.731121063232421875e+01
7.072340393066406250e+01
5.545602416992187500e+01
7.721516418457031250e+01
2.482326126098632812e+01
2.880346298217773438e+01
1.512346839904785156e+01
3.920215988159179688e+01
2.956941986083984375e+01
6.867581176757812500e+01
3.154742813110351562e+01
2.954474639892578125e+01
7.066827774047851562e+00
1.223450660705566406e+01
6.034659576416015625e+01
6.736238861083984375e+01
3.738328933715820312e+01
4.821680450439453125e+01
4.416106414794921875e+01
3.645105361938476562e+01
4.075701141357421875e+01
2.947082138061523438e+01
3.770621109008789062e+01
1.563027954101562500e+01
3.519746017456054688e+01
3.665151596069335938e+01
2.918992996215820312e+01
3.846693038940429688e+01
2.219799423217773438e+01
1.646590232849121094e+01
2.426332473754882812e+01
3.698133468627929688e+01
2.993535995483398438e+01
2.570915603637695312e+01
4.065340042114257812e+01
1.195473289489746094e+01
4.248225021362304688e+01
1.407690429687500000e+01
3.929868316650390625e+01
5.494408416748046875e+01
4.503590393066406250e+01
3.692535400390625000e+01
3.517756652832031250e+01
3.324610900878906250e+01
3.756484222412109375e+01
5.731820297241210938e+01
3.893459320068359375e+01
3.319770812988281250e+01
4.117900085449218750e+01
3.597208786010742188e+01
4.592518615722656250e+01
3.394166183471679688e+01
3.302281951904296875e+01
2.491805648803710938e+01
2.651846885681152344e+01
5.106181716918945312e+01
2.123941040039062500e+01
3.184321784973144531e+01
7.014851379394531250e+01
5.037331008911132812e+01
3.300044250488281250e+01
2.931568336486816406e+01
1.180623054504394531e+01
5.218720245361328125e+01
2.621010971069335938e+01
4.752600097656250000e+01
5.941812896728515625e+01
7.721516418457031250e+01
2.068685150146484375e+01
4.816401290893554688e+01
4.013082122802734375e+01
4.071526718139648438e+01
3.759613418579101562e+01
5.277252578735351562e+01
9.815694808959960938e+00
2.251934432983398438e+01
5.120457458496093750e+01
1.805474853515625000e+01
1.423712158203125000e+01
4.883844757080078125e+01
4.588332366943359375e+01
3.266807556152343750e+01
2.917345237731933594e+01
3.178556632995605469e+01
7.315377807617187500e+01
5.368883514404296875e+01
5.331008148193359375e+01
3.893096160888671875e+01
6.384109497070312500e+01
4.551166534423828125e+01
4.012413024902343750e+01
1.568878173828125000e+01
7.351200866699218750e+01
5.323825836181640625e+00
2.153936767578125000e+01
2.653764915466308594e+01
3.625980758666992188e+01
3.452780151367187500e+01
2.560388565063476562e+01
4.313444900512695312e+01
2.460505676269531250e+01
5.204879379272460938e+01
9.972375869750976562e+00
7.721516418457031250e+01
2.523886299133300781e+01
2.447438430786132812e+01
6.416471862792968750e+01
2.129390716552734375e+01
7.148445129394531250e+01
3.844627761840820312e+01
4.348093795776367188e+01
1.757112884521484375e+01
6.190135955810546875e+01
3.013814353942871094e+01
3.200413513183593750e+01
5.948903656005859375e+01
2.632052230834960938e+01
4.451217269897460938e+01
5.929890060424804688e+01
4.977128601074218750e+01
3.139014244079589844e+01
3.157438087463378906e+01
2.429947280883789062e+01
5.969631195068359375e+01
4.427063369750976562e+01
4.634724426269531250e+01
1.727251815795898438e+01
1.533565711975097656e+01
5.774180603027343750e+01
9.478517532348632812e+00
1.120137977600097656e+01
4.049832916259765625e+01
3.726718521118164062e+01
4.572406768798828125e+01
3.890332794189453125e+01
3.943186187744140625e+01
2.027231979370117188e+01
3.581823730468750000e+01
4.172406005859375000e+01
2.023754119873046875e+01
1.671388626098632812e+01
1.923843193054199219e+01
2.059364700317382812e+01
3.358525085449218750e+01
5.469305419921875000e+01
4.745095443725585938e+01
5.074156570434570312e+01
3.800873184204101562e+01
4.801384353637695312e+01
3.987243652343750000e+01
8.400760650634765625e+00
3.429834365844726562e+01
4.037725830078125000e+01
1.935485458374023438e+01
1.401016235351562500e+01
5.191896438598632812e+01
6.504081726074218750e+01
4.830119705200195312e+01
3.019474029541015625e+01
1.313244247436523438e+01
5.420374298095703125e+01
3.032133865356445312e+01
2.832517242431640625e+01
1.968387794494628906e+01
3.308381271362304688e+01
6.751181793212890625e+01
4.562488174438476562e+01
1.727251815795898438e+01
3.820722579956054688e+01
2.346429443359375000e+01
9.788646697998046875e+00
1.801590728759765625e+01
1.453913688659667969e+01
2.337360954284667969e+01
1.860752105712890625e+01
1.206612205505371094e+01
2.080043411254882812e+01
1.287828063964843750e+01
2.975778198242187500e+01
4.481110382080078125e+01
3.471165847778320312e+01
2.999579811096191406e+01
4.711211395263671875e+01
1.172437667846679688e+01
3.198593139648437500e+01
4.793185806274414062e+01
4.399653244018554688e+01
2.775939559936523438e+01
4.010160827636718750e+01
7.312576293945312500e+01
2.395880126953125000e+01
4.068471908569335938e+01
5.937692260742187500e+01
8.366050720214843750e+01
3.722827911376953125e+01
1.957398033142089844e+01
5.497030639648437500e+01
2.674190139770507812e+01
2.903063774108886719e+01
2.429755783081054688e+01
4.046101760864257812e+01
4.402858352661132812e+01
3.603493118286132812e+01
3.966249465942382812e+01
2.545795440673828125e+01
6.842106628417968750e+01
3.608108520507812500e+00
8.236963272094726562e+00
3.707020187377929688e+01
3.908222961425781250e+01
3.172194480895996094e+01
2.771745681762695312e+01
6.276496887207031250e+01
1.125671386718750000e+01
5.185205841064453125e+01
7.068731689453125000e+01
5.687731170654296875e+01
4.794486236572265625e+01
3.062602233886718750e+01
2.940517425537109375e+01
4.419110488891601562e+01
5.406952667236328125e+01
1.120042228698730469e+01
3.761436080932617188e+01
3.519921875000000000e+01
2.382106018066406250e+01
4.056466293334960938e+01
2.936560249328613281e+01
2.553056144714355469e+01
3.291104507446289062e+01
2.546746444702148438e+01
2.771407890319824219e+01
1.352096176147460938e+01
6.443704986572265625e+01
3.141389083862304688e+01
3.551507949829101562e+01
2.566802978515625000e+01
3.209834289550781250e+01
1.059700584411621094e+01
2.616063117980957031e+01
1.890819549560546875e+01
2.140255737304687500e+01
1.882096290588378906e+01
2.687144088745117188e+01
1.008458900451660156e+01
3.840372467041015625e+01
4.226631164550781250e+01
3.975070190429687500e+01
3.597739410400390625e+01
3.080314254760742188e+01
4.022777557373046875e+01
4.362441635131835938e+01
6.708323669433593750e+01
5.005114746093750000e+01
1.552081871032714844e+01
9.589351654052734375e+00
8.023893737792968750e+01
1.053311347961425781e+01
1.797269439697265625e+01
3.734957122802734375e+01
5.688743591308593750e+01
5.195569610595703125e+01
5.289842224121093750e+01
3.672787857055664062e+01
3.177868270874023438e+01
3.474001693725585938e+01
8.472320556640625000e+00
6.128126525878906250e+01
3.724500656127929688e+01
1.233163833618164062e+01
2.503930282592773438e+01
3.110657119750976562e+01
5.107516098022460938e+01
1.900615119934082031e+01
8.030789184570312500e+01
2.598775482177734375e+01
3.698490524291992188e+01
5.168331146240234375e+01
5.001541137695312500e+01
5.748780059814453125e+01
5.959857177734375000e+01
3.091601371765136719e+01
7.534632110595703125e+01
7.504718017578125000e+01
2.057858657836914062e+01
3.015255928039550781e+01
9.754978179931640625e+00
2.314970397949218750e+01
2.515974426269531250e+01
4.160061264038085938e+01
3.208999252319335938e+01
2.423568534851074219e+01
3.562683486938476562e+01
7.177577972412109375e+01
5.190250015258789062e+01
3.248045349121093750e+01
5.295675659179687500e+01
3.316745376586914062e+01
6.128206253051757812e+00
5.159466552734375000e+01
3.902338027954101562e+01
1.435314750671386719e+01
2.956566429138183594e+01
1.892253494262695312e+01
6.676773071289062500e+01
3.687747192382812500e+01
5.891640090942382812e+01
3.566293334960937500e+01
2.044759941101074219e+01
1.489486885070800781e+01
2.430514335632324219e+01
8.782493591308593750e+00
6.676773071289062500e+01
2.017460632324218750e+01
7.092481994628906250e+01
3.981115722656250000e+01
6.222946166992187500e+01
3.870132827758789062e+01
4.116359710693359375e+01
8.491522216796875000e+01
6.026830291748046875e+01
4.061653518676757812e+01
5.752360534667968750e+01
4.468544769287109375e+01
2.424471664428710938e+01
5.151177215576171875e+01
2.307925033569335938e+01
2.722716903686523438e+01
1.092158889770507812e+01
2.605564117431640625e+01
3.061716079711914062e+01
5.576115417480468750e+01
2.933366012573242188e+01
3.865493774414062500e+01
4.052886581420898438e+01
5.197637939453125000e+01
2.509046173095703125e+01
4.108096313476562500e+01
4.017224502563476562e+01
2.312049484252929688e+01
5.182094573974609375e+01
5.340014648437500000e+01
1.019944763183593750e+01
9.785234451293945312e+00
1.368315696716308594e+01
1.635996246337890625e+01
2.353644943237304688e+01
7.460710144042968750e+01
5.160379028320312500e+01
1.983948516845703125e+01
5.455004119873046875e+01
4.494820022583007812e+01
6.477478027343750000e+01
2.615947723388671875e+01
3.982463073730468750e+01
3.569977569580078125e+01
3.307276153564453125e+01
2.830749893188476562e+01
3.589586257934570312e+01
2.983861541748046875e+01
1.246959304809570312e+01
3.358222961425781250e+01
1.342400741577148438e+01
5.333432769775390625e+01
8.356164932250976562e+00
7.794871520996093750e+01
4.562488174438476562e+01
2.511691284179687500e+01
7.534632110595703125e+01
5.107035064697265625e+01
3.245762634277343750e+01
7.861450195312500000e+01
2.946351623535156250e+01
4.517300033569335938e+01
3.802807235717773438e+01
6.009171676635742188e+01
3.320818710327148438e+01
1.221833229064941406e+01
1.507158088684082031e+01
2.759519195556640625e+01
3.711294174194335938e+01
4.370159530639648438e+01
7.297514343261718750e+01
3.068793106079101562e+01
3.607154846191406250e+01
8.629751205444335938e+00
4.710372161865234375e+01
3.983938217163085938e+01
2.055336952209472656e+01
1.222753143310546875e+01
3.755183029174804688e+01
4.385079956054687500e+01
5.549956512451171875e+01
1.802524185180664062e+01
4.380279922485351562e+01
1.418114662170410156e+01
2.022609710693359375e+01
1.802762985229492188e+01
2.545854187011718750e+01
7.857078552246093750e+01
4.723986053466796875e+01
9.685491561889648438e+00
5.186539840698242188e+01
6.475720214843750000e+01
5.245111083984375000e+01
3.876934814453125000e+01
8.331655502319335938e+00
4.333410263061523438e+01
3.731905746459960938e+01
4.072092819213867188e+01
1.238813591003417969e+01
3.905612945556640625e+01
2.490888595581054688e+01
3.162316131591796875e+01
1.390811920166015625e+01
3.356942749023437500e+01
3.222527694702148438e+01
3.664916229248046875e+01
4.182478713989257812e+01
3.757521438598632812e+01
3.533573150634765625e+01
5.227642059326171875e+01
1.540175819396972656e+01
3.696998596191406250e+01
6.639601135253906250e+01
1.897623634338378906e+01
3.794857025146484375e+01
3.028692054748535156e+01
4.900478363037109375e+01
7.328720855712890625e+01
4.252341079711914062e+01
3.009014129638671875e+01
4.009187316894531250e+01
4.252006149291992188e+01
1.444039344787597656e+01
3.557892990112304688e+01
4.562488174438476562e+01
3.854537200927734375e+01
3.948059082031250000e+01
5.069192886352539062e+01
4.348976898193359375e+01
5.021361541748046875e+01
4.131721115112304688e+01
4.011873626708984375e+01
3.437222290039062500e+01
1.627450942993164062e+01
6.920581054687500000e+01
3.107316970825195312e+01
2.344305801391601562e+01
4.517843627929687500e+01
4.320520782470703125e+01
4.429462432861328125e+01
5.831956481933593750e+01
2.037475395202636719e+01
2.454273986816406250e+01
1.637031936645507812e+01
3.608433914184570312e+01
7.545761108398437500e+00
2.763012695312500000e+01
4.107265472412109375e+01
5.013088226318359375e+01
3.667224884033203125e+01
3.997097015380859375e+01
5.331434249877929688e+01
1.184154129028320312e+01
3.289320755004882812e+01
1.485193061828613281e+01
3.358525085449218750e+01
4.555964660644531250e+01
6.444785308837890625e+01
3.518567276000976562e+01
3.274504470825195312e+01
1.191491889953613281e+01
1.164675140380859375e+01
4.416318130493164062e+01
5.455004119873046875e+01
5.322037506103515625e+01
2.803732109069824219e+01
5.552994918823242188e+01
1.911668586730957031e+01
3.646032333374023438e+01
2.044562911987304688e+01
4.254557037353515625e+01
2.894620704650878906e+01
4.849845123291015625e+01
3.134279632568359375e+01
5.448994445800781250e+01
3.929868316650390625e+01
3.165402984619140625e+01
4.045858764648437500e+01
1.141701507568359375e+01
2.213491821289062500e+01
5.727775573730468750e+01
5.251234817504882812e+01
7.032241058349609375e+01
1.411755943298339844e+01
6.538040161132812500e+01
2.701635932922363281e+01
3.192724037170410156e+01
2.961087036132812500e+01
3.453103256225585938e+01
2.847183227539062500e+01
4.087419509887695312e+01
5.649913787841796875e+01
1.089727592468261719e+01
2.528602218627929688e+01
9.375377655029296875e+00
3.613520050048828125e+01
2.715116691589355469e+01
2.719945526123046875e+01
2.041964340209960938e+01
5.322848510742187500e+01
3.505348205566406250e+01
1.600215148925781250e+01
4.994232177734375000e+01
5.520708465576171875e+01
2.768004608154296875e+01
3.248014450073242188e+01
1.240047454833984375e+01
2.073192977905273438e+01
1.284753036499023438e+01
1.332724571228027344e+01
5.134420013427734375e+01
4.279057312011718750e+01
2.954431915283203125e+01
3.072496986389160156e+01
2.965357780456542969e+01
3.818478775024414062e+01
1.203169250488281250e+01
2.986304092407226562e+01
1.606586265563964844e+01
3.645717239379882812e+01
4.710145187377929688e+01
2.024278259277343750e+01
3.972066879272460938e+01
4.820652770996093750e+01
4.117381286621093750e+01
2.876804733276367188e+01
8.343511962890625000e+01
1.530019760131835938e+01
4.308721160888671875e+01
3.764965057373046875e+01
5.488547897338867188e+01
4.041701507568359375e+01
4.151689910888671875e+01
1.598159217834472656e+01
3.223216629028320312e+01
5.455004119873046875e+01
1.262980461120605469e+01
3.740104293823242188e+01
1.958474540710449219e+01
8.113843917846679688e+00
7.291663360595703125e+01
1.533617401123046875e+01
1.688426208496093750e+01
6.006986999511718750e+01
7.241118621826171875e+01
1.480789566040039062e+01
2.034245300292968750e+01
6.165624237060546875e+01
4.052330780029296875e+01
6.562886810302734375e+01
1.561868286132812500e+01
2.634357452392578125e+01
2.160780525207519531e+01
4.578791046142578125e+01
5.886791992187500000e+01
3.818478775024414062e+01
1.120358085632324219e+01
6.676773071289062500e+01
4.212817001342773438e+01
4.198024749755859375e+01
7.534632110595703125e+01
1.180088996887207031e+01
5.189792633056640625e+01
2.078179550170898438e+01
3.625387954711914062e+01
6.695174407958984375e+01
2.491046524047851562e+01
2.261123847961425781e+01
3.933154678344726562e+01
2.905581474304199219e+01
5.283465576171875000e+01
2.493785285949707031e+01
2.874980926513671875e+01
6.467255401611328125e+01
4.836351013183593750e+01
3.140841674804687500e+01
2.463012886047363281e+01
3.267145538330078125e+01
2.203579711914062500e+01
4.126641082763671875e+01
2.213016700744628906e+01
2.376968002319335938e+01
4.094549179077148438e+01
4.059451675415039062e+01
3.696026611328125000e+01
3.818478775024414062e+01
3.096165084838867188e+01
3.454447174072265625e+01
3.440767288208007812e+01
3.781810379028320312e+01
3.520760726928710938e+01
1.676420593261718750e+01
7.092481994628906250e+01
3.773867797851562500e+01
2.160829734802246094e+01
2.852708816528320312e+01
6.086234283447265625e+01
2.217963790893554688e+01
7.177669525146484375e+01
4.520245361328125000e+01
1.900210571289062500e+01
3.245762634277343750e+01
1.048559761047363281e+01
3.983768844604492188e+01
3.486366271972656250e+01
3.550574111938476562e+01
4.403069686889648438e+01
3.762968444824218750e+01
2.053250122070312500e+01
4.575296783447265625e+01
4.321627044677734375e+01
2.865433502197265625e+01
2.632589149475097656e+01
3.831823730468750000e+01
4.117555618286132812e+01
4.856447219848632812e+01
2.340923690795898438e+01
1.326641273498535156e+01
3.346206283569335938e+01
7.270780944824218750e+01
5.372622680664062500e+01
4.965084075927734375e+01
3.110646629333496094e+01
3.226551055908203125e+01
2.910283470153808594e+01
3.581430816650390625e+01
1.570902633666992188e+01
2.235097503662109375e+01
6.222946166992187500e+01
1.989565658569335938e+01
1.282198333740234375e+01
2.759659385681152344e+01
2.060863113403320312e+01
4.126544189453125000e+01
1.407914352416992188e+01
3.138168716430664062e+01
2.435796356201171875e+01
4.517843627929687500e+01
3.923322296142578125e+01
4.163543319702148438e+01
3.726405715942382812e+01
5.226067352294921875e+01
4.864322280883789062e+01
5.178813171386718750e+01
3.052593040466308594e+01
5.179177093505859375e+01
5.705160522460937500e+01
1.022519111633300781e+01
1.853434181213378906e+01
5.314278030395507812e+01
4.624476623535156250e+01
7.092481994628906250e+01
2.726152229309082031e+01
3.044894409179687500e+01
4.066775894165039062e+01
3.170003128051757812e+01
3.370255661010742188e+01
4.516913604736328125e+01
1.678477859497070312e+01
1.022653388977050781e+01
4.986776733398437500e+01
3.738328933715820312e+01
3.572990036010742188e+01
5.000823593139648438e+01
6.538040161132812500e+01
1.144266891479492188e+01
2.970466041564941406e+01
1.076094627380371094e+01
7.914989471435546875e+00
2.204959487915039062e+01
1.956262969970703125e+01
2.646849822998046875e+01
3.028923034667968750e+01
4.082500457763671875e+01
1.829063415527343750e+01
2.737430000305175781e+01
5.694249725341796875e+01
3.929631042480468750e+01
5.607574462890625000e+01
3.791513824462890625e+01
1.515292549133300781e+01
3.882978057861328125e+01
2.699322128295898438e+01
3.062267303466796875e+01
2.973752975463867188e+01
3.031655502319335938e+01
1.953693008422851562e+01
3.541234970092773438e+01
5.078892135620117188e+01
2.932385826110839844e+01
3.732431793212890625e+01
4.517843627929687500e+01
3.295140457153320312e+01
6.875929260253906250e+01
4.668108367919921875e+01
3.074647140502929688e+01
4.304389572143554688e+01
3.866929244995117188e+01
4.112562561035156250e+01
2.811213302612304688e+01
2.677243804931640625e+01
3.616529464721679688e+01
5.549956512451171875e+01
2.624632263183593750e+01
2.207183074951171875e+01
3.245762634277343750e+01
2.871523475646972656e+01
2.976004600524902344e+01
1.284466361999511719e+01
3.818478775024414062e+01
5.026834487915039062e+01
5.954123687744140625e+01
3.889505386352539062e+01
2.929030418395996094e+01
3.697564315795898438e+01
5.072461700439453125e+01
5.033646774291992188e+01
3.077253913879394531e+01
5.637771224975585938e+01
5.649913787841796875e+01
4.979931640625000000e+01
2.228499603271484375e+01
3.088764381408691406e+01
2.811213302612304688e+01
3.454394149780273438e+01
2.195736694335937500e+01
1.592473983764648438e+01
4.766080474853515625e+01
6.677986145019531250e+01
2.397076416015625000e+01
3.384293365478515625e+01
2.055674743652343750e+01
3.436676788330078125e+01
1.407718658447265625e+01
7.368206787109375000e+01
1.062983894348144531e+01
7.297601318359375000e+01
3.929868316650390625e+01
3.866489791870117188e+01
3.632057189941406250e+01
4.605041885375976562e+01
5.687366867065429688e+01
5.011649322509765625e+01
7.495035171508789062e+00
3.220393753051757812e+01
1.586239814758300781e+01
5.616877746582031250e+01
3.756966400146484375e+01
2.093714141845703125e+01
6.874948120117187500e+01
2.092106246948242188e+01
4.474514389038085938e+01
2.464306640625000000e+01
1.733443260192871094e+01
3.084698486328125000e+01
3.683893966674804688e+01
1.192769050598144531e+01
6.452846527099609375e+01
3.417161178588867188e+01
9.052618026733398438e+00
3.328152465820312500e+01
4.566682815551757812e+01
6.404519653320312500e+01
3.974412536621093750e+01
3.003190040588378906e+01
2.292179489135742188e+01
2.142499542236328125e+01
8.749307632446289062e+00
1.332296180725097656e+01
2.273790359497070312e+01
4.117728042602539062e+01
6.651769638061523438e+00
2.904829406738281250e+01
4.811420440673828125e+01
4.817242813110351562e+01
2.708016204833984375e+01
6.766579437255859375e+01
2.968012619018554688e+01
4.392864608764648438e+01
3.541439056396484375e+01
3.576153564453125000e+01
7.671655654907226562e+00
3.432200241088867188e+01
3.646559143066406250e+01
5.203438949584960938e+01
5.278736114501953125e+01
1.464561843872070312e+01
5.659462738037109375e+01
3.906812667846679688e+01
5.902243041992187500e+01
5.831371307373046875e+01
1.965362739562988281e+01
6.538040161132812500e+01
6.548706054687500000e+01
3.158907127380371094e+01
2.094450759887695312e+01
2.058561325073242188e+01
2.462527656555175781e+01
2.209213638305664062e+01
3.752928161621093750e+01
2.669510459899902344e+01
2.840493202209472656e+01
3.384700012207031250e+01
3.348507690429687500e+01
2.560744094848632812e+01
3.768450164794921875e+01
4.189078140258789062e+01
5.098697280883789062e+01
2.531981468200683594e+01
7.721516418457031250e+01
2.695038986206054688e+01
4.317058944702148438e+01
6.758717346191406250e+01
3.933302688598632812e+01
3.187015533447265625e+01
3.788042068481445312e+01
8.261455535888671875e+00
3.693494796752929688e+01
2.991623306274414062e+01
1.326211357116699219e+01
3.223346328735351562e+01
2.354060173034667969e+01
3.196131706237792969e+01
1.707256889343261719e+01
3.301148223876953125e+01
3.223761367797851562e+01
1.780458068847656250e+01
3.646246719360351562e+01
3.373193359375000000e+01
1.465389442443847656e+01
1.181544494628906250e+01
2.482907867431640625e+01
1.911649703979492188e+01
2.817531013488769531e+01
3.511371231079101562e+01
2.992701721191406250e+01
5.383229064941406250e+01
1.087480926513671875e+01
2.640513992309570312e+01
3.175360870361328125e+01
5.496096801757812500e+01
1.289583778381347656e+01
