2.897758674621582031e+01
3.576237106323242188e+01
1.459408950805664062e+01
5.429874038696289062e+01
4.342004394531250000e+01
5.576939773559570312e+01
3.967466735839843750e+01
2.481048393249511719e+01
4.800724029541015625e+01
3.442642974853515625e+01
9.406415939331054688e+00
5.249321746826171875e+01
1.671526908874511719e+01
4.750361633300781250e+01
5.214229583740234375e+01
3.583805084228515625e+01
3.780634689331054688e+01
5.580300903320312500e+01
3.968124389648437500e+01
4.240604019165039062e+01
4.255475234985351562e+01
2.428767395019531250e+01
1.734585571289062500e+01
5.897946166992187500e+01
7.164034271240234375e+01
3.196338081359863281e+01
5.518932342529296875e+01
2.900421905517578125e+01
2.785211563110351562e+01
4.143714523315429688e+01
4.873964309692382812e+00
4.374664306640625000e+01
1.078104019165039062e+01
4.340693283081054688e+01
2.953361511230468750e+01
4.170338058471679688e+01
3.050797653198242188e+01
3.843294143676757812e+01
3.818382644653320312e+01
2.473039627075195312e+01
8.967483520507812500e+00
3.188681793212890625e+01
3.625041961669921875e+00
3.938014602661132812e+01
2.515646362304687500e+01
2.471442413330078125e+01
3.521166610717773438e+01
2.995841789245605469e+01
6.923624420166015625e+01
5.313962554931640625e+01
1.957677268981933594e+01
2.883889770507812500e+01
2.873738098144531250e+01
2.660109901428222656e+01
4.080678558349609375e+01
2.167655944824218750e+01
4.300153350830078125e+01
4.685008239746093750e+01
4.274037170410156250e+01
3.595069503784179688e+01
4.408159637451171875e+01
1.903384780883789062e+01
3.837261199951171875e+01
5.454062271118164062e+01
1.053403282165527344e+01
2.913388824462890625e+01
7.881528854370117188e+00
1.206945800781250000e+01
6.515819549560546875e+01
4.896815109252929688e+01
4.322504425048828125e+01
2.263111877441406250e+01
1.554272651672363281e+01
5.194672775268554688e+01
1.196980667114257812e+01
1.428485298156738281e+01
6.484152221679687500e+01
3.112628173828125000e+01
3.902182769775390625e+01
4.405834197998046875e+01
1.337434577941894531e+01
3.187128448486328125e+01
1.594483184814453125e+01
4.721713638305664062e+01
4.168582916259765625e+01
1.230105209350585938e+01
4.029373168945312500e+01
6.111350250244140625e+01
2.525260543823242188e+01
2.431703186035156250e+01
2.724366760253906250e+01
3.414199447631835938e+01
3.239625930786132812e+01
3.416216659545898438e+01
2.468594551086425781e+01
6.639943695068359375e+01
3.446712112426757812e+01
5.343525314331054688e+01
1.738485336303710938e+01
6.990872192382812500e+01
9.912513732910156250e+00
3.609747314453125000e+01
2.585210800170898438e+01
2.118311119079589844e+01
3.866123580932617188e+01
4.292770385742187500e+01
2.348308563232421875e+01
4.229581832885742188e+01
2.375033950805664062e+01
3.898914718627929688e+01
1.183569908142089844e+01
3.706609344482421875e+01
1.659558486938476562e+01
3.078300094604492188e+01
4.359440231323242188e+01
1.352084541320800781e+01
2.947847366333007812e+01
4.761829376220703125e+01
4.841792678833007812e+01
3.526756668090820312e+01
5.782156753540039062e+01
6.816799163818359375e+00
5.407044601440429688e+01
2.893720436096191406e+01
3.561032867431640625e+01
4.451200103759765625e+01
6.579970550537109375e+01
4.335292816162109375e+01
4.044186019897460938e+01
4.590637588500976562e+01
3.692882919311523438e+01
6.926004409790039062e+00
7.234164428710937500e+01
4.996438217163085938e+01
1.362188720703125000e+01
3.500396347045898438e+01
1.821699714660644531e+01
6.864137268066406250e+01
3.060368537902832031e+01
6.108956909179687500e+01
8.717933654785156250e+00
2.003201866149902344e+01
3.224138641357421875e+01
3.705519866943359375e+01
1.666242218017578125e+01
2.549337196350097656e+01
3.264424896240234375e+01
4.197266769409179688e+01
3.217176437377929688e+01
3.110493469238281250e+01
2.966005325317382812e+01
2.418825531005859375e+01
3.385255432128906250e+01
2.008647155761718750e+01
2.767749404907226562e+01
5.562459945678710938e+01
7.888149261474609375e+00
2.696652030944824219e+01
1.418419265747070312e+01
3.242198944091796875e+01
3.862006378173828125e+01
2.069558143615722656e+01
3.896920776367187500e+01
4.958753585815429688e+00
4.048534393310546875e+01
4.274943923950195312e+01
2.774185371398925781e+01
3.195786857604980469e+01
4.993014526367187500e+01
4.084009170532226562e+01
4.878130340576171875e+01
2.565440750122070312e+01
1.342164802551269531e+01
2.591476821899414062e+01
1.726661300659179688e+01
2.702057838439941406e+01
5.281891632080078125e+01
3.646894836425781250e+01
2.697440719604492188e+01
3.115296554565429688e+01
4.145248413085937500e+01
4.003693389892578125e+01
6.447154235839843750e+01
5.302064895629882812e+01
3.675284576416015625e+01
4.660791015625000000e+01
3.568723297119140625e+01
3.044077491760253906e+01
5.420645904541015625e+01
3.051168441772460938e+01
1.432098960876464844e+01
7.320706939697265625e+01
2.164985656738281250e+01
5.577383804321289062e+01
5.483161163330078125e+01
6.140978240966796875e+01
5.860858535766601562e+01
5.939398193359375000e+01
3.928623962402343750e+01
3.175327301025390625e+01
1.976605033874511719e+01
3.058324241638183594e+01
3.626177978515625000e+01
1.864326858520507812e+01
3.869940567016601562e+01
3.186113739013671875e+01
3.324157714843750000e+01
8.628446578979492188e+00
3.911985397338867188e+01
3.589005279541015625e+01
3.867178726196289062e+01
3.309574127197265625e+01
2.502352714538574219e+01
1.688482666015625000e+01
4.574201202392578125e+01
7.582319641113281250e+01
1.720541000366210938e+01
3.483745956420898438e+01
4.955025863647460938e+01
3.903165054321289062e+01
5.366712951660156250e+01
2.508954620361328125e+01
3.707104873657226562e+01
5.169292068481445312e+01
2.604329681396484375e+01
2.597891998291015625e+01
3.174412345886230469e+01
3.178182220458984375e+01
3.734671401977539062e+01
1.493290710449218750e+01
5.001872634887695312e+01
2.260846328735351562e+01
3.101219749450683594e+01
3.220582580566406250e+01
5.746429443359375000e+01
3.495642852783203125e+01
1.407693672180175781e+01
1.672654724121093750e+01
7.582319641113281250e+01
4.001617813110351562e+01
1.780767440795898438e+01
5.454062271118164062e+01
2.054203414916992188e+01
4.929042816162109375e+01
4.402141189575195312e+01
4.030931091308593750e+01
3.681120300292968750e+01
4.093404769897460938e+01
2.318223953247070312e+01
1.954230117797851562e+01
7.086368560791015625e+00
2.744707489013671875e+01
3.044077491760253906e+01
9.932804107666015625e+00
2.508357620239257812e+01
1.130197715759277344e+01
4.582420730590820312e+01
5.182616424560546875e+01
5.408774185180664062e+01
3.907113647460937500e+01
1.372152519226074219e+01
7.199633026123046875e+01
6.706484222412109375e+01
3.099786186218261719e+01
5.071239471435546875e+01
3.972211837768554688e+01
5.175344085693359375e+01
2.295672416687011719e+01
2.873738098144531250e+01
3.826179122924804688e+01
3.517738723754882812e+01
2.483845520019531250e+01
4.421470642089843750e+01
4.633224868774414062e+01
2.326837921142578125e+01
1.458857917785644531e+01
3.945207214355468750e+01
3.899499511718750000e+01
2.008204078674316406e+01
2.530918121337890625e+01
3.483449935913085938e+01
2.892160606384277344e+01
4.236886596679687500e+01
1.875673103332519531e+01
3.806553268432617188e+01
3.111152458190917969e+01
7.582319641113281250e+01
4.080678558349609375e+01
1.608947753906250000e+01
4.173144149780273438e+01
3.965871429443359375e+01
1.763500213623046875e+00
3.816936111450195312e+01
3.744039916992187500e+01
3.373329544067382812e+01
3.110694885253906250e+01
1.096582412719726562e+01
1.431433677673339844e+01
1.914370918273925781e+01
4.125398254394531250e+01
4.036613464355468750e+01
1.139616012573242188e+01
1.209749794006347656e+01
1.490024566650390625e+01
3.950602340698242188e+01
7.526376342773437500e+01
6.533843994140625000e+01
1.690032005310058594e+01
3.561101913452148438e+01
2.307654762268066406e+01
3.065520286560058594e+01
3.087088012695312500e+01
5.613515090942382812e+01
1.700380516052246094e+01
4.146493148803710938e+01
1.621581459045410156e+01
4.150709533691406250e+01
3.384427261352539062e+01
3.872027587890625000e+01
3.451704406738281250e+01
7.234164428710937500e+01
4.087089920043945312e+01
2.955331802368164062e+01
4.599556732177734375e+01
3.026893806457519531e+01
3.954379272460937500e+01
6.168885803222656250e+01
5.160972976684570312e+01
1.584020423889160156e+01
3.093501091003417969e+01
1.064636039733886719e+01
6.304154205322265625e+01
3.903282165527343750e+01
3.499754333496093750e+01
5.245250701904296875e+01
4.254220962524414062e+01
1.680134391784667969e+01
5.932975387573242188e+01
3.239126586914062500e+01
5.956797790527343750e+01
7.146543884277343750e+01
4.292348861694335938e+01
4.591265106201171875e+01
2.526067733764648438e+01
6.768978118896484375e+01
4.328117752075195312e+01
2.523230552673339844e+01
2.781387519836425781e+01
5.444961166381835938e+01
2.490360450744628906e+01
4.138502120971679688e+01
2.598469924926757812e+01
2.611207580566406250e+01
3.332552719116210938e+01
2.609533309936523438e+01
1.622642326354980469e+01
3.527529907226562500e+01
2.353560638427734375e+01
4.974600982666015625e+01
5.678681564331054688e+01
5.408442687988281250e+01
1.265081214904785156e+01
3.119768524169921875e+01
3.179496383666992188e+01
3.860860824584960938e+01
3.137869071960449219e+01
4.069744110107421875e+01
6.322388458251953125e+01
3.575116729736328125e+01
3.677169036865234375e+01
3.679067611694335938e+01
1.411704063415527344e+01
1.914344787597656250e+01
1.394016838073730469e+01
2.555536270141601562e+01
5.932975387573242188e+01
1.219877433776855469e+01
1.247515487670898438e+01
3.156625747680664062e+01
9.566410064697265625e+00
5.449023056030273438e+01
2.427621459960937500e+01
3.160616683959960938e+01
1.022139167785644531e+01
4.864343643188476562e+01
2.402840042114257812e+01
3.053762245178222656e+01
6.345119476318359375e+00
1.921157646179199219e+01
2.874020385742187500e+01
4.196007919311523438e+01
2.165515899658203125e+01
5.196636581420898438e+01
9.936624526977539062e+00
1.348806381225585938e+01
4.148327636718750000e+01
1.291998291015625000e+01
1.254209518432617188e+01
1.364558601379394531e+01
3.017115020751953125e+01
1.481873893737792969e+01
4.580903244018554688e+01
3.976559829711914062e+01
1.878902244567871094e+01
1.619986724853515625e+01
2.246744728088378906e+01
5.897946166992187500e+01
5.865526199340820312e+01
2.348359489440917969e+01
2.624329566955566406e+01
3.739177322387695312e+01
3.861732864379882812e+01
4.101181030273437500e+01
9.671865463256835938e+00
3.955956649780273438e+01
4.616061782836914062e+01
2.018144607543945312e+01
3.754350280761718750e+01
4.826950073242187500e+01
4.354204559326171875e+01
4.965229797363281250e+01
3.044077491760253906e+01
4.811735153198242188e+00
4.842438888549804688e+01
3.336524581909179688e+01
1.887308502197265625e+01
7.838365554809570312e+00
7.234164428710937500e+01
5.374942779541015625e+01
1.731918716430664062e+01
8.243694305419921875e+00
5.076187515258789062e+01
7.294668579101562500e+01
3.081332397460937500e+01
4.824002456665039062e+01
6.461948394775390625e+01
6.714035797119140625e+01
2.007932472229003906e+01
5.832229614257812500e+01
7.234164428710937500e+01
3.656602096557617188e+01
2.153471374511718750e+01
2.371350669860839844e+01
1.993888473510742188e+01
3.454181289672851562e+01
4.363047409057617188e+01
2.862035560607910156e+01
4.663044357299804688e+01
1.835702323913574219e+01
2.478003311157226562e+01
3.164594650268554688e+01
1.906963920593261719e+01
1.267992019653320312e+01
1.510326957702636719e+01
1.962737083435058594e+01
4.035602569580078125e+01
3.860349655151367188e+01
4.953803634643554688e+01
3.583783721923828125e+01
3.249584960937500000e+01
3.105662155151367188e+01
1.710788345336914062e+01
3.696072387695312500e+01
2.095878982543945312e+01
5.297346115112304688e+01
3.902116012573242188e+01
2.972067451477050781e+01
7.149493408203125000e+01
3.364978790283203125e+01
2.873738098144531250e+01
7.057855224609375000e+01
3.544716262817382812e+01
3.610712814331054688e+01
3.085231208801269531e+01
3.361138916015625000e+01
2.089661598205566406e+01
4.056700897216796875e+01
3.470488739013671875e+01
1.821091461181640625e+01
3.049178695678710938e+01
5.469781875610351562e+00
6.452218627929687500e+01
1.837215232849121094e+01
3.906487655639648438e+01
5.308105850219726562e+01
3.137172889709472656e+01
2.141801452636718750e+01
2.486757659912109375e+01
5.433514404296875000e+01
4.369979858398437500e+01
6.083760833740234375e+01
3.074501037597656250e+01
5.588653564453125000e+01
3.154425430297851562e+01
1.486864280700683594e+01
2.233246994018554688e+01
1.622060394287109375e+01
5.299410247802734375e+01
7.006253814697265625e+01
6.968438720703125000e+01
4.069744110107421875e+01
3.762780761718750000e+01
4.574489593505859375e+01
4.566167831420898438e+01
6.632293701171875000e+01
4.729679107666015625e+01
3.846015930175781250e+01
2.809382247924804688e+01
2.765325736999511719e+01
2.823513031005859375e+01
4.652135848999023438e+01
5.626965713500976562e+01
8.316099548339843750e+01
2.770709037780761719e+01
2.349733924865722656e+01
4.821988296508789062e+01
2.419066810607910156e+01
6.304154205322265625e+01
3.782584762573242188e+01
4.199703216552734375e+00
4.904849243164062500e+01
4.047764587402343750e+01
3.530422973632812500e+01
3.305421829223632812e+01
1.675316429138183594e+01
3.108485603332519531e+01
4.732138061523437500e+01
2.528573417663574219e+01
4.429470825195312500e+01
1.580258750915527344e+01
4.995671844482421875e+01
5.844392776489257812e+01
1.928538894653320312e+01
5.420711135864257812e+01
1.058642959594726562e+01
3.958556365966796875e+01
1.794743919372558594e+01
3.206528472900390625e+01
3.961711120605468750e+01
1.196097946166992188e+01
4.758551788330078125e+01
4.931561279296875000e+01
3.750643920898437500e+01
5.271498107910156250e+01
3.795898818969726562e+01
4.224855422973632812e+01
2.366884803771972656e+01
4.075484466552734375e+01
3.534774780273437500e+01
3.458865356445312500e+01
1.435177230834960938e+01
7.428184509277343750e+01
5.511087036132812500e+01
4.551372909545898438e+01
5.431509017944335938e+00
4.682982254028320312e+01
3.451068878173828125e+01
3.133536148071289062e+01
1.270524406433105469e+01
4.372779083251953125e+01
4.222584533691406250e+01
2.699797439575195312e+01
3.244237899780273438e+01
4.448501586914062500e+01
3.235731506347656250e+01
3.459905242919921875e+01
7.090959167480468750e+01
3.961362075805664062e+01
5.669837188720703125e+01
2.718960762023925781e+01
4.439955902099609375e+01
5.113579940795898438e+01
5.193792724609375000e+01
4.992301940917968750e+01
3.383514022827148438e+01
4.004645156860351562e+01
2.608423614501953125e+01
3.957884979248046875e+01
2.604467773437500000e+01
3.176658630371093750e+01
1.372469520568847656e+01
3.339500808715820312e+01
7.355355072021484375e+01
2.270141983032226562e+01
2.962113761901855469e+01
3.579517745971679688e+01
4.514748764038085938e+01
2.264524841308593750e+01
3.017646217346191406e+01
2.328357696533203125e+01
2.457460594177246094e+01
5.454062271118164062e+01
7.522463989257812500e+01
3.750643920898437500e+01
3.143375778198242188e+01
5.601965332031250000e+01
8.670425415039062500e+00
3.228981399536132812e+01
6.320841217041015625e+01
1.284570503234863281e+01
2.474653816223144531e+01
1.286803245544433594e+01
1.340308570861816406e+01
2.997904396057128906e+01
6.332226562500000000e+01
3.806553268432617188e+01
3.406898498535156250e+01
3.044001770019531250e+01
3.021430206298828125e+01
6.384109497070312500e+01
4.604510498046875000e+01
5.019274902343750000e+01
4.920115661621093750e+01
3.089300918579101562e+01
3.846153259277343750e+01
3.010512161254882812e+01
6.768978118896484375e+01
2.152598953247070312e+01
2.911823654174804688e+01
2.822885894775390625e+01
3.678697586059570312e+01
3.475462341308593750e+01
1.620701026916503906e+01
2.150224685668945312e+01
1.032708930969238281e+01
3.936165618896484375e+01
5.871377182006835938e+01
2.255577850341796875e+01
4.064228820800781250e+01
2.157550811767578125e+01
2.299478530883789062e+01
2.054788017272949219e+01
1.342478752136230469e+01
3.297008132934570312e+01
2.258612823486328125e+01
4.715277481079101562e+01
3.355918502807617188e+01
4.010134124755859375e+01
6.874048614501953125e+01
4.148949050903320312e+01
4.354745483398437500e+01
4.255842208862304688e+01
1.988155364990234375e+01
3.223155593872070312e+01
7.453096008300781250e+01
1.622718048095703125e+01
2.649938201904296875e+01
1.943154335021972656e+01
2.063972473144531250e+01
2.276214218139648438e+01
5.600821685791015625e+01
7.502325057983398438e+00
4.614794921875000000e+01
3.933336257934570312e+01
6.169322967529296875e+01
5.075232315063476562e+01
6.749257659912109375e+01
3.095509529113769531e+01
4.377398681640625000e+01
2.280102920532226562e+01
1.545337104797363281e+01
4.804227828979492188e+01
3.012098884582519531e+01
3.715872192382812500e+01
6.708514404296875000e+01
4.677758026123046875e+01
1.351224327087402344e+01
5.345861434936523438e+00
3.410176467895507812e+01
2.635410690307617188e+01
1.094569778442382812e+01
1.423241424560546875e+01
3.661222076416015625e+01
3.401554107666015625e+01
4.372547531127929688e+01
6.266864013671875000e+01
4.288863372802734375e+01
5.796453094482421875e+01
7.582319641113281250e+01
3.557625198364257812e+01
3.807587814331054688e+01
2.774185371398925781e+01
5.184632110595703125e+01
2.836998748779296875e+01
5.108209228515625000e+01
7.764584350585937500e+01
6.466859436035156250e+01
3.478098678588867188e+01
3.938676452636718750e+01
1.386803627014160156e+01
4.434232711791992188e+01
3.178009223937988281e+01
2.356307983398437500e+01
3.293394470214843750e+01
2.877445602416992188e+01
4.730599212646484375e+01
4.463188171386718750e+01
5.229546356201171875e+01
1.819797325134277344e+01
3.522572708129882812e+01
3.258874511718750000e+01
4.406143951416015625e+01
1.733032226562500000e+01
3.806553268432617188e+01
4.044139862060546875e+01
1.049070549011230469e+01
2.261175537109375000e+01
2.448549079895019531e+01
6.322057342529296875e+01
3.244675445556640625e+01
4.094694137573242188e+01
6.922677612304687500e+01
5.470158004760742188e+01
5.412359619140625000e+01
2.808471488952636719e+01
5.417353820800781250e+01
8.666685104370117188e+00
5.684375762939453125e+01
4.084995651245117188e+01
1.617662048339843750e+01
2.967058944702148438e+01
6.840871429443359375e+01
3.035419082641601562e+01
4.458111572265625000e+01
2.125786781311035156e+01
6.369265747070312500e+01
4.765891265869140625e+01
1.008562850952148438e+01
4.782787704467773438e+01
2.021426010131835938e+01
1.140555000305175781e+01
5.981753921508789062e+01
1.333950996398925781e+01
7.435771179199218750e+01
1.810779762268066406e+01
5.143553543090820312e+01
5.206251144409179688e+01
1.164938354492187500e+01
1.646239471435546875e+01
7.136444091796875000e+01
3.420816040039062500e+01
2.103628349304199219e+01
4.267908096313476562e+01
3.493068695068359375e+01
1.677644538879394531e+01
2.048888397216796875e+01
5.046834564208984375e+01
6.475874328613281250e+01
4.532743453979492188e+01
4.187432098388671875e+01
3.544896316528320312e+01
2.454360580444335938e+01
6.037679290771484375e+01
6.380566787719726562e+01
5.027568054199218750e+01
4.138040924072265625e+01
7.594340515136718750e+01
3.339149475097656250e+01
1.280879211425781250e+01
9.431077957153320312e+00
4.544711685180664062e+01
4.953824996948242188e+01
2.450648117065429688e+01
1.980156326293945312e+01
7.757295608520507812e+00
1.619805526733398438e+01
2.814257431030273438e+01
5.829458999633789062e+01
4.328567504882812500e+01
2.934442520141601562e+01
3.205929565429687500e+01
3.834238815307617188e+01
6.714035797119140625e+01
6.526011657714843750e+01
3.366125869750976562e+01
2.440650177001953125e+01
2.128231239318847656e+01
5.525894546508789062e+01
1.361809539794921875e+01
6.484152221679687500e+01
5.141036224365234375e+01
1.618482780456542969e+01
4.965412902832031250e+01
5.711150360107421875e+01
4.464337158203125000e+01
5.610842132568359375e+01
4.081258773803710938e+01
5.479046630859375000e+01
4.316267013549804688e+01
1.009293365478515625e+01
2.858810806274414062e+01
1.835792350769042969e+01
3.689592361450195312e+01
1.152221488952636719e+01
3.341962814331054688e+01
3.753551483154296875e+01
4.069744110107421875e+01
6.433924865722656250e+01
2.911726570129394531e+01
6.304154205322265625e+01
3.480375289916992188e+01
4.348322296142578125e+01
3.417576599121093750e+01
2.507519721984863281e+01
2.784874534606933594e+01
6.714035797119140625e+01
2.326567840576171875e+01
2.608100700378417969e+01
3.934773254394531250e+01
2.544237327575683594e+01
5.844392776489257812e+01
1.709714126586914062e+01
5.262954330444335938e+01
5.482139205932617188e+01
1.854042434692382812e+01
1.124600791931152344e+01
5.730665588378906250e+01
3.815458679199218750e+01
6.721697235107421875e+01
2.944223403930664062e+01
3.558014297485351562e+01
1.667145919799804688e+01
1.300414276123046875e+01
2.142843055725097656e+01
3.603503036499023438e+01
4.956199645996093750e+01
4.079084014892578125e+01
2.615463638305664062e+01
4.163037490844726562e+01
5.897946166992187500e+01
3.886778259277343750e+01
5.466633224487304688e+01
4.822652816772460938e+01
1.021617507934570312e+01
7.464544677734375000e+01
5.418994522094726562e+01
3.253421020507812500e+01
5.131925582885742188e+01
2.903745269775390625e+01
3.182072257995605469e+01
2.443915176391601562e+01
5.490850067138671875e+01
1.663907051086425781e+01
2.107105064392089844e+01
4.628618240356445312e+01
1.931299209594726562e+01
3.699186325073242188e+01
1.071505737304687500e+01
1.895985221862792969e+01
5.844392776489257812e+01
4.534460830688476562e+01
2.552614402770996094e+01
5.104560089111328125e+01
2.517036437988281250e+01
3.294921875000000000e+01
3.532451629638671875e+01
6.484152221679687500e+01
3.433049774169921875e+01
1.287890815734863281e+01
6.007683563232421875e+01
2.430108642578125000e+01
8.940357208251953125e+00
4.152439498901367188e+01
3.531245040893554688e+01
6.469802856445312500e+01
3.044077491760253906e+01
9.788997650146484375e+00
3.010723495483398438e+01
2.872982978820800781e+01
3.526125335693359375e+01
6.149134063720703125e+01
3.845507431030273438e+01
3.701966094970703125e+01
2.465504455566406250e+01
3.974925613403320312e+01
3.672398757934570312e+01
3.277754592895507812e+01
2.593421173095703125e+01
1.625491905212402344e+01
2.003201866149902344e+01
4.080678558349609375e+01
4.238444900512695312e+01
1.392055511474609375e+01
6.434341430664062500e+01
1.565154838562011719e+01
4.139608764648437500e+01
3.324909210205078125e+01
3.279502105712890625e+01
7.230363464355468750e+01
2.736055755615234375e+01
6.929850769042968750e+01
4.088514328002929688e+00
1.358696365356445312e+01
2.572054862976074219e+01
6.714035797119140625e+01
2.272111892700195312e+01
1.270882415771484375e+01
2.091615104675292969e+01
5.208876800537109375e+01
1.198064041137695312e+01
1.250012207031250000e+01
4.446096038818359375e+01
2.149654579162597656e+01
8.209083557128906250e+00
3.065520286560058594e+01
1.852104187011718750e+00
3.730947494506835938e+01
2.784886932373046875e+01
3.616646575927734375e+01
3.910353469848632812e+01
4.945352554321289062e+00
3.806456375122070312e+01
1.503040313720703125e+01
3.198950958251953125e+01
2.801079559326171875e+01
1.715862464904785156e+01
3.324456024169921875e+01
4.069963836669921875e+01
9.337392807006835938e+00
4.272039794921875000e+01
6.087436676025390625e+01
3.340441131591796875e+01
5.770988464355468750e+00
4.105305099487304688e+01
3.129893684387207031e+01
4.125296783447265625e+01
6.781463623046875000e+01
