2.250657081604003906e+01
3.337122726440429688e+01
4.871941757202148438e+01
3.595748901367187500e+01
4.295237731933593750e+01
3.414706039428710938e+01
4.723286437988281250e+01
8.913463592529296875e+00
1.713421821594238281e+01
4.168872833251953125e+01
1.399273300170898438e+01
4.221928405761718750e+01
1.821673774719238281e+01
3.167383956909179688e+01
3.579018020629882812e+01
2.218053817749023438e+01
3.150278282165527344e+01
4.042467498779296875e+01
4.175842285156250000e+01
2.889295578002929688e+01
1.927868843078613281e+01
7.306450653076171875e+01
1.740228652954101562e+01
2.396190452575683594e+01
3.135941696166992188e+01
5.372995376586914062e+00
4.393820190429687500e+01
1.067948532104492188e+01
3.640952682495117188e+01
3.141018104553222656e+01
1.442512893676757812e+01
2.675289344787597656e+01
1.506996154785156250e+01
3.401601791381835938e+01
7.323333740234375000e+01
1.017808151245117188e+01
3.777533721923828125e+01
4.314525985717773438e+01
3.192092514038085938e+01
1.549797439575195312e+01
2.390150070190429688e+01
5.115720748901367188e+01
1.547227478027343750e+01
3.348733139038085938e+01
5.466839599609375000e+01
2.629894638061523438e+01
2.006519126892089844e+01
3.641600036621093750e+01
3.539299011230468750e+01
1.856107521057128906e+01
2.065446090698242188e+01
6.290248489379882812e+01
3.581762695312500000e+01
5.624203491210937500e+01
7.889028549194335938e+00
1.448510932922363281e+01
4.425081634521484375e+01
4.634011077880859375e+01
4.236988449096679688e+01
2.551300048828125000e+01
5.946545410156250000e+01
5.563806152343750000e+01
3.786170196533203125e+01
5.070046615600585938e+01
2.720515632629394531e+01
1.303010749816894531e+01
4.247779846191406250e+01
1.330575180053710938e+01
5.456505584716796875e+01
1.826584434509277344e+01
5.728052520751953125e+01
2.841822624206542969e+01
5.539557647705078125e+01
1.458164787292480469e+01
4.657703018188476562e+01
1.644182014465332031e+01
6.529595947265625000e+01
6.195669937133789062e+01
2.756609535217285156e+01
4.509168624877929688e+01
7.126859283447265625e+01
3.397430801391601562e+01
3.022235870361328125e+01
1.531362342834472656e+01
3.862776947021484375e+01
1.300368499755859375e+01
5.125048828125000000e+01
4.424791717529296875e+01
3.707065200805664062e+01
4.893025970458984375e+01
3.795017242431640625e+01
3.780658340454101562e+01
2.475168418884277344e+01
3.505697631835937500e+01
2.568524551391601562e+01
3.633345031738281250e+01
7.295036315917968750e+01
4.066950225830078125e+01
5.301918792724609375e+01
5.201153564453125000e+01
1.750475692749023438e+01
3.886539077758789062e+01
3.067581558227539062e+01
2.515938568115234375e+01
3.652539443969726562e+01
3.739657974243164062e+01
2.069901275634765625e+01
3.933380889892578125e+01
1.285551643371582031e+01
2.360680770874023438e+01
2.537481689453125000e+01
3.599740600585937500e+01
3.040068626403808594e+01
1.511738204956054688e+01
2.475944519042968750e+01
3.533432388305664062e+01
4.175896453857421875e+01
1.236257934570312500e+01
3.272561264038085938e+01
6.888656616210937500e+01
6.040412139892578125e+01
5.674001693725585938e+01
1.531054306030273438e+01
3.489921569824218750e+00
2.893496131896972656e+01
2.879145812988281250e+01
4.879562377929687500e+01
8.427692413330078125e+00
2.356689643859863281e+01
1.160998725891113281e+01
2.784950256347656250e+01
2.887193489074707031e+01
2.870722579956054688e+01
2.751641273498535156e+01
3.405646514892578125e+01
3.009560585021972656e+01
3.402399444580078125e+01
3.924339294433593750e+01
3.370031738281250000e+01
3.211990356445312500e+01
3.573422241210937500e+01
2.407444572448730469e+01
2.727916908264160156e+01
4.735774230957031250e+01
3.029994392395019531e+01
1.563104248046875000e+01
6.200698089599609375e+01
4.817499542236328125e+01
5.125048828125000000e+01
3.419540786743164062e+01
4.468132781982421875e+01
8.739053726196289062e+00
4.664160537719726562e+01
2.313418197631835938e+01
3.579413604736328125e+01
5.375326538085937500e+01
4.052534484863281250e+01
4.069754409790039062e+01
1.019420814514160156e+01
1.227509689331054688e+01
8.645219802856445312e+00
2.947165298461914062e+01
7.111267089843750000e+00
3.599787139892578125e+01
4.398203277587890625e+01
3.884954071044921875e+01
4.069227600097656250e+01
8.208894348144531250e+01
3.724005508422851562e+01
1.962913703918457031e+01
4.028313827514648438e+01
1.759741401672363281e+01
3.902776336669921875e+01
1.262535476684570312e+01
2.566796112060546875e+01
4.945675277709960938e+01
1.519640541076660156e+01
4.074893569946289062e+01
2.794842910766601562e+01
3.510866165161132812e+01
2.250368881225585938e+01
3.691508865356445312e+01
3.981404495239257812e+01
9.141353607177734375e+00
3.661685562133789062e+01
2.341872406005859375e+01
5.222949218750000000e+01
7.011727905273437500e+01
1.709803771972656250e+01
2.398753929138183594e+01
6.467413330078125000e+01
4.030886840820312500e+01
6.888656616210937500e+01
3.890258026123046875e+01
5.352190399169921875e+01
5.699094772338867188e+01
2.646036338806152344e+01
1.056410026550292969e+01
6.888656616210937500e+01
6.603821563720703125e+01
3.837262725830078125e+01
4.434309005737304688e+00
1.962166786193847656e+01
5.110426712036132812e+01
5.719767761230468750e+01
2.005485153198242188e+01
2.101408767700195312e+01
7.748804473876953125e+01
5.145862579345703125e+01
4.959408187866210938e+01
4.175850296020507812e+01
7.748804473876953125e+01
4.106050109863281250e+01
5.199796295166015625e+01
3.081605529785156250e+01
2.743329238891601562e+01
4.217574691772460938e+01
1.430294036865234375e+01
3.866504669189453125e+01
2.693021202087402344e+01
3.623427200317382812e+01
2.389917564392089844e+01
3.073614883422851562e+01
3.365352630615234375e+01
4.091384887695312500e+01
4.301806259155273438e+01
3.357277679443359375e+01
2.886715316772460938e+01
1.103037643432617188e+01
3.024348258972167969e+01
4.244092559814453125e+01
2.840538978576660156e+01
6.457658386230468750e+01
4.342678451538085938e+01
1.560262298583984375e+01
3.776364898681640625e+01
3.358021545410156250e+01
3.716742706298828125e+01
5.550331115722656250e+01
3.599312591552734375e+01
7.606763839721679688e+00
2.687575531005859375e+01
3.688779449462890625e+01
5.153644561767578125e+01
3.705144882202148438e+01
2.664548110961914062e+01
6.829589843750000000e+01
5.074544525146484375e+01
2.534672164916992188e+01
2.444694900512695312e+01
6.498075866699218750e+01
3.387171173095703125e+01
3.971293258666992188e+01
2.056777000427246094e+01
4.167665481567382812e+01
4.016343688964843750e+01
7.475396728515625000e+01
6.888656616210937500e+01
2.855842971801757812e+01
3.686210250854492188e+01
2.676948738098144531e+01
7.979240417480468750e-01
4.687554931640625000e+01
4.250532531738281250e+01
4.972646713256835938e+01
1.891529083251953125e+01
1.733339118957519531e+01
2.896637725830078125e+01
2.756609535217285156e+01
1.893853759765625000e+01
3.896986770629882812e+01
2.400759506225585938e+01
2.815413284301757812e+01
2.133597946166992188e+01
1.292921066284179688e+01
1.681447410583496094e+01
1.111111068725585938e+01
1.034634590148925781e+01
7.154434967041015625e+01
7.098175811767578125e+01
2.804729080200195312e+01
4.968465805053710938e+00
1.330131340026855469e+01
9.395811080932617188e+00
3.539299011230468750e+01
2.147630691528320312e+01
1.001014137268066406e+01
9.729648590087890625e+00
3.325251007080078125e+01
5.749656677246093750e+01
3.933380889892578125e+01
6.665251922607421875e+01
4.382477569580078125e+01
7.032057189941406250e+01
9.537960052490234375e+00
3.187961959838867188e+01
2.558547592163085938e+01
3.523392486572265625e+01
5.070243072509765625e+01
4.145389175415039062e+01
2.760623741149902344e+01
3.243164825439453125e+01
3.074241828918457031e+01
4.540160751342773438e+01
4.634342575073242188e+01
5.255263519287109375e+01
2.327081298828125000e+01
3.411638259887695312e+01
2.491289901733398438e+01
2.118301391601562500e+01
6.676348876953125000e+01
3.342158889770507812e+01
3.986272811889648438e+01
3.539299011230468750e+01
2.638962745666503906e+01
2.200156784057617188e+01
2.470796966552734375e+01
4.274948883056640625e+01
3.158762359619140625e+01
4.259124755859375000e+01
3.660390472412109375e+01
1.968100738525390625e+01
4.953351593017578125e+01
3.767761993408203125e+01
5.347506332397460938e+01
3.821994781494140625e+01
4.816912078857421875e+01
6.200698089599609375e+01
3.705939865112304688e+01
2.744968032836914062e+01
3.226690673828125000e+01
6.145705795288085938e+01
3.316570281982421875e+01
4.189844131469726562e+01
3.167421722412109375e+01
6.441921997070312500e+01
1.994562911987304688e+01
6.046805953979492188e+01
5.038293457031250000e+01
9.880357742309570312e+00
6.964268493652343750e+01
7.643952941894531250e+01
2.431972122192382812e+01
2.980696868896484375e+01
3.327708053588867188e+01
1.817127609252929688e+01
2.109516334533691406e+01
1.561119842529296875e+01
3.878074264526367188e+01
2.964856338500976562e+01
4.096811294555664062e+01
4.047026443481445312e+01
3.000877761840820312e+01
4.388187408447265625e+01
1.876740074157714844e+01
7.533083343505859375e+01
2.870007896423339844e+01
8.561471939086914062e+00
1.734970283508300781e+01
3.123679924011230469e+01
3.719858551025390625e+01
2.981275367736816406e+01
3.840056228637695312e+01
1.256352615356445312e+01
4.262321472167968750e+01
5.435750198364257812e+01
1.296732521057128906e+01
1.038678932189941406e+01
4.163124465942382812e+01
5.446240234375000000e+01
2.600027275085449219e+01
3.832649230957031250e+01
9.586540222167968750e+00
4.677846908569335938e+00
2.315462875366210938e+01
5.667559051513671875e+01
2.282205963134765625e+01
2.335369491577148438e+01
1.085379981994628906e+01
4.413793182373046875e+01
9.783010482788085938e+00
2.308705139160156250e+01
3.271721649169921875e+01
4.979230499267578125e+01
4.659998321533203125e+01
6.803498840332031250e+01
7.764433288574218750e+01
2.159241104125976562e+01
2.600472640991210938e+01
1.770944023132324219e+01
2.756609535217285156e+01
3.821676635742187500e+01
7.498171234130859375e+01
3.760491180419921875e+01
1.029321289062500000e+01
5.074895858764648438e+01
3.220779037475585938e+01
4.058013153076171875e+01
2.525777816772460938e+01
6.827676391601562500e+01
1.407725715637207031e+01
2.317936325073242188e+01
6.067604827880859375e+01
7.427749633789062500e+01
3.880923843383789062e+01
3.569556427001953125e+01
2.962193679809570312e+01
1.723073196411132812e+01
7.181304931640625000e+01
6.135793685913085938e+00
3.767672729492187500e+01
2.375824165344238281e+01
2.234744262695312500e+01
3.531922149658203125e+01
1.030571556091308594e+01
3.822266006469726562e+01
3.021044158935546875e+01
2.096810150146484375e+01
2.309819030761718750e+01
1.755805397033691406e+01
4.550025177001953125e+01
1.053720283508300781e+01
3.425255966186523438e+01
1.837888145446777344e+01
3.400888824462890625e+01
4.707756042480468750e+01
2.955038070678710938e+01
3.005864334106445312e+01
1.708143997192382812e+01
3.816299057006835938e+01
7.088829803466796875e+01
4.536272430419921875e+01
1.581209564208984375e+01
3.356609344482421875e+01
6.021049499511718750e+01
3.913804626464843750e+01
3.011545181274414062e+01
5.433890533447265625e+01
4.890091705322265625e+01
2.948847198486328125e+01
2.975520896911621094e+01
3.345367813110351562e+01
7.003284454345703125e+01
3.882463836669921875e+01
3.900631713867187500e+01
2.305206298828125000e+01
3.224767684936523438e+01
5.562470245361328125e+01
3.539031219482421875e+01
2.943548583984375000e+01
2.097187042236328125e+01
4.096561050415039062e+01
5.125048828125000000e+01
6.640499877929687500e+01
2.415817642211914062e+01
4.770532989501953125e+01
4.591468048095703125e+01
4.707756042480468750e+01
3.443883514404296875e+01
3.826828384399414062e+01
2.883538055419921875e+01
5.048844146728515625e+01
6.185340118408203125e+01
1.276395797729492188e+01
4.885747146606445312e+01
1.903584480285644531e+01
2.869909858703613281e+01
7.190556335449218750e+01
2.563141632080078125e+01
4.049603271484375000e+01
2.070026397705078125e+01
5.645696640014648438e+01
3.338110351562500000e+01
2.537483978271484375e+01
4.984735870361328125e+01
3.386777877807617188e+01
4.032926177978515625e+01
2.950521278381347656e+01
3.025840568542480469e+01
3.436671066284179688e+01
3.985815048217773438e+01
2.087394332885742188e+01
4.239764785766601562e+01
1.518646430969238281e+01
2.186802673339843750e+01
2.291819190979003906e+01
3.516774749755859375e+01
3.388168334960937500e+01
5.400400543212890625e+01
4.413922882080078125e+01
1.095346450805664062e+01
3.835110855102539062e+01
4.030693054199218750e+01
1.423088455200195312e+01
4.422121429443359375e+01
2.976512908935546875e+01
2.056938743591308594e+01
5.356106185913085938e+01
1.146719360351562500e+01
2.800161552429199219e+01
5.254143524169921875e+01
2.086883163452148438e+01
4.471597290039062500e+01
2.532652664184570312e+01
4.634342575073242188e+01
4.103279495239257812e+01
5.128998184204101562e+01
8.474845886230468750e+00
4.194079589843750000e+01
5.622735595703125000e+01
1.304162025451660156e+01
4.091023254394531250e+01
3.773143768310546875e+01
4.741846466064453125e+01
1.737823104858398438e+01
5.371460723876953125e+01
5.760304641723632812e+01
3.443130874633789062e+01
1.975256729125976562e+01
5.335998535156250000e-02
2.297280883789062500e+01
4.239013671875000000e+01
4.085370635986328125e+01
2.582684707641601562e+01
3.688343811035156250e+01
2.266643524169921875e+01
4.727542495727539062e+01
2.901550292968750000e+01
1.484025192260742188e+01
8.015464782714843750e+01
3.525304031372070312e+01
5.213361358642578125e+01
1.455887794494628906e+01
2.630778694152832031e+01
6.290311813354492188e+00
4.234296417236328125e+01
4.292905426025390625e+01
1.311124992370605469e+01
3.322503280639648438e+01
1.326769638061523438e+01
2.492223548889160156e+01
1.139493560791015625e+01
9.245517730712890625e+00
1.246832466125488281e+01
5.483927154541015625e+01
5.169149398803710938e+01
3.766115570068359375e+01
1.428814888000488281e+01
4.400629806518554688e+01
5.392712402343750000e+01
2.534816360473632812e+01
2.850949478149414062e+01
2.983109855651855469e+01
1.518261528015136719e+01
5.589041137695312500e+01
2.214789581298828125e+01
1.642818641662597656e+01
5.024356079101562500e+01
1.596772193908691406e+01
1.866864204406738281e+01
2.360132789611816406e+01
2.395575714111328125e+01
2.449676132202148438e+01
3.563008499145507812e+01
3.593140029907226562e+01
1.973262786865234375e+01
3.531922149658203125e+01
9.511676788330078125e+00
2.875692939758300781e+01
4.341621398925781250e+01
2.290844726562500000e+01
3.558495712280273438e+01
4.209825897216796875e+01
1.164866447448730469e+01
1.572989273071289062e+01
2.097060012817382812e+01
3.329935073852539062e+01
4.805259704589843750e+01
3.916191864013671875e+01
5.341004180908203125e+01
4.415601348876953125e+01
4.668160629272460938e+01
4.863500595092773438e+01
5.080387115478515625e+01
1.320015716552734375e+01
5.305949401855468750e+01
3.683021545410156250e+00
3.186842727661132812e+01
3.461832427978515625e+01
3.571111679077148438e+01
7.533083343505859375e+01
2.296744918823242188e+01
2.999903869628906250e+01
2.082346725463867188e+01
3.234545516967773438e+01
3.371797561645507812e+01
5.553231430053710938e+01
5.214331817626953125e+01
3.717355728149414062e+01
1.273217964172363281e+01
3.824975585937500000e+01
5.470665740966796875e+01
2.363222885131835938e+01
1.971546173095703125e+01
5.667559051513671875e+01
2.745819091796875000e+01
6.457658386230468750e+01
3.055048370361328125e+01
1.487951087951660156e+01
4.916896820068359375e+01
4.071847915649414062e+00
2.278301048278808594e+01
3.763631057739257812e+01
5.118187713623046875e+01
2.388702392578125000e+01
3.316485977172851562e+01
9.896423339843750000e+00
4.341051483154296875e+01
3.219363784790039062e+01
4.396606826782226562e+01
2.563272094726562500e+01
3.104016876220703125e+01
2.870255851745605469e+01
3.795955276489257812e+01
7.569932937622070312e+00
3.912149429321289062e+01
2.439844131469726562e+01
9.460880279541015625e+00
9.405778884887695312e+00
2.201466751098632812e+01
2.374336624145507812e+01
5.230958557128906250e+01
9.966505050659179688e+00
1.670227050781250000e+01
3.828883743286132812e+01
3.934249496459960938e+01
3.910022354125976562e+01
4.531977081298828125e+01
2.810344886779785156e+01
4.240265655517578125e+01
9.267955780029296875e+00
2.572623062133789062e+01
5.946048736572265625e+00
1.054055595397949219e+01
2.790194511413574219e+01
3.844706344604492188e+01
2.881464958190917969e+01
1.289988708496093750e+01
3.090050506591796875e+01
5.927911376953125000e+01
4.601390457153320312e+01
5.082305526733398438e+01
3.623427200317382812e+01
1.723073196411132812e+01
3.998019409179687500e+01
2.606756210327148438e+01
6.548933029174804688e+00
4.993690109252929688e+01
2.627537536621093750e+01
2.657026100158691406e+01
4.989418411254882812e+01
6.649468994140625000e+01
2.674970626831054688e+01
1.734567832946777344e+01
6.082873153686523438e+01
2.885826873779296875e+01
5.358732604980468750e+01
6.200698089599609375e+01
2.324220275878906250e+01
3.657604217529296875e+01
3.573703765869140625e+01
3.658703231811523438e+01
4.561495208740234375e+01
3.342162704467773438e+01
6.057871627807617188e+01
4.893444061279296875e+01
5.334105682373046875e+01
2.955819320678710938e+01
5.273544311523437500e+01
3.525505447387695312e+01
6.816438293457031250e+01
2.436308288574218750e+01
1.607563972473144531e+01
1.124523925781250000e+01
5.317862701416015625e+01
4.384468078613281250e+01
3.857506942749023438e+01
2.228215789794921875e+01
2.772695541381835938e+01
4.525698471069335938e+01
1.494348716735839844e+01
5.977803802490234375e+01
2.489955902099609375e+01
3.608253097534179688e+01
4.512506866455078125e+01
4.666950988769531250e+01
4.629018402099609375e+01
2.611296463012695312e+01
7.533083343505859375e+01
5.194460296630859375e+01
4.036625671386718750e+01
8.673534393310546875e+00
3.976635742187500000e+01
3.889972305297851562e+01
2.015061569213867188e+01
6.640499877929687500e+01
1.499297714233398438e+01
7.643302917480468750e+00
4.699201965332031250e+01
1.830283927917480469e+01
6.457658386230468750e+01
2.918782043457031250e+01
5.184982299804687500e+00
5.406349563598632812e+01
1.286069297790527344e+01
2.795580673217773438e+01
6.535182189941406250e+01
4.800752258300781250e+01
1.143503379821777344e+01
6.944419860839843750e+01
2.537688064575195312e+01
2.610740280151367188e+01
2.869907569885253906e+01
6.939179992675781250e+01
2.555082321166992188e+01
3.903231430053710938e+01
6.464086914062500000e+01
4.395575714111328125e+01
3.227036666870117188e+01
-1.016563415527343750e+00
4.997846603393554688e+01
3.785174942016601562e+01
3.540306854248046875e+01
5.685575103759765625e+01
3.450419616699218750e+01
3.757133865356445312e+01
5.526734161376953125e+01
5.024915313720703125e+01
7.099139404296875000e+01
3.773567581176757812e+01
4.662844467163085938e+01
1.802348518371582031e+01
5.456505584716796875e+01
4.913933563232421875e+01
5.161190795898437500e+01
3.657111740112304688e+01
5.726199340820312500e+01
2.292823600769042969e+01
5.021221923828125000e+01
3.205510711669921875e+01
3.369023513793945312e+01
5.128756332397460938e+01
3.030093002319335938e+01
3.570257949829101562e+01
5.448770523071289062e+00
5.638269805908203125e+01
2.786454582214355469e+01
5.009548950195312500e+01
3.623427200317382812e+01
3.637258148193359375e+01
3.984482574462890625e+01
7.198471069335937500e+01
2.429459381103515625e+01
2.931325721740722656e+01
1.642844963073730469e+01
3.532939147949218750e+01
2.790649032592773438e+01
3.812625885009765625e+00
7.136868286132812500e+01
7.533083343505859375e+01
5.712371826171875000e+01
5.269559478759765625e+01
3.959040069580078125e+01
1.692056655883789062e+01
3.599887084960937500e+01
2.688502883911132812e+01
4.939581298828125000e+01
3.804070663452148438e+01
7.748804473876953125e+01
3.830044555664062500e+01
5.397440719604492188e+01
3.646687316894531250e+01
1.962182617187500000e+01
4.557184219360351562e+01
3.916234970092773438e+01
2.075498199462890625e+01
1.428369903564453125e+01
1.065102005004882812e+01
4.465098953247070312e+01
2.186916732788085938e+01
6.514757537841796875e+01
3.252274322509765625e+01
4.070985031127929688e+01
4.471281051635742188e+01
5.946545410156250000e+01
3.151558876037597656e+01
3.551926422119140625e+01
9.069705963134765625e+00
2.376215934753417969e+01
2.024618148803710938e+01
1.293040275573730469e+01
6.075819778442382812e+01
3.576023101806640625e+01
2.765303421020507812e+01
5.169413757324218750e+01
6.737708282470703125e+01
3.067654800415039062e+01
1.677807998657226562e+01
3.316479492187500000e+01
2.966692352294921875e+01
1.446128463745117188e+01
2.092727279663085938e+01
3.609030914306640625e+01
2.437029457092285156e+01
4.606472396850585938e+01
2.776765441894531250e+01
2.441243934631347656e+01
3.003089523315429688e+01
2.389917564392089844e+01
3.738547897338867188e+01
3.751777648925781250e+01
3.414915084838867188e+01
2.113475036621093750e+01
1.856481170654296875e+01
5.452225112915039062e+01
2.508329010009765625e+01
3.568649291992187500e+01
5.037015533447265625e+01
1.038608169555664062e+01
4.707756042480468750e+01
2.151142883300781250e+01
3.668454742431640625e+01
1.568337249755859375e+01
7.685319900512695312e+00
3.236492156982421875e+01
2.762643051147460938e+01
7.250719070434570312e+00
3.360088348388671875e+01
5.129658508300781250e+01
3.499762344360351562e+01
3.081097793579101562e+01
6.995492553710937500e+01
3.834667205810546875e+01
4.377273559570312500e+00
3.424982452392578125e+01
1.700375175476074219e+01
4.648931884765625000e+01
2.653313827514648438e+01
1.825111579895019531e+01
6.443086242675781250e+01
1.514210891723632812e+01
3.544625854492187500e+01
4.253959274291992188e+01
5.096752929687500000e+01
4.521022796630859375e+00
1.263891601562500000e+01
1.584124183654785156e+01
4.947883987426757812e+01
4.080386352539062500e+01
5.748919677734375000e+01
3.830061721801757812e+01
3.831759262084960938e+01
3.119868087768554688e+01
5.347045898437500000e+01
3.084716796875000000e+01
4.033420181274414062e+01
2.773962211608886719e+01
6.014960479736328125e+01
2.973043823242187500e+01
4.225616455078125000e+01
4.222186660766601562e+01
3.358180618286132812e+01
5.946545410156250000e+01
2.707860183715820312e+01
3.923321914672851562e+01
2.528762626647949219e+01
2.230288696289062500e+01
8.532777786254882812e+00
7.166782379150390625e+00
1.575317001342773438e+01
1.464272880554199219e+01
1.275674247741699219e+01
1.751708602905273438e+01
3.933380889892578125e+01
4.707756042480468750e+01
5.663596343994140625e+01
3.621315383911132812e+01
1.141438102722167969e+01
3.724313354492187500e+01
5.007743072509765625e+01
2.542724609375000000e+01
7.748804473876953125e+01
3.992797470092773438e+01
4.599845886230468750e+01
4.187638092041015625e+01
5.043942642211914062e+01
3.034114074707031250e+01
-1.102306365966796875e+00
1.114288330078125000e+01
2.575376510620117188e+01
1.154355049133300781e+01
3.737432861328125000e+01
2.375899124145507812e+01
3.965103530883789062e+01
1.214482498168945312e+01
9.260337829589843750e+00
2.386098098754882812e+01
7.436105728149414062e+00
3.841465377807617188e+01
2.668037796020507812e+01
4.034813690185546875e+01
3.181841659545898438e+01
1.917577362060546875e+01
5.456505584716796875e+01
2.472749710083007812e+01
6.220804214477539062e+00
5.031752014160156250e+01
3.615412521362304688e+01
1.341096305847167969e+01
2.805515289306640625e+00
2.498888015747070312e+01
5.256047439575195312e+01
7.931674957275390625e+00
2.671937179565429688e+01
3.747369003295898438e+01
2.144850158691406250e+01
5.216230392456054688e+01
