2.870631790161132812e+01
3.767863464355468750e+01
4.065098571777343750e+01
3.447389221191406250e+01
4.180210113525390625e+01
3.807374954223632812e+01
1.675466156005859375e+01
2.838261032104492188e+01
2.785684394836425781e+01
5.180826568603515625e+01
4.269125366210937500e+01
1.282851409912109375e+01
2.871659088134765625e+01
6.959092712402343750e+01
3.395709991455078125e+01
3.181275177001953125e+01
7.510046005249023438e+00
5.725432968139648438e+01
2.942378807067871094e+01
4.528944396972656250e+01
4.078535461425781250e+01
2.400502014160156250e+01
7.123256683349609375e+01
3.488780593872070312e+01
4.075137329101562500e+01
2.889107322692871094e+01
2.542072677612304688e+01
3.108285331726074219e+01
1.897267341613769531e+01
1.385573959350585938e+01
3.763834381103515625e+01
3.096722221374511719e+01
4.342304611206054688e+01
4.686109161376953125e+01
4.419547271728515625e+01
3.960582733154296875e+01
1.886596679687500000e+01
1.606009483337402344e+01
2.236244201660156250e+01
3.096931457519531250e+01
2.661408996582031250e+01
5.512252044677734375e+01
3.947610473632812500e+01
8.135257720947265625e+00
1.988685226440429688e+01
3.172984886169433594e+01
4.270030593872070312e+01
3.724784469604492188e+01
5.551320648193359375e+01
3.834345626831054688e+01
2.625465774536132812e+01
2.951452636718750000e+01
3.000864410400390625e+01
4.199526977539062500e+01
3.431652832031250000e+01
4.154702758789062500e+01
5.393605041503906250e+01
5.076037979125976562e+01
3.805740737915039062e+01
2.031256866455078125e+01
4.303801727294921875e+01
2.061219024658203125e+01
3.930271148681640625e+01
3.209793853759765625e+01
4.846359634399414062e+01
4.268120956420898438e+01
4.197189712524414062e+01
8.708061218261718750e+00
3.936282348632812500e+01
2.724966430664062500e+01
5.317458343505859375e+01
5.621192169189453125e+01
3.567719650268554688e+01
1.738009834289550781e+01
3.275955963134765625e+01
3.097416114807128906e+01
4.174396133422851562e+01
1.712949371337890625e+01
1.694330978393554688e+01
1.695751571655273438e+01
1.582069778442382812e+01
4.123737335205078125e+01
1.755475234985351562e+01
5.547783660888671875e+01
5.455233001708984375e+01
1.843640136718750000e+01
5.387251281738281250e+01
3.165111732482910156e+01
3.284554290771484375e+01
2.486368370056152344e+01
1.241327476501464844e+01
1.238259696960449219e+01
3.663272094726562500e+01
2.806437683105468750e+01
3.631320571899414062e+01
5.494253921508789062e+01
3.934290313720703125e+01
2.245636367797851562e+01
5.301292037963867188e+01
6.679618835449218750e+01
5.254482269287109375e+01
3.702002334594726562e+01
4.815224456787109375e+01
1.180055236816406250e+01
5.054186630249023438e+01
2.572988891601562500e+01
2.586816787719726562e+01
4.300895690917968750e+01
2.476705932617187500e+01
1.543848800659179688e+01
4.194957351684570312e+01
2.149695777893066406e+01
3.241199874877929688e+01
4.121223831176757812e+01
4.295141601562500000e+01
1.689222335815429688e+01
3.888444900512695312e+01
3.169707870483398438e+01
2.593659782409667969e+01
4.464958572387695312e+01
4.740314865112304688e+01
3.297975921630859375e+01
6.001364135742187500e+01
2.753953933715820312e+01
5.070984268188476562e+01
6.478977966308593750e+01
3.208645248413085938e+01
3.820287322998046875e+01
2.846072006225585938e+01
4.383005142211914062e+01
5.138268661499023438e+01
2.328750228881835938e+01
3.414056015014648438e+01
6.647998809814453125e+01
2.889107322692871094e+01
2.839227676391601562e+01
5.204257965087890625e+01
1.837721633911132812e+01
3.786800003051757812e+01
6.309932708740234375e+01
3.885851287841796875e+01
2.622834014892578125e+01
5.671237945556640625e+01
3.333398437500000000e+01
4.371989440917968750e+01
8.611919403076171875e+00
2.088601684570312500e+01
4.108414459228515625e+01
5.185082626342773438e+01
7.263212585449218750e+01
3.989349365234375000e+01
3.395985794067382812e+01
5.195071029663085938e+01
3.317034912109375000e+01
4.268120956420898438e+01
5.604760742187500000e+01
3.863016891479492188e+01
4.774683761596679688e+01
1.955034255981445312e+01
1.550833320617675781e+01
2.588797950744628906e+01
6.726871490478515625e+01
1.577800941467285156e+01
1.530191993713378906e+01
3.181237220764160156e+01
3.653543472290039062e+01
3.261660766601562500e+01
2.949036598205566406e+01
2.858377647399902344e+01
6.670505523681640625e+01
5.499177169799804688e+01
4.214413070678710938e+01
2.230137825012207031e+01
5.610739135742187500e+01
7.005896759033203125e+01
7.112939453125000000e+01
4.736897277832031250e+01
4.198480224609375000e+01
1.144160079956054688e+01
2.870631790161132812e+01
8.425140380859375000e+00
9.644758224487304688e+00
5.247177124023437500e+01
4.513849639892578125e+01
4.645832061767578125e+01
5.319368362426757812e+01
4.408226013183593750e+01
3.007878112792968750e+01
5.552353286743164062e+01
2.517891693115234375e+01
2.558046340942382812e+01
3.062089347839355469e+01
2.737452888488769531e+01
4.860528564453125000e+01
3.385430526733398438e+01
6.450415802001953125e+01
3.026855087280273438e+01
1.574333953857421875e+01
2.944556236267089844e+01
2.446952438354492188e+01
4.680493164062500000e+01
5.368254470825195312e+01
2.881111907958984375e+01
2.713955688476562500e+01
4.643238067626953125e+01
1.378540039062500000e+01
1.938148498535156250e+01
4.333290481567382812e+01
4.941688537597656250e+01
3.875845336914062500e+01
3.045912551879882812e+01
1.221911811828613281e+01
1.463250923156738281e+01
3.955841445922851562e+01
1.098392295837402344e+01
3.198649406433105469e+01
2.085961914062500000e+01
6.369360351562500000e+01
3.959981155395507812e+01
2.553023910522460938e+01
5.594303512573242188e+01
4.144760894775390625e+01
2.551248550415039062e+01
2.410308074951171875e+01
3.917796707153320312e+01
2.406816291809082031e+01
3.546888351440429688e+01
5.434423828125000000e+01
3.496377563476562500e+01
3.330142211914062500e+01
5.180826568603515625e+01
4.556038665771484375e+01
4.589378356933593750e+01
5.020664978027343750e+01
2.623483657836914062e+01
4.152308273315429688e+01
2.521953582763671875e+01
4.835699844360351562e+01
3.343991851806640625e+01
9.116273880004882812e+00
2.377084732055664062e+01
1.229048347473144531e+01
4.645581817626953125e+01
3.581017303466796875e+01
4.097065734863281250e+01
3.852450180053710938e+01
7.326647949218750000e+01
3.884706878662109375e+01
4.268120956420898438e+01
3.740942764282226562e+01
2.025154876708984375e+01
6.600317382812500000e+01
6.978101348876953125e+01
4.411087799072265625e+01
5.307034683227539062e+01
1.989988708496093750e+01
2.388619995117187500e+01
2.415047073364257812e+01
2.714600372314453125e+01
1.098675918579101562e+01
3.388613510131835938e+01
1.309049797058105469e+01
1.862747192382812500e+01
6.495344543457031250e+01
2.301881027221679688e+01
2.457813453674316406e+01
4.106702041625976562e+01
5.524748229980468750e+01
3.859141159057617188e+01
2.541143989562988281e+01
1.766598510742187500e+01
7.437123107910156250e+01
6.093943023681640625e+01
4.013548278808593750e+01
1.976884460449218750e+01
4.327347183227539062e+01
2.189388084411621094e+01
3.302567291259765625e+01
7.500798797607421875e+01
7.480493164062500000e+01
1.271491622924804688e+01
3.718540191650390625e+01
5.766869354248046875e+01
5.164716720581054688e+01
1.337121582031250000e+01
2.462889480590820312e+01
1.305844116210937500e+01
3.700458908081054688e+01
5.228899002075195312e+01
3.755485534667968750e+01
4.303562927246093750e+01
3.563106155395507812e+01
6.600317382812500000e+01
3.091201400756835938e+01
1.841095352172851562e+01
3.382366180419921875e+01
3.380855941772460938e+01
1.425747489929199219e+01
2.728199386596679688e+01
1.303643798828125000e+01
4.003369522094726562e+01
5.204278564453125000e+01
2.113194274902343750e+01
3.244994735717773438e+01
2.878374290466308594e+01
3.281305313110351562e+01
3.543303680419921875e+01
2.882962417602539062e+01
1.457787513732910156e+01
3.552959442138671875e+01
1.987013626098632812e+01
3.980097198486328125e+01
7.002937316894531250e+01
5.098636627197265625e+01
3.272892761230468750e+01
7.021565246582031250e+01
1.976027870178222656e+01
2.649106788635253906e+01
1.980380630493164062e+01
5.332135772705078125e+01
3.424077987670898438e+01
4.068470382690429688e+01
9.537082672119140625e+00
5.479943084716796875e+01
1.412875366210937500e+01
4.063870239257812500e+01
1.013427162170410156e+01
3.617760467529296875e+01
7.178719329833984375e+01
4.196083831787109375e+01
5.610739135742187500e+01
8.246599197387695312e+00
1.571525192260742188e+01
1.871147346496582031e+01
7.001468658447265625e+00
4.397950363159179688e+01
1.196877479553222656e+01
4.878635025024414062e+01
3.126704025268554688e+01
1.690185928344726562e+01
4.532303237915039062e+01
6.434251403808593750e+01
3.166851234436035156e+01
5.025298690795898438e+01
3.350360107421875000e+01
1.625040054321289062e+01
1.100862884521484375e+01
2.567455291748046875e+01
4.098300933837890625e+01
1.652729797363281250e+01
2.089000320434570312e+01
7.437123107910156250e+01
4.231579589843750000e+01
3.295910644531250000e+01
1.586257934570312500e+01
2.037614059448242188e+01
3.406010055541992188e+01
8.232625961303710938e+00
4.156204223632812500e+01
3.852913665771484375e+01
3.150028228759765625e+01
4.098384857177734375e+01
3.720524978637695312e+01
3.263223266601562500e+01
2.460837554931640625e+01
2.611834335327148438e+01
4.091476821899414062e+01
2.823168182373046875e+01
1.936960792541503906e+01
2.972303771972656250e+01
5.303623962402343750e+01
5.542568969726562500e+01
3.762028503417968750e+01
4.094760131835937500e+01
1.807226943969726562e+01
2.347824859619140625e+01
5.307028961181640625e+01
2.853498649597167969e+01
4.003849029541015625e+01
5.946135711669921875e+01
3.945235824584960938e+01
1.861561584472656250e+01
1.727467155456542969e+01
1.546126365661621094e+01
2.860429000854492188e+01
7.437123107910156250e+01
1.697641372680664062e+01
7.454315185546875000e+01
1.564690208435058594e+01
4.079155349731445312e+01
1.738788604736328125e+01
1.070804023742675781e+01
3.631908798217773438e+01
3.276689529418945312e+01
4.126230239868164062e+01
2.943996620178222656e+01
2.026662826538085938e+01
2.091971206665039062e+01
2.370922088623046875e+01
3.986617660522460938e+01
4.300895690917968750e+01
5.163877487182617188e+00
1.527705574035644531e+01
5.073618698120117188e+01
6.179161453247070312e+01
1.548347282409667969e+01
4.478775405883789062e+01
3.072787857055664062e+01
5.501956176757812500e+01
3.935917663574218750e+01
3.699027633666992188e+01
5.384096527099609375e+01
3.287534332275390625e+01
5.773000717163085938e+00
2.305528259277343750e+01
1.381923675537109375e+01
3.786743545532226562e+01
4.793370056152343750e+01
3.546888351440429688e+01
2.958973312377929688e+01
2.051680755615234375e+01
2.427306747436523438e+01
3.546888351440429688e+01
1.101808166503906250e+01
4.699911499023437500e+01
6.093943023681640625e+01
3.129740524291992188e+01
2.335526275634765625e+01
3.619048690795898438e+01
4.970838928222656250e+01
2.531090164184570312e+01
3.563381958007812500e+01
1.599728584289550781e+01
2.988623428344726562e+01
3.183302497863769531e+01
5.939994812011718750e+01
2.345250701904296875e+01
5.089420318603515625e+01
2.047858047485351562e+01
5.766773223876953125e+01
2.618548965454101562e+01
4.124003982543945312e+01
7.375584411621093750e+01
3.890269088745117188e+01
1.307048797607421875e+01
3.023267364501953125e+01
4.165644073486328125e+01
3.862197494506835938e+01
6.681344604492187500e+01
1.107931327819824219e+01
1.583038902282714844e+01
3.320652770996093750e+01
1.456236457824707031e+01
4.923228073120117188e+01
3.312845230102539062e+01
1.090017700195312500e+01
2.634537124633789062e+01
6.487725830078125000e+01
2.846168708801269531e+01
5.518586730957031250e+01
4.792339706420898438e+01
3.488780593872070312e+01
3.488780593872070312e+01
5.147895050048828125e+01
6.229238891601562500e+01
5.726152801513671875e+01
3.260720443725585938e+01
6.229238891601562500e+01
3.574883651733398438e+01
4.637186431884765625e+01
3.488780593872070312e+01
3.987591552734375000e+01
3.341082763671875000e+01
2.897485351562500000e+01
2.532085418701171875e+01
4.176268386840820312e+01
2.539128875732421875e+01
3.070152282714843750e+01
6.051593017578125000e+01
3.578683853149414062e+01
2.667845535278320312e+01
2.926403808593750000e+01
3.408012390136718750e+01
2.665163230895996094e+01
4.950260162353515625e+01
3.091213607788085938e+01
3.481150817871093750e+01
2.718507385253906250e+01
4.229140090942382812e+01
3.452611923217773438e+01
2.195447921752929688e+01
7.469384765625000000e+01
5.708315277099609375e+01
2.516097640991210938e+01
2.271328735351562500e+01
2.340632247924804688e+01
3.691537094116210938e+01
3.763987731933593750e+01
3.690317535400390625e+01
4.096955871582031250e+01
1.455475807189941406e+01
4.366423034667968750e+01
2.149905204772949219e+01
2.958915710449218750e+01
3.052096366882324219e+01
6.846914672851562500e+01
3.378023529052734375e+01
3.523653411865234375e+01
3.037205123901367188e+01
2.590419197082519531e+01
4.271885299682617188e+01
2.328781890869140625e+01
4.243598937988281250e+00
2.265669631958007812e+01
5.143939971923828125e+01
5.162688446044921875e+01
3.924092483520507812e+01
2.207201004028320312e+01
7.594250488281250000e+01
3.984136199951171875e+01
1.735266494750976562e+01
2.815149688720703125e+01
1.310913658142089844e+01
3.325583267211914062e+01
1.042357063293457031e+01
1.631548690795898438e+01
1.414147377014160156e+01
3.707096481323242188e+01
2.704651260375976562e+01
2.934078979492187500e+01
2.417197799682617188e+01
2.516441535949707031e+01
3.925451278686523438e+01
1.342082214355468750e+01
3.757497406005859375e+01
3.892814254760742188e+01
3.377311706542968750e+01
1.373739624023437500e+01
3.466425323486328125e+01
1.379498100280761719e+01
5.970487594604492188e+00
1.614950370788574219e+01
7.882780075073242188e+00
4.862311935424804688e+01
2.658752441406250000e+01
3.944720077514648438e+01
3.864352416992187500e+01
7.010347366333007812e+00
6.578741455078125000e+01
1.855867385864257812e+01
3.181161499023437500e+01
4.315287780761718750e+01
3.132828140258789062e+01
3.773106765747070312e+01
2.515010833740234375e+01
2.099025154113769531e+01
6.191611099243164062e+01
2.145793533325195312e+01
3.776963043212890625e+01
3.125457382202148438e+01
3.464118576049804688e+01
6.093943023681640625e+01
2.124563217163085938e+01
5.062113952636718750e+01
5.079098129272460938e+01
3.410089492797851562e+01
4.685931396484375000e+01
4.150898361206054688e+01
7.310285568237304688e+00
2.442519950866699219e+01
7.319851684570312500e+01
3.078250122070312500e+01
3.845186614990234375e+01
3.879463577270507812e+01
2.521469116210937500e+01
3.594320297241210938e+01
1.765282440185546875e+01
5.598164367675781250e+01
2.331496810913085938e+01
6.541375732421875000e+01
1.161980628967285156e+01
2.308127593994140625e+01
4.832248687744140625e+01
3.721068191528320312e+01
7.270812988281250000e+01
3.114665412902832031e+01
4.103598022460937500e+01
2.335472488403320312e+01
3.907572555541992188e+01
1.681234931945800781e+01
4.133228683471679688e+01
2.502933311462402344e+01
1.979467391967773438e+01
3.763533401489257812e+01
3.283138656616210938e+01
3.833008956909179688e+01
4.520598602294921875e+01
4.453151702880859375e+01
2.050890350341796875e+01
3.979204559326171875e+01
5.044533157348632812e+01
3.763179779052734375e+01
6.833871459960937500e+01
4.065924072265625000e+01
4.997271728515625000e+01
2.355216217041015625e+01
6.261955261230468750e+01
3.417852401733398438e+01
1.406727790832519531e+01
1.322366333007812500e+01
5.577061462402343750e+01
2.858433914184570312e+01
1.430258750915527344e+01
3.064198493957519531e+01
3.578683853149414062e+01
3.184464263916015625e+01
4.089299774169921875e+01
4.138517761230468750e+01
4.996864700317382812e+01
1.268612670898437500e+01
3.078322410583496094e+01
4.052534866333007812e+01
4.254081344604492188e+01
3.342330932617187500e+01
1.130455780029296875e+01
4.297409057617187500e+01
3.805397415161132812e+01
4.629051208496093750e+00
2.966658782958984375e+01
4.438450241088867188e+01
6.717826080322265625e+01
2.791020774841308594e+01
1.787810325622558594e+01
2.009218978881835938e+01
2.953191566467285156e+01
2.150085449218750000e+01
4.062253570556640625e+01
3.750331115722656250e+01
4.177830123901367188e+01
4.280286407470703125e+01
4.791332626342773438e+01
3.076670074462890625e+01
3.886748123168945312e+01
1.990798950195312500e+01
4.895508575439453125e+01
1.506471824645996094e+01
5.792734146118164062e+01
4.086586380004882812e+01
3.325228118896484375e+01
3.402453613281250000e+01
7.437123107910156250e+01
1.387241744995117188e+01
6.378963088989257812e+01
5.507767486572265625e+01
1.238790893554687500e+01
3.143364715576171875e+01
2.986221504211425781e+01
3.942156219482421875e+01
2.005192184448242188e+01
6.209446716308593750e+01
1.798166084289550781e+01
2.511988449096679688e+01
4.517248153686523438e+00
3.731818771362304688e+01
2.432319259643554688e+01
4.300895690917968750e+01
2.500300979614257812e+01
1.302448081970214844e+01
3.583693313598632812e+01
4.692233657836914062e+01
3.504646301269531250e+01
1.113531112670898438e+01
4.289483642578125000e+01
3.046346855163574219e+01
1.286851119995117188e+01
6.118412017822265625e+01
1.231399536132812500e+01
2.304117965698242188e+01
3.155253601074218750e+01
4.781070709228515625e+01
5.580061340332031250e+01
1.294450759887695312e+01
1.628988838195800781e+01
2.538321304321289062e+01
3.171375274658203125e+00
2.396727371215820312e+01
2.608483123779296875e+01
4.254800796508789062e+01
4.055509185791015625e+01
7.734506607055664062e+00
2.102951812744140625e+01
4.315752792358398438e+01
6.522701263427734375e+01
6.043581771850585938e+01
3.902513122558593750e+01
1.697460556030273438e+01
1.809058952331542969e+01
2.998874855041503906e+01
2.643855285644531250e+01
2.875143623352050781e+01
4.362163925170898438e+01
3.400895690917968750e+01
2.715522384643554688e+01
3.408686447143554688e+01
3.578683853149414062e+01
4.040222549438476562e+01
3.658481216430664062e+01
3.494689178466796875e+01
9.818445205688476562e+00
2.117636489868164062e+01
3.113919830322265625e+01
4.192362213134765625e+01
5.175999450683593750e+01
2.249331855773925781e+01
4.151700210571289062e+01
4.448716354370117188e+01
4.707707595825195312e+01
7.346592712402343750e+01
1.279384613037109375e+01
2.437174606323242188e+01
5.693788146972656250e+01
6.229238891601562500e+01
3.953664016723632812e+01
5.689683532714843750e+01
3.463884353637695312e+01
1.363117027282714844e+01
1.600262641906738281e+01
2.049064064025878906e+01
5.187184143066406250e+01
2.749677276611328125e+01
2.990160751342773438e+01
3.854852676391601562e+01
3.419345855712890625e+01
5.588454055786132812e+01
3.380010986328125000e+01
5.362816619873046875e+01
3.139140510559082031e+01
1.277828407287597656e+01
1.977996063232421875e+01
4.667417907714843750e+01
4.826329803466796875e+01
3.829238510131835938e+01
4.918268585205078125e+01
5.620832443237304688e+00
3.440513610839843750e+01
4.274428939819335938e+01
4.819944763183593750e+01
1.344371414184570312e+01
1.067516517639160156e+01
3.685512161254882812e+01
3.309948730468750000e+01
2.395221138000488281e+01
3.983627319335937500e+01
5.118493652343750000e+01
8.537475585937500000e+00
1.328320503234863281e+01
4.007961273193359375e+01
1.150278282165527344e+01
3.056071662902832031e+01
3.683507156372070312e+01
5.463095092773437500e+01
1.539699172973632812e+01
1.278078651428222656e+01
2.346825790405273438e+01
3.255916213989257812e+01
3.514505767822265625e+01
4.517657089233398438e+01
3.457488250732421875e+01
5.180826568603515625e+01
5.657020950317382812e+01
5.827103424072265625e+01
5.179229736328125000e+01
1.596875953674316406e+01
2.990633010864257812e+01
6.124467468261718750e+01
2.460893630981445312e+01
3.979690551757812500e+01
3.951867675781250000e+01
2.764468574523925781e+01
1.644704818725585938e+01
4.518507003784179688e+01
4.098932647705078125e+01
7.128146362304687500e+01
3.391423416137695312e+01
2.280455398559570312e+01
3.306078338623046875e+01
3.111499977111816406e+01
5.086432647705078125e+01
4.512788009643554688e+01
3.415926742553710938e+01
1.807984542846679688e+01
3.517151641845703125e+01
5.386542510986328125e+01
1.266247177124023438e+01
4.509215927124023438e+01
4.827260589599609375e+01
1.255198287963867188e+01
5.318960571289062500e+01
3.619783782958984375e+01
3.579447937011718750e+01
4.337084197998046875e+01
1.662673377990722656e+01
1.710704040527343750e+01
3.620348358154296875e+01
3.442025756835937500e+01
5.764267730712890625e+01
5.212293243408203125e+01
2.325445175170898438e+01
2.852027130126953125e+01
1.637173080444335938e+01
2.868567466735839844e+01
3.547792816162109375e+01
2.652111434936523438e+01
3.599143600463867188e+01
4.143473815917968750e+01
6.080629348754882812e+00
9.775396347045898438e+00
4.397699737548828125e+01
3.595287322998046875e+01
2.506417655944824219e+01
3.626123046875000000e+01
2.347771453857421875e+01
1.333646202087402344e+01
6.495344543457031250e+01
4.725476837158203125e+01
2.044537162780761719e+01
5.264247894287109375e+01
3.609496688842773438e+01
6.593454742431640625e+01
2.005380249023437500e+01
3.259563827514648438e+01
2.087066841125488281e+01
4.788982772827148438e+01
2.966752052307128906e+01
5.946135711669921875e+01
3.406410217285156250e+00
8.046624755859375000e+01
3.148393630981445312e+01
2.429518127441406250e+01
7.467079925537109375e+01
3.609866333007812500e+01
3.543243026733398438e+01
1.253435134887695312e+01
2.977887916564941406e+01
3.619048690795898438e+01
2.680091285705566406e+01
7.362128448486328125e+01
3.483834075927734375e+01
4.859097671508789062e+01
2.094472503662109375e+01
4.151095581054687500e+01
3.931376266479492188e+01
4.811573791503906250e+01
4.511827850341796875e+01
3.191316413879394531e+01
2.114252853393554688e+01
4.102761077880859375e+01
1.073118019104003906e+01
4.298276901245117188e+01
6.122970581054687500e+01
5.563784790039062500e+01
3.112193870544433594e+01
1.806940650939941406e+01
4.684179687500000000e+01
4.773868179321289062e+01
3.501052093505859375e+01
1.583576774597167969e+01
3.842092514038085938e+01
6.600317382812500000e+01
5.494253921508789062e+01
7.469384765625000000e+01
4.412626647949218750e+01
2.689467239379882812e+01
4.899894332885742188e+01
2.117636489868164062e+01
3.139787864685058594e+01
6.340357208251953125e+01
4.137274551391601562e+01
5.722927856445312500e+01
3.371083450317382812e+01
4.746568298339843750e+01
3.837836837768554688e+01
3.279631805419921875e+01
3.173688507080078125e+01
3.376076507568359375e+01
3.831665039062500000e+01
1.591974067687988281e+01
5.494253921508789062e+01
2.870631790161132812e+01
9.701162338256835938e+00
1.184710311889648438e+01
4.057794570922851562e+01
5.757084274291992188e+01
3.870719146728515625e+01
4.305193710327148438e+01
3.483560943603515625e+01
2.783782958984375000e+01
4.073862075805664062e+01
1.181087112426757812e+01
5.454788970947265625e+01
1.293465614318847656e+01
2.623899459838867188e+01
5.476434326171875000e+01
3.741592025756835938e+01
3.947925567626953125e+01
5.500934600830078125e+01
5.301722717285156250e+01
1.587939643859863281e+01
7.991855621337890625e+00
4.326303482055664062e+00
5.356316375732421875e+01
1.318846893310546875e+01
2.652550888061523438e+01
7.469384765625000000e+01
3.746320724487304688e+01
3.990076446533203125e+01
3.595522689819335938e+01
2.334309768676757812e+01
3.328382110595703125e+01
6.274736785888671875e+01
4.188351821899414062e+01
6.875422668457031250e+01
1.216012382507324219e+01
3.496869277954101562e+01
4.275990295410156250e+01
3.459036254882812500e+01
1.716759300231933594e+01
