4.269594192504882812e+01
2.642588615417480469e+01
1.270921897888183594e+01
4.068222808837890625e+01
2.667286872863769531e+01
1.618799400329589844e+01
3.402142333984375000e+01
4.072221374511718750e+01
1.905093002319335938e+01
5.798524475097656250e+01
1.261877822875976562e+01
3.991205978393554688e+01
1.041487312316894531e+01
3.215048599243164062e+01
2.104318618774414062e+01
5.751469421386718750e+01
2.772653198242187500e+01
4.204912185668945312e+01
1.137152290344238281e+01
4.442373275756835938e+01
1.920783233642578125e+01
2.030877685546875000e+01
1.272865676879882812e+01
5.100265121459960938e+01
3.896894836425781250e+01
2.184350204467773438e+01
3.223932647705078125e+01
2.258848953247070312e+01
2.807818031311035156e+01
2.392412567138671875e+01
1.415593910217285156e+01
3.796582031250000000e+01
1.408924293518066406e+01
3.266839981079101562e+01
5.165559768676757812e+00
4.565212249755859375e+00
2.339033126831054688e+01
5.465245819091796875e+01
2.207044792175292969e+01
4.792958450317382812e+01
1.283946800231933594e+01
4.553955078125000000e+00
4.823912429809570312e+01
2.501233291625976562e+01
4.801445388793945312e+01
6.708686065673828125e+01
7.403888702392578125e+01
3.403757858276367188e+01
2.670346450805664062e+01
4.115621948242187500e+01
2.799805068969726562e+01
1.298856353759765625e+01
1.374975967407226562e+01
2.887960433959960938e+01
9.871080398559570312e+00
2.022739410400390625e+01
6.243028259277343750e+01
3.923991394042968750e+01
3.067330741882324219e+01
3.181478309631347656e+01
3.372085952758789062e+01
5.867698669433593750e+01
6.265325164794921875e+01
3.766718292236328125e+01
4.566647338867187500e+01
2.634981918334960938e+01
1.518678855895996094e+01
7.600001525878906250e+01
5.045166015625000000e+01
2.500577545166015625e+01
3.410783004760742188e+01
6.601687622070312500e+01
3.952896118164062500e+01
2.635420036315917969e+01
5.567404937744140625e+01
4.405919647216796875e+01
6.639802551269531250e+01
9.183340072631835938e+00
3.895561218261718750e+01
9.840055465698242188e+00
3.801462936401367188e+01
3.809492492675781250e+01
3.115134048461914062e+01
3.671671295166015625e+01
1.553262901306152344e+01
4.783384323120117188e+01
2.519427871704101562e+01
3.911152267456054688e+01
3.512039947509765625e+01
3.810005950927734375e+01
2.143992614746093750e+01
5.327061080932617188e+01
5.840199279785156250e+01
3.277040100097656250e+01
1.356193542480468750e+01
4.766273880004882812e+01
3.325911331176757812e+01
7.073441314697265625e+01
4.678420257568359375e+01
4.018432235717773438e+01
8.435689926147460938e+00
5.121405410766601562e+01
6.223810577392578125e+01
3.012165832519531250e+01
4.054712677001953125e+01
5.572717285156250000e+01
1.708637046813964844e+01
3.888052368164062500e+01
3.768411636352539062e+01
1.335615921020507812e+01
7.817070770263671875e+01
2.203167724609375000e+01
5.306331634521484375e+01
2.678520584106445312e+01
1.286644554138183594e+01
2.215160369873046875e+01
2.133636093139648438e+01
4.171971893310546875e+01
2.359913063049316406e+01
2.353120422363281250e+01
3.442420578002929688e+01
2.260819625854492188e+01
2.371428680419921875e+01
1.850532531738281250e+01
1.401055908203125000e+01
3.742655944824218750e+01
6.949071884155273438e+00
5.882419967651367188e+01
5.279524230957031250e+01
1.715468406677246094e+01
2.464995765686035156e+01
5.883288955688476562e+01
2.587944984436035156e+01
4.141439819335937500e+01
2.458628463745117188e+01
4.975481414794921875e+01
4.749246978759765625e+01
4.433606338500976562e+01
1.399352073669433594e+01
4.946563339233398438e+01
3.772848892211914062e+01
5.430561828613281250e+01
2.846261215209960938e+01
2.242735671997070312e+01
2.803311538696289062e+01
1.008969306945800781e+01
1.307074165344238281e+01
2.387121200561523438e+01
2.815905189514160156e+01
5.002925109863281250e+01
3.889618301391601562e+01
4.246660232543945312e+01
5.027402496337890625e+01
7.673477935791015625e+01
5.171648406982421875e+01
2.254969787597656250e+01
8.995981216430664062e+00
2.425837707519531250e+01
8.936222076416015625e+00
5.799484252929687500e+00
4.681995010375976562e+01
3.131299400329589844e+01
1.938363075256347656e+01
1.344832801818847656e+01
2.699044418334960938e+01
3.268169021606445312e+01
3.923922729492187500e+01
2.030014419555664062e+01
5.449365997314453125e+01
4.049642944335937500e+01
5.093320846557617188e+01
1.234748268127441406e+01
1.943527603149414062e+01
1.233382034301757812e+01
1.772697067260742188e+01
1.875895881652832031e+01
2.888257026672363281e+01
2.993077087402343750e+01
2.691092300415039062e+01
1.100821304321289062e+01
3.589191818237304688e+01
2.452882766723632812e+01
5.271974945068359375e+01
3.726181793212890625e+01
4.612117004394531250e+01
7.673477935791015625e+01
5.239155578613281250e+01
4.142591094970703125e+01
1.831515121459960938e+01
4.736973571777343750e+01
3.875044250488281250e+01
7.974424362182617188e+00
1.974097061157226562e+01
1.954480934143066406e+01
1.868459701538085938e+01
9.478675842285156250e+00
3.565533065795898438e+01
2.969671440124511719e+01
5.278292846679687500e+01
5.650775909423828125e+01
3.174816131591796875e+01
3.604847717285156250e+01
4.173167800903320312e+01
6.433819580078125000e+01
3.550519180297851562e+01
2.408931350708007812e+01
2.686175155639648438e+01
5.444764709472656250e+01
1.745568084716796875e+01
2.250625228881835938e+01
5.288514709472656250e+01
5.831463623046875000e+01
3.488270950317382812e+01
3.873147201538085938e+01
3.419230651855468750e+01
3.709401702880859375e+01
3.351935958862304688e+01
3.310363006591796875e+01
3.701851654052734375e+01
2.831428718566894531e+01
4.192290496826171875e+01
1.649116325378417969e+01
1.518803215026855469e+01
3.792698669433593750e+01
5.530545043945312500e+01
3.687952041625976562e+01
5.232839202880859375e+01
3.234516525268554688e+01
2.581861495971679688e+01
4.968706512451171875e+01
3.683861541748046875e+01
2.841420364379882812e+01
4.123707199096679688e+01
3.309015274047851562e+01
3.597806549072265625e+01
3.221370697021484375e+01
3.881147003173828125e+01
5.474318313598632812e+01
5.360851669311523438e+01
2.630917167663574219e+01
4.019372940063476562e+01
1.975799179077148438e+01
5.184368896484375000e+01
1.946386718750000000e+01
3.124620246887207031e+01
3.687574005126953125e+01
2.766181373596191406e+01
6.951730346679687500e+01
5.075149917602539062e+01
2.635929870605468750e+01
3.980390930175781250e+01
2.505640220642089844e+01
1.268918609619140625e+01
1.730550003051757812e+01
7.139460754394531250e+01
6.781934738159179688e+00
2.425670242309570312e+01
4.300999450683593750e+01
1.012274169921875000e+01
5.807138061523437500e+01
3.538132095336914062e+01
7.073441314697265625e+01
1.168522453308105469e+01
4.318815612792968750e+01
3.265457534790039062e+01
3.245217895507812500e+01
3.582551193237304688e+01
3.365262222290039062e+01
2.182307815551757812e+01
4.049222946166992188e+01
5.433565521240234375e+01
3.822802734375000000e+01
3.050833892822265625e+01
4.656016159057617188e+01
4.521684265136718750e+01
7.514909362792968750e+01
4.146531677246093750e+01
1.460789680480957031e+01
3.636777877807617188e+01
4.334906005859375000e+01
2.461481857299804688e+01
1.592726707458496094e+01
1.910939025878906250e+01
6.764180755615234375e+01
1.993650245666503906e+01
2.200344848632812500e+01
4.010764312744140625e+01
3.205422210693359375e+01
6.908989715576171875e+01
2.330459594726562500e+01
3.853777694702148438e+01
4.888003921508789062e+01
5.478541564941406250e+01
6.051744079589843750e+01
3.277040100097656250e+01
2.597989654541015625e+01
2.365111541748046875e+01
5.202187347412109375e+01
3.720456695556640625e+01
4.667156982421875000e+01
4.306217193603515625e+01
3.580985260009765625e+01
1.769431114196777344e+01
2.490139961242675781e+01
4.355454635620117188e+01
3.130382537841796875e+01
4.912330627441406250e+01
2.003178024291992188e+01
3.844470977783203125e+01
5.314821243286132812e+01
9.478990554809570312e+00
4.159547805786132812e+01
6.585469055175781250e+01
2.758383941650390625e+01
6.265325164794921875e+01
1.960479164123535156e+01
1.487743949890136719e+01
3.724108886718750000e+01
4.502407073974609375e+01
1.517023277282714844e+01
4.216333007812500000e+01
3.423289871215820312e+01
1.350419425964355469e+01
6.206529235839843750e+01
1.486648941040039062e+01
2.535324859619140625e+01
5.285307312011718750e+01
3.875662231445312500e+01
3.331398391723632812e+01
3.687952041625976562e+01
1.383882331848144531e+01
4.597779846191406250e+01
3.001017189025878906e+01
3.316460800170898438e+01
1.536619949340820312e+01
5.539794158935546875e+01
5.046364593505859375e+01
1.733535766601562500e+01
3.317736816406250000e+01
1.262234687805175781e+01
3.501712799072265625e+01
4.930745697021484375e+01
3.245932388305664062e+01
5.301997756958007812e+01
4.271804809570312500e+01
1.597493553161621094e+01
4.478109741210937500e+01
2.634743118286132812e+01
2.075319099426269531e+01
3.838505935668945312e+01
5.539858245849609375e+01
4.070375442504882812e+01
3.863050079345703125e+01
4.217131042480468750e+01
3.140188026428222656e+01
4.228807830810546875e+01
2.049628829956054688e+01
6.704360961914062500e+01
2.899774551391601562e+01
2.880698776245117188e+01
6.981931686401367188e+00
1.141583633422851562e+01
3.014456558227539062e+01
1.495409011840820312e+01
2.171836662292480469e+01
3.125282287597656250e+01
4.185688018798828125e+01
5.775724792480468750e+01
7.129170227050781250e+01
5.868538665771484375e+01
2.392809677124023438e+01
6.607142639160156250e+01
2.411262512207031250e+01
3.539605331420898438e+01
5.492708969116210938e+01
3.687952041625976562e+01
4.479479980468750000e+01
2.970002746582031250e+01
4.480403137207031250e+01
1.707650375366210938e+01
4.168511199951171875e+01
4.792958450317382812e+01
8.991586685180664062e+00
7.550852966308593750e+01
7.237373352050781250e+01
3.840711212158203125e+01
3.567578125000000000e+01
4.969956207275390625e+01
4.163840103149414062e+01
4.082995605468750000e+01
2.509583854675292969e+01
6.927748107910156250e+01
6.835190582275390625e+01
1.547387313842773438e+01
7.673477935791015625e+01
9.582618713378906250e+00
3.827727127075195312e+01
3.629138946533203125e+00
2.590362167358398438e+01
4.110131454467773438e+01
3.986059951782226562e+01
6.360437774658203125e+01
4.409684371948242188e+01
4.932288360595703125e+01
1.399039268493652344e+01
2.844679641723632812e+01
3.807360839843750000e+01
4.780550003051757812e+01
2.960735702514648438e+01
3.704332351684570312e+01
3.706585311889648438e+01
2.666866683959960938e+01
5.718207931518554688e+01
3.125669860839843750e+01
3.348596954345703125e+01
1.844718551635742188e+01
2.929948234558105469e+01
2.536369323730468750e+00
2.689094352722167969e+01
2.695962142944335938e+01
3.357873153686523438e+01
5.659182357788085938e+01
1.185574150085449219e+01
2.944935989379882812e+01
1.197575569152832031e+01
7.045610046386718750e+01
1.243540382385253906e+01
1.139818000793457031e+01
4.661823272705078125e+01
5.262616348266601562e+01
5.085680770874023438e+01
2.240416717529296875e+01
2.910443115234375000e+01
3.737906646728515625e+01
2.485539627075195312e+01
2.908072471618652344e+01
1.292429542541503906e+01
1.370806694030761719e+01
1.905337715148925781e+01
1.103823089599609375e+01
6.986100769042968750e+01
1.066769027709960938e+01
3.009757614135742188e+01
2.675747299194335938e+01
1.107814979553222656e+01
5.918158721923828125e+01
5.601096343994140625e+01
2.660671997070312500e+01
3.570282363891601562e+01
5.496263122558593750e+01
4.057115173339843750e+01
3.447143554687500000e+01
2.492086791992187500e+01
7.294976806640625000e+01
2.670344543457031250e+01
2.821023559570312500e+01
4.158274841308593750e+01
2.995744323730468750e+01
3.488053512573242188e+01
3.424335479736328125e+01
6.811051177978515625e+01
6.248712921142578125e+01
3.831946563720703125e+01
2.898579406738281250e+01
3.818629455566406250e+01
1.946594238281250000e+01
3.933065795898437500e+01
3.046902275085449219e+01
6.560818481445312500e+01
4.201862335205078125e+01
2.945546150207519531e+01
7.673477935791015625e+01
1.601154899597167969e+01
2.255683135986328125e+01
4.427494812011718750e+01
4.319898223876953125e+01
2.664756965637207031e+01
4.572996902465820312e+01
2.756988716125488281e+01
3.691145706176757812e+01
3.571980667114257812e+01
2.851387786865234375e+01
3.567198562622070312e+01
3.765820693969726562e+01
2.969313049316406250e+01
3.681587600708007812e+01
4.449537658691406250e+01
4.472279739379882812e+01
7.216303253173828125e+01
2.846054077148437500e+01
5.405592727661132812e+01
3.773464965820312500e+01
1.600478363037109375e+01
4.962268829345703125e+01
1.761847114562988281e+01
1.859943389892578125e+00
2.500596237182617188e+01
1.566416168212890625e+01
4.568189239501953125e+01
5.096393585205078125e+01
1.832983398437500000e+01
2.248990440368652344e+01
2.868875885009765625e+01
4.151937103271484375e+01
2.726108741760253906e+01
1.551730155944824219e+01
1.203859519958496094e+01
2.746264076232910156e+01
3.985224151611328125e+01
1.598691558837890625e+01
5.596936035156250000e+01
3.094819259643554688e+01
1.815208625793457031e+01
4.946548461914062500e+01
1.370886230468750000e+01
3.327828216552734375e+01
2.833645629882812500e+01
1.504190254211425781e+01
1.947332382202148438e+01
2.934681892395019531e+01
3.018371391296386719e+01
5.282306671142578125e+01
2.115389251708984375e+01
4.711904525756835938e+01
7.238169860839843750e+01
5.092421722412109375e+01
4.435047912597656250e+01
3.740733337402343750e+01
7.226278305053710938e+00
4.303659820556640625e+01
4.986881256103515625e+01
4.792958450317382812e+01
5.877023315429687500e+01
4.507834625244140625e+01
7.000659942626953125e+01
5.270318984985351562e+01
5.650659179687500000e+01
5.012718200683593750e+01
3.734237670898437500e+01
2.618556976318359375e+01
7.073441314697265625e+01
3.518492507934570312e+01
4.340454864501953125e+01
2.973608970642089844e+01
4.745334625244140625e+01
3.964147949218750000e+01
4.104920578002929688e+01
1.575161743164062500e+01
3.379681015014648438e+01
3.805969619750976562e+01
3.452726745605468750e+01
6.035716247558593750e+01
2.447785568237304688e+01
4.714512252807617188e+01
3.092595672607421875e+01
3.113108444213867188e+01
2.488252258300781250e+01
2.506127738952636719e+01
1.623888206481933594e+01
1.797722053527832031e+01
4.839915084838867188e+01
2.660792160034179688e+01
2.704243278503417969e+01
2.618053436279296875e+01
5.233314132690429688e+01
7.285322570800781250e+01
7.355284118652343750e+01
2.312598419189453125e+01
3.808316040039062500e+01
3.831068038940429688e+01
2.471182632446289062e+01
3.544546890258789062e+01
4.904299926757812500e+01
3.406800460815429688e+01
3.220742416381835938e+01
4.803994369506835938e+01
2.985793685913085938e+01
3.603704452514648438e+01
3.919430541992187500e+01
2.468291664123535156e+01
1.978552627563476562e+01
3.729353713989257812e+01
3.492383575439453125e+01
5.355168151855468750e+01
1.195668983459472656e+01
5.268712234497070312e+01
2.834699249267578125e+01
4.470688629150390625e+01
6.525837707519531250e+01
2.732380676269531250e+01
4.726647186279296875e+01
1.395636749267578125e+01
3.294966888427734375e+01
2.315967559814453125e+01
6.722238540649414062e+00
5.623278808593750000e+01
6.948461532592773438e+00
3.772243499755859375e+01
4.016566085815429688e+01
2.317992019653320312e+01
3.423799514770507812e+01
4.134674072265625000e+01
7.934370040893554688e+00
3.446866989135742188e+01
3.504768753051757812e+01
2.243537521362304688e+01
3.612316894531250000e+01
1.753642082214355469e+01
1.494182395935058594e+01
3.297750091552734375e+01
5.621426773071289062e+01
2.211139678955078125e+01
3.819018554687500000e+01
4.792958450317382812e+01
2.528385162353515625e+01
1.678743743896484375e+01
4.522335052490234375e+01
3.477472305297851562e+01
4.460372924804687500e+01
3.790865707397460938e+01
3.534463119506835938e+01
4.043618774414062500e+01
3.421812438964843750e+01
4.368795776367187500e+01
3.378576660156250000e+01
4.082063674926757812e+01
3.675199508666992188e+01
9.655782699584960938e+00
3.575241470336914062e+01
3.765820693969726562e+01
4.284047317504882812e+01
3.639641571044921875e+01
4.397391128540039062e+01
3.932049560546875000e+01
7.369627380371093750e+01
2.851574325561523438e+01
4.210768127441406250e+01
4.218747329711914062e+01
5.691131591796875000e+01
4.339741134643554688e+01
6.493123626708984375e+01
3.355754089355468750e+01
3.946667098999023438e+01
6.720602416992187500e+01
3.825917816162109375e+01
2.771540451049804688e+01
3.810631942749023438e+01
3.785562133789062500e+01
1.686300849914550781e+01
2.530569458007812500e+01
2.796031761169433594e+01
6.349243164062500000e+01
6.349243164062500000e+01
3.486519241333007812e+01
3.978491973876953125e+01
3.960863113403320312e+01
5.398959350585937500e+01
3.629541015625000000e+01
3.724029922485351562e+01
5.109823989868164062e+01
4.035436248779296875e+01
4.508027648925781250e+01
3.868645477294921875e+01
9.375436782836914062e+00
1.024437141418457031e+01
4.229109954833984375e+01
5.405625915527343750e+01
5.211594772338867188e+01
3.043346023559570312e+01
4.291389846801757812e+01
2.296045684814453125e+01
1.387609100341796875e+01
5.496537399291992188e+01
1.574617195129394531e+01
6.645674133300781250e+01
5.249543380737304688e+01
4.877195739746093750e+01
1.767342758178710938e+01
2.363963890075683594e+01
3.412363815307617188e+01
2.320265960693359375e+01
3.940859603881835938e+01
5.620332336425781250e+01
3.732229614257812500e+01
3.388177108764648438e+01
1.703166389465332031e+01
2.693781852722167969e+01
1.727136039733886719e+01
5.864485931396484375e+01
4.059569549560546875e+01
6.051744079589843750e+01
4.575751495361328125e+01
3.039452171325683594e+01
1.376459503173828125e+01
4.267057800292968750e+01
3.636159515380859375e+01
3.662129974365234375e+01
3.878591156005859375e+01
3.308697891235351562e+01
3.682851791381835938e+01
3.765466308593750000e+01
2.083856964111328125e+01
4.264281463623046875e+01
7.246536254882812500e+01
3.503076934814453125e+01
1.292088127136230469e+01
4.369420242309570312e+01
3.224145507812500000e+01
2.061828994750976562e+01
1.930446052551269531e+01
2.571630287170410156e+01
5.445968627929687500e+01
2.595664596557617188e+01
4.580730438232421875e+01
5.730033874511718750e+01
3.537900924682617188e+01
5.477260971069335938e+01
4.707087326049804688e+01
2.085703659057617188e+01
3.132608795166015625e+01
2.817942047119140625e+01
3.726625061035156250e+01
3.844628906250000000e+01
5.199492645263671875e+01
5.994924163818359375e+01
3.086860466003417969e+01
5.719220733642578125e+01
4.132827758789062500e+01
5.701119232177734375e+01
1.626609611511230469e+01
1.306281471252441406e+01
4.596416854858398438e+01
3.384949111938476562e+01
3.242249679565429688e+01
6.122109222412109375e+01
8.295463562011718750e+00
5.102955627441406250e+01
6.666683959960937500e+01
2.422996902465820312e+01
3.705198669433593750e+01
5.393607330322265625e+01
4.482074356079101562e+01
5.697627258300781250e+01
1.696305465698242188e+01
3.708058929443359375e+01
6.703564453125000000e+01
6.386099243164062500e+01
4.681813812255859375e+01
5.109823989868164062e+01
2.670786476135253906e+01
4.476890563964843750e+01
3.040150642395019531e+01
2.536779403686523438e+01
3.596175384521484375e+01
1.542027854919433594e+01
1.546538734436035156e+01
2.816263580322265625e+01
3.345963287353515625e+01
5.661941528320312500e+01
4.573849487304687500e+01
6.975480651855468750e+01
1.706141853332519531e+01
3.651441574096679688e+01
3.632633209228515625e+01
7.322509765625000000e+01
3.816233062744140625e+01
4.254443359375000000e+01
2.772604751586914062e+01
6.600343322753906250e+01
7.727964782714843750e+01
3.121741676330566406e+01
3.938164520263671875e+01
7.073441314697265625e+01
3.782630157470703125e+01
3.028269577026367188e+01
2.278583526611328125e+01
5.050302124023437500e+01
3.842561721801757812e+01
3.503921508789062500e+01
3.072573089599609375e+01
1.180902671813964844e+01
4.568759155273437500e+01
3.367479324340820312e+01
4.042127990722656250e+01
1.826361274719238281e+01
2.177934837341308594e+01
2.144445037841796875e+01
4.946212005615234375e+01
3.131500053405761719e+01
3.779460525512695312e+01
4.002259063720703125e+01
3.229304885864257812e+01
4.128943252563476562e+01
2.959558105468750000e+01
4.835845947265625000e+01
6.051744079589843750e+01
4.470240783691406250e+01
2.952570343017578125e+01
4.799335861206054688e+01
1.997391510009765625e+01
4.515394210815429688e+01
4.594866561889648438e+01
1.130316543579101562e+01
4.448110198974609375e+01
1.446421623229980469e+01
1.256279373168945312e+01
3.796839904785156250e+01
2.602715301513671875e+01
3.093325614929199219e+01
1.283415222167968750e+01
3.259465789794921875e+01
1.922906684875488281e+01
5.613822937011718750e+01
5.109823989868164062e+01
1.339068794250488281e+01
3.817343521118164062e+01
6.349243164062500000e+01
3.564019775390625000e+01
3.480269622802734375e+01
1.529306030273437500e+01
6.912020874023437500e+01
1.357940483093261719e+01
2.030411911010742188e+01
1.832543373107910156e+01
7.143630981445312500e+01
1.505063056945800781e+01
2.523968505859375000e+01
1.402993583679199219e+01
2.929927825927734375e+01
7.924468994140625000e+00
3.756789779663085938e+01
4.186642456054687500e+01
3.385677337646484375e+01
7.247071838378906250e+01
1.289104843139648438e+01
1.141443061828613281e+01
1.751121139526367188e+01
2.366669464111328125e+01
1.439640808105468750e+01
5.465245819091796875e+01
4.554553222656250000e+01
3.260699462890625000e+01
2.756222152709960938e+01
6.265325164794921875e+01
7.514909362792968750e+01
2.003398132324218750e+01
4.307082366943359375e+01
2.764981079101562500e+01
3.938932418823242188e+01
1.537306404113769531e+01
4.271061706542968750e+01
4.372028350830078125e+01
1.204647445678710938e+01
4.048851394653320312e+01
3.530957031250000000e+01
1.170817565917968750e+01
4.164610290527343750e+01
3.394269561767578125e+01
4.343920516967773438e+01
3.428060913085937500e+01
2.681119155883789062e+01
4.334858322143554688e+01
1.541344070434570312e+01
3.054313659667968750e+01
3.728348541259765625e+01
4.045922470092773438e+01
5.128923797607421875e+01
4.587264251708984375e+01
2.540181350708007812e+01
3.226576232910156250e+01
5.256523513793945312e+01
3.229790496826171875e+01
2.771540451049804688e+01
1.357755088806152344e+01
3.128588485717773438e+01
3.281829452514648438e+01
5.294684219360351562e+01
6.923709106445312500e+01
4.300999450683593750e+01
9.607196807861328125e+00
2.474687194824218750e+01
5.144012451171875000e+01
1.136027336120605469e+01
8.420053482055664062e+00
2.501233291625976562e+01
4.923339843750000000e+00
3.674327850341796875e+01
4.597254180908203125e+01
3.469264221191406250e+01
4.072463226318359375e+01
2.187547683715820312e+01
2.653864860534667969e+01
1.128966522216796875e+01
2.925662994384765625e+01
3.697932815551757812e+01
2.572152328491210938e+01
1.375137710571289062e+01
3.766046524047851562e+00
1.243030548095703125e+01
6.433819580078125000e+01
3.272091674804687500e+01
3.998571014404296875e+01
5.321686172485351562e+01
3.411324691772460938e+01
2.449450683593750000e+01
1.970994758605957031e+01
1.209803199768066406e+01
2.162229156494140625e+01
2.337870788574218750e+01
4.152393341064453125e+01
2.412517356872558594e+01
1.533217430114746094e+01
5.251828765869140625e+01
3.794282531738281250e+01
3.456052780151367188e+01
3.474323272705078125e+01
4.462575531005859375e+01
3.589191818237304688e+01
2.292592048645019531e+01
4.044248962402343750e+01
4.521290588378906250e+01
3.273108291625976562e+01
1.418633270263671875e+01
5.564610290527343750e+01
5.096794891357421875e+01
3.277790832519531250e+01
3.759041595458984375e+01
