1.611894226074218750e+01
6.644020080566406250e-01
4.245860671997070312e+01
1.494124794006347656e+01
4.185404586791992188e+01
3.639086914062500000e+01
2.812509536743164062e+01
4.737142181396484375e+01
4.599646759033203125e+01
3.873682785034179688e+01
1.388389205932617188e+01
1.429446983337402344e+01
1.364841079711914062e+01
7.638991546630859375e+01
3.932278060913085938e+01
6.379066467285156250e+01
3.406020736694335938e+01
2.002828025817871094e+01
1.590930366516113281e+01
2.499394989013671875e+01
7.846960449218750000e+01
3.308471298217773438e+01
3.169619750976562500e+01
9.715639114379882812e+00
4.311983108520507812e+01
1.471896171569824219e+01
1.075096702575683594e+01
2.597768783569335938e+01
3.515142822265625000e+01
3.537364959716796875e+01
4.975254058837890625e+01
1.204550743103027344e+01
3.429725646972656250e+00
1.872978210449218750e+01
4.010088729858398438e+01
3.661710739135742188e+01
4.419104766845703125e+01
4.884384536743164062e+01
2.630365753173828125e+01
5.169432830810546875e+01
3.571046447753906250e+01
3.652393722534179688e+01
2.821047973632812500e+01
1.104282569885253906e+01
4.411509704589843750e+01
3.980937194824218750e+01
1.759197044372558594e+01
2.146936988830566406e+01
3.816051483154296875e+01
2.932485771179199219e+01
1.982152938842773438e+01
1.894262313842773438e+01
3.496445465087890625e+01
4.121560668945312500e+01
6.563209533691406250e+01
1.093578720092773438e+01
3.328175735473632812e+01
3.544109725952148438e+01
2.710959625244140625e+01
6.031317138671875000e+01
1.321400070190429688e+01
2.127377700805664062e+01
7.595410156250000000e+01
3.506364059448242188e+01
5.796886444091796875e+00
1.264824676513671875e+01
3.548345947265625000e+01
5.038927459716796875e+01
2.370054435729980469e+01
2.992004394531250000e+01
2.859041213989257812e+01
2.914537239074707031e+01
3.748707199096679688e+01
1.012855911254882812e+01
7.779596710205078125e+01
3.284531021118164062e+01
3.463741683959960938e+01
2.317877388000488281e+01
7.238404083251953125e+01
4.844375610351562500e+01
5.145519638061523438e+01
3.046928405761718750e+01
3.596459579467773438e+01
3.198306655883789062e+01
6.181484222412109375e+00
3.000607490539550781e+01
6.217776489257812500e+01
7.196968841552734375e+01
2.817098999023437500e+01
2.654716873168945312e+01
5.195100784301757812e+01
4.674869537353515625e+00
2.532703018188476562e+01
3.557341766357421875e+01
2.510820388793945312e+01
7.231478118896484375e+01
3.425977706909179688e+01
3.751010894775390625e+01
1.271214103698730469e+01
7.926155090332031250e+00
2.841445350646972656e+01
2.312485504150390625e+01
3.994814682006835938e+01
1.135980796813964844e+01
4.539229202270507812e+01
4.775769424438476562e+01
3.528627395629882812e+01
3.234243011474609375e+01
4.294208526611328125e+01
2.389060020446777344e+01
2.115769958496093750e+01
2.979409027099609375e+01
2.380504608154296875e+01
1.815871238708496094e+01
2.704822731018066406e+01
2.515541839599609375e+01
3.014068603515625000e+01
2.283883666992187500e+01
1.436413764953613281e+01
5.461363983154296875e+01
2.849252891540527344e+01
3.476528167724609375e+01
6.506153869628906250e+01
4.409204864501953125e+01
2.277208328247070312e+01
3.047293472290039062e+01
3.710836029052734375e+01
4.873231887817382812e+01
3.821018600463867188e+01
3.634544754028320312e+01
7.140318298339843750e+01
4.152376937866210938e+01
4.506880950927734375e+01
1.613070487976074219e+01
3.774924850463867188e+01
4.280803680419921875e+01
5.703885650634765625e+01
3.582693481445312500e+01
7.298136138916015625e+01
5.722032165527343750e+01
2.694699478149414062e+01
2.370444107055664062e+01
5.362422180175781250e+01
1.888767242431640625e+00
1.538996505737304688e+01
5.670727539062500000e+01
3.197980499267578125e+01
1.017595481872558594e+01
2.414530944824218750e+01
3.854759216308593750e+01
3.253731536865234375e+01
4.607453918457031250e+01
3.403956222534179688e+01
2.164689445495605469e+01
2.978434562683105469e+01
6.286601257324218750e+01
1.695978736877441406e+01
5.804598999023437500e+01
3.304616546630859375e+01
5.857567977905273438e+01
8.155281066894531250e+01
1.462365722656250000e+01
2.127003479003906250e+01
1.976700019836425781e+01
3.310261535644531250e+01
5.345575714111328125e+01
5.091864776611328125e+01
5.100891113281250000e+00
2.363681221008300781e+01
6.049579620361328125e+00
1.653250122070312500e+01
1.065415191650390625e+01
4.961534118652343750e+01
7.121577453613281250e+01
4.852592086791992188e+01
3.327116775512695312e+01
3.949658203125000000e+01
4.020964813232421875e+01
3.283110809326171875e+01
4.027249526977539062e+01
1.109408950805664062e+01
4.524435806274414062e+01
3.635593414306640625e+01
2.311819076538085938e+01
4.170050811767578125e+01
1.400670242309570312e+01
2.963410186767578125e+01
3.293571853637695312e+01
2.774557685852050781e+01
2.787828826904296875e+01
5.251774597167968750e+01
4.070029067993164062e+01
1.052581787109375000e+01
4.077508544921875000e+01
3.619208908081054688e+01
4.094216918945312500e+01
3.792823410034179688e+01
7.488970947265625000e+01
4.085702133178710938e+01
1.660248756408691406e+01
3.346407699584960938e+01
3.968051910400390625e+01
7.049581909179687500e+01
3.885934448242187500e+01
1.893098258972167969e+01
2.640677070617675781e+01
1.801937103271484375e+01
2.621798324584960938e+01
4.624355316162109375e+01
1.711385345458984375e+01
1.376239013671875000e+01
2.002828025817871094e+01
3.111325073242187500e+01
4.153246307373046875e+01
4.125173187255859375e+01
3.224050140380859375e+01
1.726566123962402344e+01
4.869439697265625000e+01
3.498674011230468750e+01
3.722351455688476562e+01
5.410075378417968750e+01
1.072527313232421875e+01
2.905797195434570312e+01
3.172338485717773438e+01
4.632019805908203125e+01
3.284737014770507812e+01
1.384199333190917969e+01
3.657612228393554688e+01
4.987490463256835938e+01
3.417895126342773438e+01
5.140790939331054688e+01
1.371419334411621094e+01
2.280125236511230469e+01
1.248839187622070312e+01
3.803284835815429688e+01
3.925137710571289062e+01
4.581371688842773438e+01
3.920780563354492188e+01
6.825290679931640625e+00
4.305251693725585938e+01
4.313922119140625000e+01
3.697215270996093750e+01
1.140889930725097656e+01
3.675001907348632812e+01
3.440803909301757812e+01
1.329512214660644531e+01
3.533617782592773438e+01
3.274713516235351562e+01
1.593306922912597656e+01
4.142831420898437500e+01
3.475777053833007812e+01
3.849706268310546875e+01
3.594757461547851562e+01
2.212467193603515625e+01
9.453163146972656250e+00
3.168782043457031250e+01
2.648195075988769531e+01
5.301086807250976562e+01
2.298846817016601562e+01
6.701108551025390625e+01
2.514957618713378906e+01
6.883218383789062500e+01
5.067084121704101562e+01
3.290336227416992188e+01
4.164983367919921875e+01
5.577150726318359375e+01
3.375075912475585938e+01
3.767470169067382812e+01
5.355689239501953125e+01
4.157484817504882812e+01
4.014521408081054688e+01
6.883218383789062500e+01
3.022766494750976562e+01
1.262377357482910156e+01
6.475389480590820312e+00
6.296152496337890625e+01
4.746824645996093750e+01
2.867712402343750000e+01
2.363949966430664062e+01
1.450530815124511719e+01
2.536541366577148438e+01
3.186947631835937500e+01
2.748536300659179688e+01
2.603207588195800781e+01
1.505267524719238281e+01
1.922313499450683594e+01
5.909318923950195312e+01
4.033928298950195312e+01
4.239689254760742188e+01
2.729128837585449219e+01
1.765502166748046875e+01
5.364514541625976562e+01
1.819842147827148438e+01
4.478421783447265625e+01
1.083770942687988281e+01
3.498495483398437500e+01
5.495803833007812500e+01
4.212445068359375000e+01
5.845487976074218750e+01
4.591326904296875000e+01
3.043853187561035156e+01
1.905225944519042969e+01
1.547210121154785156e+01
6.528376770019531250e+01
3.526516342163085938e+01
2.866778564453125000e+01
4.031979751586914062e+01
3.819507980346679688e+01
2.960277748107910156e+01
5.494068908691406250e+01
4.165397262573242188e+01
5.006442260742187500e+01
5.854412841796875000e+01
1.778009605407714844e+01
2.866987609863281250e+01
6.675489044189453125e+01
1.588861465454101562e+01
6.519166946411132812e+00
7.110609436035156250e+01
5.425202178955078125e+01
3.920450210571289062e+01
4.791934204101562500e+01
2.917238426208496094e+01
3.703002929687500000e-01
5.311790847778320312e+01
3.991272735595703125e+01
2.790578269958496094e+01
5.861933898925781250e+01
1.429459953308105469e+01
3.635575103759765625e+01
3.887080764770507812e+01
2.435127449035644531e+01
1.968873977661132812e+01
6.649690246582031250e+01
5.377477264404296875e+01
3.785203170776367188e+01
2.456958770751953125e+01
2.567329025268554688e+01
5.406287765502929688e+01
2.521408271789550781e+01
3.553960037231445312e+01
6.830453491210937500e+01
2.093442535400390625e+01
5.128088378906250000e+01
7.235234069824218750e+01
1.503366088867187500e+01
2.942827224731445312e+01
2.658008193969726562e+01
3.546765518188476562e+01
1.721828079223632812e+01
5.434632110595703125e+01
2.924470329284667969e+01
3.765299224853515625e+01
7.252629089355468750e+01
2.439581298828125000e+01
3.863450622558593750e+01
3.958382034301757812e+01
4.721106719970703125e+01
2.369052505493164062e+01
6.254475784301757812e+01
4.338882446289062500e+01
4.981018829345703125e+01
1.241738891601562500e+01
1.727561187744140625e+01
1.714850616455078125e+01
5.431740570068359375e+01
6.303985214233398438e+01
2.656848907470703125e+01
6.105304718017578125e+00
1.657406044006347656e+01
4.951166534423828125e+01
2.977011871337890625e+01
4.548854064941406250e+01
7.779596710205078125e+01
5.959175109863281250e+01
4.517745208740234375e+01
5.738089752197265625e+01
4.213361740112304688e+01
3.395314025878906250e+01
3.594405364990234375e+01
3.855586624145507812e+01
7.779596710205078125e+01
2.528022766113281250e+01
1.870089912414550781e+01
2.333111190795898438e+01
4.013946533203125000e+01
4.370399475097656250e+01
6.003482055664062500e+01
1.683613967895507812e+01
3.703076171875000000e+01
4.026699829101562500e+01
2.206387329101562500e+01
4.007197570800781250e+01
4.978424072265625000e+01
1.749390602111816406e+01
4.374404144287109375e+01
7.638991546630859375e+01
3.746133041381835938e+01
2.941106414794921875e+01
2.866991996765136719e+01
5.956844711303710938e+01
4.284241104125976562e+01
2.900432014465332031e+01
3.411620330810546875e+01
3.151653671264648438e+01
1.911049079895019531e+01
4.300881195068359375e+01
3.904745864868164062e+01
5.674702453613281250e+01
3.835998153686523438e+01
2.795082855224609375e+01
2.936338806152343750e+01
5.650032806396484375e+01
3.285473632812500000e+01
3.881437683105468750e+01
6.032742309570312500e+01
3.574167251586914062e+01
2.926126098632812500e+01
4.754738998413085938e+01
2.595911598205566406e+01
2.336032104492187500e+01
2.971096992492675781e+01
8.997400283813476562e+00
3.060408210754394531e+01
2.729267120361328125e+01
2.173176574707031250e+01
1.981955718994140625e+01
1.414343261718750000e+01
5.183977127075195312e+01
6.623815917968750000e+01
2.010940361022949219e+01
3.720045471191406250e+01
5.726649475097656250e+01
1.239700317382812500e+01
2.331769561767578125e+01
6.819290161132812500e+01
2.463925361633300781e+01
1.608584213256835938e+01
8.669261169433593750e+01
6.958281707763671875e+01
3.954831695556640625e+01
1.906114768981933594e+01
1.915939140319824219e+01
5.509966278076171875e+01
3.874986648559570312e+01
5.736520385742187500e+01
1.416032791137695312e+01
4.406569290161132812e+01
4.094818878173828125e+01
6.878597259521484375e+01
1.466097068786621094e+01
3.848140716552734375e+01
1.287152099609375000e+01
3.485489654541015625e+01
2.107924652099609375e+01
5.242074966430664062e+01
2.557514381408691406e+01
3.800616455078125000e+01
1.620129013061523438e+01
3.395672225952148438e+01
2.807196426391601562e+01
2.883083343505859375e+01
3.939395904541015625e+01
5.402093505859375000e+01
5.115512084960937500e+01
5.371043395996093750e+01
3.395125961303710938e+01
3.738702392578125000e+01
5.116458511352539062e+01
4.348341369628906250e+01
5.477800750732421875e+01
2.755105590820312500e+01
3.690606689453125000e+01
8.850967407226562500e+00
3.780199432373046875e+01
2.819883346557617188e+01
3.644306564331054688e+01
4.020308685302734375e+01
1.369766616821289062e+01
1.469970703125000000e+01
2.224307250976562500e+01
3.534009552001953125e+01
3.522374725341796875e+01
4.358682250976562500e+01
2.490469360351562500e+01
3.514300537109375000e+01
1.273390388488769531e+01
4.675685882568359375e+01
2.655891799926757812e+01
4.591326904296875000e+01
4.224140167236328125e+01
2.510369300842285156e+01
2.812756156921386719e+01
3.563801574707031250e+01
5.739537811279296875e+01
5.886317443847656250e+01
4.037107849121093750e+01
1.407434272766113281e+01
1.958350753784179688e+01
1.129116821289062500e+01
7.208600997924804688e+00
4.155035018920898438e+01
2.779737663269042969e+01
3.254008865356445312e+01
1.236225318908691406e+01
2.182078170776367188e+01
3.877536773681640625e+01
3.218400573730468750e+01
3.258121490478515625e+01
4.374197387695312500e+01
3.916965103149414062e+01
5.861933898925781250e+01
1.702706527709960938e+01
7.380355834960937500e+01
4.141257476806640625e+01
2.331960105895996094e+01
4.894795989990234375e+01
1.863739395141601562e+01
1.032319259643554688e+01
3.217692565917968750e+01
6.974536132812500000e+01
3.019221878051757812e+01
3.527365875244140625e+01
4.022239685058593750e+01
3.216265869140625000e+01
3.635997009277343750e+01
4.582527923583984375e+01
2.285402679443359375e+01
5.460382080078125000e+01
6.618788909912109375e+01
4.604518890380859375e+01
3.041334152221679688e+01
2.866594314575195312e+01
1.971505928039550781e+01
2.895462036132812500e+01
6.994498443603515625e+01
4.104853820800781250e+01
3.209392929077148438e+01
5.284593200683593750e+01
3.428601074218750000e+01
2.210084915161132812e+01
3.159857749938964844e+01
1.682107543945312500e+01
4.522254180908203125e+01
3.188167762756347656e+01
2.042291641235351562e+01
1.630364799499511719e+01
5.486935424804687500e+01
4.896705627441406250e+01
6.073748016357421875e+01
5.791593551635742188e+01
4.008023071289062500e+01
1.914335060119628906e+01
1.358069801330566406e+01
4.147217178344726562e+01
2.907618331909179688e+01
2.829033088684082031e+01
1.285237693786621094e+01
1.610313224792480469e+01
4.216931152343750000e+01
2.309832000732421875e+01
2.136245346069335938e+01
4.110128402709960938e+01
6.153733062744140625e+01
7.638991546630859375e+01
2.128835296630859375e+01
3.954440307617187500e+01
3.348469161987304688e+01
3.680601119995117188e+01
3.015919876098632812e+01
3.951190948486328125e+01
3.978413772583007812e+01
2.472568511962890625e+01
5.704381942749023438e+00
1.964417076110839844e+01
3.029278755187988281e+01
5.099670791625976562e+01
5.037004852294921875e+01
3.958952713012695312e+01
1.523464393615722656e+01
1.499218940734863281e+01
1.796682167053222656e+01
1.397508239746093750e+01
3.454315567016601562e+01
5.325818634033203125e+01
2.968307495117187500e+01
6.217776489257812500e+01
3.654845046997070312e+01
5.637525939941406250e+01
3.481433868408203125e+01
3.479783248901367188e+01
4.345776748657226562e+01
1.015936470031738281e+01
3.499734115600585938e+01
5.869851684570312500e+01
6.485173034667968750e+01
3.835087585449218750e+01
4.848584747314453125e+01
3.200887298583984375e+01
2.910786247253417969e+01
6.041127014160156250e+01
6.623815917968750000e+01
1.562646293640136719e+01
3.248518371582031250e+01
3.825127410888671875e+01
2.443412590026855469e+01
2.511956977844238281e+01
1.424958419799804688e+01
1.354914283752441406e+01
3.620723342895507812e+01
1.875621795654296875e+01
3.150705718994140625e+01
3.481433868408203125e+01
6.884335327148437500e+01
2.814673042297363281e+01
4.023452758789062500e+01
1.944750022888183594e+01
3.701133728027343750e+01
4.704855728149414062e+01
2.442629623413085938e+01
4.640314102172851562e+01
1.471423530578613281e+01
5.235700988769531250e+01
3.242495727539062500e+01
1.785945892333984375e+01
4.414361572265625000e+01
7.638991546630859375e+01
2.373066711425781250e+01
4.153129196166992188e+01
5.889516067504882812e+01
2.971096992492675781e+01
3.172835350036621094e+01
2.612862396240234375e+01
4.638860702514648438e+01
4.213432693481445312e+01
2.926126098632812500e+01
6.493862152099609375e+00
5.981754302978515625e+00
5.310674285888671875e+01
4.745186996459960938e+01
4.282585906982421875e+01
5.772871398925781250e+01
4.187903594970703125e+01
4.501920318603515625e+01
5.854412841796875000e+01
2.650440597534179688e+01
1.484178924560546875e+01
1.402553749084472656e+01
2.832118606567382812e+01
4.602082824707031250e+01
3.045572090148925781e+01
3.759835815429687500e+01
4.705654525756835938e+01
2.884971046447753906e+01
2.150889778137207031e+01
4.067190170288085938e+01
3.303253936767578125e+01
2.263987350463867188e+01
4.263124084472656250e+01
3.874011611938476562e+01
4.705665588378906250e+01
1.333891105651855469e+01
4.212733840942382812e+01
3.825127410888671875e+01
5.196845245361328125e+01
2.978794670104980469e+01
3.668552017211914062e+01
4.338882446289062500e+01
4.290520858764648438e+01
3.486928939819335938e+01
5.796473312377929688e+01
6.810816955566406250e+01
5.196762084960937500e+01
5.144078826904296875e+01
3.481433868408203125e+01
6.402198791503906250e+01
2.170913505554199219e+01
4.152874755859375000e+01
2.340859222412109375e+01
4.628047943115234375e+01
5.110248565673828125e+01
4.028543090820312500e+01
7.880905151367187500e+01
1.827018547058105469e+01
3.012038612365722656e+01
5.854412841796875000e+01
8.775474548339843750e+00
2.290067672729492188e+01
1.368652725219726562e+01
7.169575500488281250e+01
2.507108116149902344e+01
2.735673141479492188e+01
1.821609306335449219e+01
5.774693679809570312e+01
4.739062881469726562e+01
3.249604034423828125e+01
5.141409683227539062e+01
3.075046157836914062e+01
4.727556228637695312e+01
3.825127410888671875e+01
6.678728103637695312e+00
4.419925689697265625e+01
2.762874984741210938e+01
4.663308334350585938e+01
3.497993087768554688e+01
3.650361251831054688e+01
3.425161361694335938e+01
3.640463638305664062e+01
2.114461135864257812e+01
2.519601440429687500e+01
1.330258560180664062e+01
3.220370483398437500e+01
2.508803367614746094e+01
2.656801033020019531e+01
6.564904785156250000e+01
3.823129653930664062e+01
3.066306304931640625e+01
6.675489044189453125e+01
2.444000244140625000e+01
2.093694686889648438e+01
2.311733627319335938e+01
3.465920639038085938e+01
2.085231018066406250e+01
8.032007217407226562e+00
3.732429122924804688e+01
3.578963851928710938e+01
2.133534240722656250e+01
2.153808975219726562e+01
3.277502441406250000e+01
5.182451629638671875e+01
3.052921867370605469e+01
1.181075477600097656e+01
6.883218383789062500e+01
8.090921401977539062e+00
5.038213729858398438e+01
3.302200317382812500e+01
2.300065803527832031e+01
5.241831588745117188e+01
2.922302246093750000e+01
4.035038375854492188e+01
1.119313240051269531e+01
4.642340087890625000e+01
4.040731430053710938e+01
4.359610366821289062e+01
1.657873535156250000e+01
5.227672195434570312e+01
1.790118789672851562e+01
6.854266357421875000e+01
5.730840682983398438e+01
3.765299224853515625e+01
5.268852233886718750e+01
3.774504852294921875e+01
4.364033508300781250e+01
4.057217025756835938e+01
4.159138870239257812e+01
3.788431549072265625e+01
4.462603378295898438e+01
3.760700225830078125e+01
1.497493362426757812e+01
4.166186904907226562e+01
3.542643737792968750e+01
3.511951065063476562e+01
1.319072914123535156e+01
1.452134513854980469e+01
6.175001144409179688e+00
4.101029586791992188e+01
1.150728988647460938e+01
6.675489044189453125e+01
5.005617904663085938e+01
3.715216445922851562e+01
5.929183197021484375e+01
6.200714111328125000e+01
2.314020919799804688e+01
1.607683563232421875e+01
1.421154022216796875e+01
7.806001281738281250e+01
6.623815917968750000e+01
3.135174751281738281e+01
3.738899993896484375e+01
2.964656639099121094e+01
6.588314056396484375e+00
4.078811645507812500e+01
3.261372756958007812e+01
4.191533660888671875e+01
2.949808311462402344e+01
1.162799263000488281e+01
9.613843917846679688e+00
3.634660339355468750e+01
3.431451797485351562e+01
4.200040817260742188e+01
2.562570762634277344e+01
3.717673110961914062e+01
2.118365859985351562e+01
4.096917343139648438e+01
1.628268432617187500e+01
2.697534561157226562e+01
3.368470764160156250e+01
6.552779388427734375e+01
7.518688201904296875e+01
1.552743530273437500e+01
4.883943176269531250e+01
2.169502067565917969e+01
3.720621490478515625e+01
1.219377899169921875e+01
2.507807540893554688e+01
6.423086547851562500e+01
3.846424865722656250e+01
3.832655715942382812e+01
3.572704696655273438e+01
5.038431167602539062e+01
4.955741119384765625e+01
4.591326904296875000e+01
3.245832443237304688e+01
3.534362792968750000e+01
9.642601013183593750e-01
2.978658676147460938e+01
4.759669876098632812e+01
2.094910812377929688e+01
1.560740089416503906e+01
4.089270782470703125e+01
3.733935165405273438e+01
3.765299224853515625e+01
3.720137786865234375e+01
8.682834625244140625e+00
3.525017166137695312e+01
4.413123703002929688e+01
3.573329544067382812e+01
3.198123359680175781e+01
2.502525138854980469e+01
7.162852478027343750e+01
1.622207069396972656e+01
4.800644683837890625e+01
2.879616165161132812e+01
2.184148025512695312e+01
4.954796600341796875e+01
3.945333480834960938e+01
3.224909210205078125e+01
1.580906295776367188e+01
3.949291992187500000e+01
2.424372291564941406e+01
4.013375091552734375e+01
2.653549766540527344e+01
6.217776489257812500e+01
6.424804687500000000e+01
4.317778778076171875e+01
3.040283775329589844e+01
2.840268707275390625e+01
1.155887413024902344e+01
5.210369110107421875e+01
6.762925720214843750e+01
3.685970306396484375e+01
4.019679641723632812e+01
2.399674987792968750e+01
4.959154129028320312e+01
2.408952331542968750e+01
2.052441978454589844e+01
6.754169464111328125e+01
7.125704193115234375e+01
6.819290161132812500e+01
1.620829200744628906e+01
2.825457763671875000e+01
7.797814941406250000e+01
7.697357177734375000e+01
3.014485931396484375e+01
4.400798797607421875e+01
5.443868255615234375e+01
6.654418945312500000e+01
6.433895111083984375e+00
5.951508331298828125e+01
1.689184188842773438e+01
4.505993270874023438e+01
4.244406127929687500e+01
2.971096992492675781e+01
4.338882446289062500e+01
2.734631156921386719e+01
3.315713119506835938e+01
1.660864067077636719e+01
1.803300094604492188e+01
2.790010452270507812e+01
3.724205017089843750e+01
2.257810211181640625e+01
5.410075378417968750e+01
2.293587303161621094e+01
3.197313308715820312e+01
2.113280868530273438e+01
2.292306900024414062e+01
4.378443145751953125e+01
6.635045623779296875e+01
5.233598327636718750e+01
1.857308387756347656e+01
2.245539093017578125e+01
1.396848869323730469e+01
1.844147872924804688e+01
6.883218383789062500e+01
5.141274642944335938e+01
4.314335250854492188e+01
3.565341186523437500e+01
2.709033393859863281e+01
2.919024276733398438e+01
5.157886886596679688e+01
3.093343734741210938e+01
4.848211669921875000e+01
5.073102951049804688e+01
3.867115402221679688e+01
8.527711868286132812e+00
3.469820404052734375e+01
1.318255424499511719e+01
4.684812545776367188e+01
1.880239868164062500e+01
6.739875793457031250e+01
3.350337219238281250e+01
3.053831291198730469e+01
2.368600463867187500e+01
7.230812072753906250e+01
4.462667846679687500e+01
1.950063705444335938e+01
5.271118164062500000e+01
1.036177825927734375e+01
3.644255828857421875e+01
4.104642868041992188e+01
7.195233154296875000e+01
3.722315597534179688e+01
3.972225952148437500e+01
2.682121658325195312e+01
2.776262283325195312e+01
2.989714813232421875e+01
6.784555435180664062e+00
