2.878717994689941406e+01
2.172845458984375000e+01
3.169633293151855469e+01
5.203748321533203125e+01
1.996257781982421875e+01
6.892822265625000000e+01
5.663357925415039062e+01
3.670658111572265625e+01
2.087221145629882812e+01
8.640279769897460938e+00
1.698937225341796875e+01
4.921772384643554688e+01
3.918149566650390625e+01
1.941271209716796875e+01
6.878225708007812500e+01
2.125673103332519531e+01
2.729853057861328125e+01
4.098378372192382812e+01
2.440568923950195312e+01
1.291239547729492188e+01
3.354530715942382812e+01
3.678243255615234375e+01
3.979397201538085938e+01
2.572711753845214844e+01
6.539299011230468750e+01
3.587781524658203125e+01
4.406514739990234375e+01
2.447103309631347656e+01
1.289677619934082031e+01
4.941525650024414062e+01
3.018305587768554688e+01
2.255430603027343750e+01
2.960175514221191406e+01
2.325820159912109375e+01
2.300512123107910156e+01
2.146608352661132812e+01
1.658831596374511719e+01
3.894433593750000000e+01
3.566819763183593750e+01
5.326840972900390625e+01
4.075636672973632812e+01
4.023174285888671875e+01
1.345692634582519531e+01
4.527580642700195312e+01
2.962780761718750000e+01
2.976958274841308594e+01
7.037208557128906250e+01
3.872356414794921875e+01
5.502364349365234375e+01
4.527113723754882812e+01
3.253995513916015625e+01
3.832591629028320312e+01
1.903071975708007812e+01
2.851606178283691406e+01
1.208495712280273438e+01
2.031911087036132812e+01
4.998939895629882812e+01
4.002467346191406250e+01
4.422616577148437500e+01
3.895074081420898438e+01
3.608528518676757812e+01
2.658565902709960938e+01
7.657781600952148438e+00
1.801003265380859375e+01
3.673498535156250000e+01
4.140589141845703125e+01
2.633398437500000000e+01
3.975882339477539062e+01
4.599078369140625000e+01
3.746660995483398438e+01
4.158294677734375000e+01
2.851679611206054688e+01
3.148518753051757812e+01
2.860518646240234375e+01
3.327293395996093750e-01
6.217011642456054688e+01
6.493646240234375000e+01
4.204330444335937500e+01
3.060101318359375000e+01
7.552255630493164062e+00
3.832591629028320312e+01
9.755010604858398438e+00
6.978108215332031250e+01
2.248736763000488281e+01
4.652872467041015625e+01
1.772880554199218750e+01
6.785843658447265625e+01
4.825210571289062500e+01
2.393224334716796875e+01
2.769551467895507812e+01
3.420219802856445312e+01
7.633972167968750000e+01
3.856318664550781250e+01
9.517625808715820312e+00
2.786146163940429688e+01
1.651057434082031250e+01
5.547441101074218750e+01
4.647980499267578125e+01
1.508058547973632812e+01
4.184853363037109375e+01
3.322513961791992188e+01
5.244089126586914062e+00
6.543412780761718750e+01
6.575837707519531250e+01
1.880005073547363281e+01
3.020858001708984375e+01
1.873642730712890625e+01
2.808471679687500000e+01
3.376132583618164062e+01
4.327547836303710938e+01
2.550897598266601562e+01
4.308816909790039062e+01
5.338024139404296875e+01
5.744152069091796875e+00
3.648165893554687500e+01
3.282077026367187500e+01
4.002436065673828125e+01
4.110835647583007812e+01
3.587543487548828125e+01
2.821239852905273438e+01
4.079781723022460938e+01
3.126834678649902344e+01
1.515799331665039062e+01
8.976118087768554688e+00
3.210434341430664062e+01
3.623983383178710938e+01
2.612158203125000000e+01
4.189402389526367188e+01
4.047714233398437500e+01
7.979012298583984375e+01
1.703580665588378906e+01
3.116468238830566406e+01
3.684167861938476562e+01
5.157763671875000000e+01
5.723541259765625000e+01
1.747914505004882812e+01
3.516928482055664062e+01
3.493058395385742188e+01
1.539905166625976562e+01
1.687047004699707031e+01
3.525260543823242188e+01
6.695036315917968750e+01
4.687288284301757812e+01
2.918205261230468750e+01
6.159890747070312500e+01
2.971354103088378906e+01
2.947246932983398438e+01
2.833969688415527344e+01
5.530329132080078125e+01
4.341983795166015625e+01
7.231977844238281250e+01
3.122906112670898438e+01
5.078807830810546875e+01
5.440033721923828125e+01
5.191686630249023438e+01
5.409725189208984375e+01
5.559150695800781250e+01
3.420377731323242188e+01
3.809679412841796875e+01
1.215751647949218750e+01
8.900205612182617188e+00
1.727776336669921875e+01
9.139266967773437500e+00
3.229422378540039062e+01
4.435871124267578125e+01
3.602988815307617188e+01
6.748955535888671875e+01
5.548708343505859375e+01
1.336944007873535156e+01
6.015481567382812500e+01
3.344782638549804688e+01
2.310031318664550781e+01
3.297374725341796875e+01
4.934329605102539062e+01
1.062848472595214844e+01
2.955296325683593750e+01
6.586865234375000000e+01
5.088663101196289062e+01
3.824587631225585938e+01
1.611705970764160156e+01
7.037208557128906250e+01
4.922733688354492188e+01
3.361843490600585938e+01
2.751390266418457031e+01
5.317315292358398438e+01
3.387025070190429688e+01
1.577672767639160156e+01
3.880830001831054688e+01
3.946272659301757812e+01
1.977450180053710938e+01
2.818436622619628906e+01
5.158766174316406250e+01
3.331195831298828125e+01
2.704321098327636719e+01
9.615215301513671875e+00
2.514247131347656250e+01
5.221007919311523438e+01
2.400204467773437500e+01
3.522896575927734375e+01
1.335910606384277344e+01
3.015544700622558594e+01
1.332499504089355469e+01
4.441451263427734375e+01
3.581101226806640625e+01
4.226678848266601562e+01
3.203812408447265625e+01
4.579503631591796875e+01
1.942436599731445312e+01
4.442632293701171875e+01
5.402227783203125000e+01
4.081121826171875000e+01
3.159268951416015625e+01
3.740898132324218750e+01
3.070171165466308594e+01
1.465851211547851562e+01
3.787156295776367188e+01
7.822230529785156250e+01
3.787156295776367188e+01
2.631253051757812500e+01
5.161494445800781250e+01
3.717244720458984375e+01
3.934133148193359375e+01
2.388946151733398438e+01
1.283301734924316406e+01
1.886630821228027344e+01
4.009978485107421875e+01
1.696293258666992188e+01
7.565344238281250000e+01
2.368728065490722656e+01
1.912290191650390625e+01
7.369172668457031250e+01
2.933511352539062500e+01
1.825527954101562500e+01
4.077264404296875000e+01
2.610378646850585938e+01
4.095175933837890625e+01
3.065948677062988281e+01
3.975596237182617188e+01
3.432451248168945312e+01
6.232949829101562500e+01
5.532097625732421875e+01
6.894615173339843750e+01
4.311776351928710938e+01
3.917650604248046875e+01
2.946570587158203125e+01
4.598160934448242188e+01
8.363185882568359375e+00
7.295320892333984375e+01
5.497722625732421875e+01
1.241897201538085938e+01
5.551819229125976562e+01
2.719750976562500000e+01
4.442440795898437500e+01
2.583367538452148438e+01
4.275503540039062500e+01
6.046146392822265625e+01
3.159268951416015625e+01
4.186865615844726562e+01
8.257196044921875000e+01
4.339153671264648438e+01
1.165815353393554688e+01
1.881040382385253906e+01
4.239871215820312500e+01
2.174688911437988281e+01
3.109367752075195312e+01
4.829978179931640625e+01
4.687288284301757812e+01
5.184091949462890625e+01
2.644893836975097656e+01
2.103786468505859375e+01
6.480565643310546875e+01
3.717612457275390625e+01
6.335495758056640625e+01
7.217529296875000000e+01
2.897692108154296875e+01
1.796220779418945312e+01
1.284351921081542969e+01
3.968775939941406250e+01
2.676246643066406250e+01
3.458469390869140625e+01
1.374477958679199219e+01
2.573906707763671875e+01
2.965205574035644531e+01
3.606251525878906250e+01
1.643430137634277344e+01
4.145948791503906250e+01
1.034488296508789062e+01
2.134742546081542969e+01
1.502979660034179688e+01
2.041471862792968750e+01
3.981900024414062500e+01
5.750817108154296875e+01
6.732130432128906250e+01
1.010777664184570312e+01
2.543385887145996094e+01
8.025093841552734375e+01
4.779012680053710938e+01
4.636392211914062500e+01
2.942080116271972656e+01
6.864765167236328125e+00
2.770278930664062500e+01
2.539784240722656250e+01
2.807006072998046875e+01
4.876948928833007812e+01
1.166219902038574219e+01
7.164739990234375000e+01
3.578442764282226562e+01
1.428447151184082031e+01
5.059513854980468750e+01
3.608806228637695312e+01
2.398030853271484375e+01
1.996089935302734375e+01
2.118253517150878906e+01
4.935820770263671875e+01
2.628759384155273438e+01
1.940025711059570312e+01
4.708731842041015625e+01
3.813862991333007812e+01
1.834351539611816406e+01
2.732410049438476562e+01
3.229816436767578125e+00
7.103812408447265625e+01
4.795511627197265625e+01
5.524610900878906250e+01
4.200600814819335938e+01
5.268161773681640625e+01
4.963448333740234375e+01
2.977867126464843750e+00
2.120808219909667969e+01
2.862238883972167969e+01
8.016729354858398438e+00
3.584641265869140625e+01
6.575837707519531250e+01
3.343269348144531250e+01
2.838413810729980469e+01
4.394521331787109375e+01
2.064017105102539062e+01
1.806405448913574219e+01
2.581466674804687500e+01
3.917424774169921875e+01
2.131515884399414062e+01
3.288037109375000000e+01
3.580363464355468750e+01
1.292610740661621094e+01
4.365237426757812500e+01
4.292119979858398438e+01
5.507911682128906250e+00
3.918149566650390625e+01
3.608922958374023438e+01
4.805851745605468750e+01
9.412912368774414062e+00
3.540497589111328125e+01
3.912017059326171875e+01
2.951868057250976562e+01
4.068170547485351562e+01
4.204020690917968750e+01
5.551420593261718750e+01
1.456598854064941406e+01
4.379095458984375000e+01
1.306462287902832031e+01
2.653940010070800781e+01
5.041185760498046875e+01
6.438131713867187500e+01
2.737241744995117188e+01
3.285940933227539062e+01
1.231612968444824219e+01
4.388693237304687500e+01
1.880769920349121094e+01
3.516904067993164062e+01
1.498811340332031250e+01
2.805266189575195312e+01
2.553514480590820312e+01
3.140007972717285156e+01
2.435355377197265625e+01
2.726599502563476562e+01
3.868399047851562500e+01
5.192555618286132812e+01
4.380729293823242188e+01
2.083638381958007812e+01
5.583749389648437500e+01
3.331158065795898438e+01
5.611087036132812500e+01
2.690856933593750000e+01
2.717616271972656250e+01
2.577349853515625000e+01
5.750817108154296875e+01
1.506840324401855469e+01
5.714861679077148438e+01
6.081380844116210938e+01
2.529570007324218750e+01
5.347425079345703125e+01
5.809318161010742188e+01
1.260739898681640625e+01
3.117560577392578125e+01
3.415345764160156250e+01
3.446529769897460938e+01
3.652205276489257812e+01
2.113946723937988281e+01
1.436298561096191406e+01
4.156453323364257812e+01
5.721510696411132812e+01
5.071157073974609375e+01
1.346647071838378906e+01
5.533986663818359375e+01
5.641028213500976562e+01
1.567524528503417969e+01
4.401569747924804688e+01
8.361452102661132812e+00
3.649820709228515625e+01
1.129468727111816406e+01
1.439170837402343750e+01
4.243841552734375000e+01
1.426093292236328125e+01
4.167817687988281250e+01
3.621760177612304688e+01
7.037208557128906250e+01
3.064932632446289062e+01
1.369577980041503906e+01
3.277964019775390625e+01
3.701121139526367188e+01
5.780254364013671875e+01
4.351245880126953125e+01
3.457696151733398438e+01
1.616963195800781250e+01
3.878948974609375000e+01
4.314788436889648438e+01
3.923958587646484375e+01
3.989821624755859375e+01
6.739453125000000000e+01
1.575447273254394531e+01
4.011867904663085938e+01
3.581933212280273438e+01
5.638094329833984375e+01
2.062021255493164062e+01
1.179326248168945312e+01
6.496977233886718750e+01
4.314148330688476562e+01
3.630760192871093750e+01
7.822230529785156250e+01
2.995510673522949219e+01
4.361754989624023438e+01
2.688226318359375000e+01
7.537648010253906250e+01
6.490447998046875000e+01
9.033088684082031250e+00
3.033764648437500000e+01
3.306333923339843750e+01
9.569091796875000000e+00
3.276070785522460938e+01
4.679081726074218750e+01
1.460319900512695312e+01
3.644916534423828125e+01
4.255346679687500000e+01
3.746221542358398438e+01
2.656224441528320312e+01
3.962693023681640625e+01
4.829978179931640625e+01
3.239843368530273438e+01
5.216726684570312500e+01
4.389239120483398438e+01
4.091304779052734375e+01
1.240575599670410156e+01
2.864955520629882812e+01
2.014440917968750000e+01
4.509360885620117188e+01
2.514553070068359375e+01
6.584716033935546875e+01
3.242671203613281250e+01
6.769712829589843750e+01
3.843217086791992188e+01
2.769797515869140625e+01
4.191028976440429688e+01
4.043119049072265625e+01
6.510375213623046875e+01
2.695595932006835938e+01
2.927749252319335938e+01
2.596008110046386719e+01
1.382632827758789062e+01
2.146608352661132812e+01
8.971239089965820312e+00
5.229750442504882812e+01
2.655924987792968750e+01
5.525200653076171875e+01
5.492875671386718750e+01
2.251414108276367188e+01
3.041005706787109375e+01
2.107360839843750000e+01
3.624973297119140625e+01
2.417018890380859375e+01
6.082711410522460938e+01
3.166500473022460938e+01
4.266295623779296875e+01
2.170689773559570312e+01
6.051690673828125000e+01
3.386614227294921875e+01
4.479994201660156250e+01
4.306473922729492188e+01
3.202999114990234375e+01
5.616625213623046875e+01
2.989657020568847656e+01
2.689513397216796875e+01
2.582307815551757812e+01
4.239987182617187500e+01
1.293026733398437500e+01
6.879483032226562500e+01
2.130830001831054688e+01
5.514655685424804688e+01
2.902535247802734375e+01
3.256168365478515625e+01
5.588665771484375000e+01
5.188138580322265625e+01
2.606356811523437500e+01
4.908711242675781250e+01
4.023594284057617188e+01
4.238500595092773438e+01
3.897751998901367188e+01
1.687237358093261719e+01
3.053630447387695312e+01
3.537027740478515625e+01
1.926899909973144531e+01
4.759444427490234375e+01
1.694617271423339844e+01
6.584165573120117188e+00
3.440270614624023438e+01
8.127992630004882812e+00
3.249286651611328125e+01
2.228468704223632812e+01
1.491963386535644531e+01
7.287323760986328125e+01
3.873249053955078125e+01
3.570018386840820312e+01
4.453125000000000000e+01
4.429001617431640625e+01
1.498443031311035156e+01
3.263656616210937500e+01
1.363286018371582031e+01
7.039764404296875000e+01
4.854955291748046875e+01
5.168801879882812500e+01
4.189418792724609375e+01
2.008395385742187500e+01
4.772933959960937500e+01
1.717719459533691406e+01
4.047714233398437500e+01
1.877247428894042969e+01
6.069410705566406250e+01
4.932403564453125000e+01
4.103087615966796875e+01
5.751374816894531250e+01
3.657806015014648438e+01
3.739974594116210938e+01
3.164414405822753906e+01
2.062554168701171875e+01
2.084928131103515625e+01
6.134334564208984375e+01
3.610002899169921875e+01
2.986866760253906250e+01
5.363588714599609375e+01
1.920457077026367188e+01
2.996058273315429688e+01
4.652470397949218750e+01
1.551676177978515625e+01
3.390847396850585938e+01
2.602723312377929688e+01
3.710255813598632812e+01
4.067336654663085938e+01
4.648905944824218750e+01
3.663927459716796875e+01
2.380831527709960938e+01
4.829978179931640625e+01
3.071162605285644531e+01
2.398469161987304688e+01
2.873730659484863281e+01
5.030252075195312500e+01
5.430121994018554688e+01
2.555781936645507812e+01
3.043535804748535156e+01
3.262389755249023438e+01
4.099180984497070312e+01
7.822230529785156250e+01
1.333931922912597656e+01
2.892816162109375000e+01
3.022674179077148438e+01
3.216647338867187500e+01
2.121894454956054688e+01
5.413960266113281250e+01
3.162152481079101562e+01
4.289008331298828125e+01
2.187423706054687500e+01
6.051690673828125000e+01
2.601423645019531250e+01
7.633972167968750000e+01
6.304984283447265625e+01
5.375100326538085938e+01
4.014175796508789062e+01
7.300198364257812500e+01
6.543412780761718750e+01
5.071493530273437500e+01
3.160000038146972656e+01
2.136442947387695312e+01
1.570181465148925781e+01
4.095371246337890625e+01
4.829978179931640625e+01
4.689123153686523438e+01
7.425090026855468750e+01
2.161610031127929688e+01
2.883908271789550781e+01
6.922853088378906250e+01
2.300158691406250000e+01
3.677086639404296875e+01
4.807191467285156250e+01
4.652188110351562500e+01
7.407065582275390625e+01
3.820065307617187500e+01
1.221461677551269531e+01
1.544824790954589844e+01
5.159493255615234375e+01
4.450621795654296875e+01
2.093337440490722656e+01
2.773506164550781250e+00
2.285788345336914062e+01
4.770523071289062500e+01
5.413960266113281250e+01
2.118594169616699219e+01
2.042044067382812500e+01
4.917617034912109375e+01
4.140826034545898438e+01
1.585040855407714844e+01
4.007312393188476562e+01
4.600922775268554688e+01
3.208777618408203125e+01
2.464324760437011719e+01
5.087819290161132812e+01
3.233773040771484375e+01
3.518984985351562500e+01
3.734176635742187500e+01
5.159020614624023438e+01
3.705109405517578125e+01
1.596852302551269531e+01
6.398820495605468750e+01
3.875766372680664062e+01
5.062549972534179688e+01
3.919121170043945312e+01
3.836243438720703125e+01
3.578237533569335938e+01
4.192467498779296875e+01
1.847414970397949219e+01
1.611938095092773438e+01
5.729004669189453125e+01
6.368219375610351562e+00
3.795632171630859375e+01
8.060177612304687500e+01
1.828179740905761719e+01
3.420840454101562500e+01
5.266759872436523438e+00
3.843607711791992188e+01
3.278461456298828125e+01
1.629508018493652344e+01
2.628126907348632812e+01
2.973551940917968750e+01
3.800382232666015625e+01
2.767841339111328125e+01
2.727899551391601562e+01
2.000642204284667969e+01
1.264841270446777344e+01
3.801876068115234375e+01
3.711164855957031250e+01
3.732684326171875000e+01
5.283987426757812500e+01
3.567417526245117188e+01
4.180732727050781250e+01
5.894472503662109375e+01
7.440927124023437500e+01
3.683951187133789062e+01
1.211614799499511719e+01
3.003384971618652344e+01
3.175458526611328125e+01
3.796139144897460938e+01
7.619606781005859375e+01
3.563980484008789062e+01
6.761267089843750000e+01
3.823009490966796875e+01
2.878041839599609375e+01
2.230248451232910156e+01
5.549139404296875000e+01
5.376830291748046875e+01
1.414147758483886719e+01
4.160946655273437500e+01
2.803207588195800781e+01
2.655310058593750000e+01
1.160477828979492188e+01
3.758468627929687500e+01
2.521447753906250000e+01
6.539311218261718750e+01
2.821038627624511719e+01
1.371541595458984375e+01
4.918973159790039062e+01
1.337970161437988281e+01
1.005435752868652344e+01
4.016864776611328125e+01
1.952758598327636719e+01
2.742068481445312500e+01
2.640415191650390625e+01
2.146279144287109375e+01
7.594738769531250000e+01
2.250092506408691406e+01
2.470186996459960938e+01
2.275682449340820312e+01
4.636711120605468750e+01
6.098509216308593750e+01
3.015948486328125000e+01
3.152279472351074219e+01
1.758819580078125000e+01
5.325780487060546875e+01
1.448137474060058594e+01
4.541802597045898438e+01
2.864994049072265625e+01
5.525659942626953125e+01
3.340609359741210938e+01
4.152383422851562500e+01
4.800599288940429688e+01
4.813811111450195312e+01
5.212944030761718750e+01
3.791313934326171875e+01
3.083455848693847656e+01
7.060848999023437500e+01
4.751680755615234375e+01
4.233786773681640625e+01
2.967198181152343750e+01
2.238376617431640625e+01
1.981121826171875000e+01
2.567360305786132812e+01
3.677273559570312500e+01
3.961199951171875000e+01
3.353973770141601562e+01
1.797852516174316406e+01
6.728199005126953125e+00
3.020227432250976562e+01
1.297039031982421875e+01
6.531312561035156250e+01
3.407285690307617188e+01
4.327505874633789062e+01
4.617942810058593750e+01
5.606867980957031250e+01
6.417725372314453125e+01
4.022815322875976562e+01
1.559633445739746094e+01
1.886087417602539062e+01
5.051162338256835938e+01
6.068320083618164062e+01
1.451716804504394531e+01
5.413960266113281250e+01
3.258053588867187500e+01
3.618799972534179688e+01
3.786204147338867188e+01
1.453754615783691406e+01
3.954578781127929688e+01
1.369134521484375000e+01
5.956607055664062500e+01
4.047714233398437500e+01
2.681583595275878906e+01
5.103659439086914062e+01
1.913775634765625000e+01
4.779988861083984375e+01
2.714833450317382812e+01
4.013567733764648438e+01
7.579595565795898438e+00
6.669606018066406250e+01
1.275687599182128906e+01
9.930858612060546875e+00
2.830999755859375000e+01
2.200043106079101562e+01
1.956777381896972656e+01
5.114614486694335938e+01
5.501309204101562500e+01
1.226807403564453125e+01
1.862666130065917969e+01
5.294040679931640625e+01
2.135613632202148438e+01
4.002253341674804688e+01
3.852863311767578125e+01
4.481307601928710938e+01
4.419253158569335938e+01
7.769940185546875000e+01
4.874514007568359375e+01
3.946080780029296875e+01
5.076691055297851562e+01
4.128442764282226562e+01
6.760616302490234375e+01
3.024598503112792969e+01
7.598110961914062500e+01
2.731941986083984375e+01
4.687288284301757812e+01
1.669868850708007812e+01
1.227953529357910156e+01
5.165143203735351562e+01
2.567177009582519531e+01
3.774811935424804688e+01
3.787033843994140625e+01
3.341129302978515625e+01
2.764768600463867188e+01
3.074774360656738281e+01
5.916153335571289062e+01
3.559680938720703125e+01
6.823568725585937500e+01
3.554938888549804688e+01
3.902703475952148438e+01
3.589830017089843750e+01
4.194202804565429688e+01
7.802770614624023438e+00
4.707122039794921875e+01
4.954044342041015625e+01
3.052526664733886719e+01
3.575746154785156250e+01
2.271644210815429688e+01
3.948152923583984375e+01
4.283509445190429688e+01
3.838475799560546875e+01
4.689584350585937500e+01
3.631280136108398438e+01
1.689252090454101562e+01
5.915043258666992188e+01
4.228595352172851562e+01
9.659439086914062500e+00
2.473906326293945312e+01
6.543412780761718750e+01
3.068332290649414062e+01
4.460797119140625000e+01
3.624745178222656250e+01
1.465893173217773438e+01
6.291431427001953125e+01
3.832591629028320312e+01
3.506739425659179688e+01
1.432742691040039062e+01
3.338667297363281250e+01
3.307994079589843750e+01
5.647044754028320312e+01
4.093904876708984375e+01
2.251398849487304688e+01
2.283312606811523438e+01
2.427188301086425781e+01
3.993150329589843750e+01
5.828549957275390625e+01
2.556025886535644531e+01
4.493404769897460938e+01
2.580245399475097656e+01
3.154516029357910156e+01
6.824667358398437500e+01
3.079021835327148438e+01
6.772471618652343750e+01
4.291377639770507812e+01
2.649763298034667969e+01
5.483768081665039062e+01
6.953463745117187500e+01
6.557470703125000000e+01
3.934188461303710938e+01
2.401988983154296875e+01
2.898835372924804688e+01
4.983689117431640625e+01
3.355506134033203125e+01
3.988874816894531250e+01
3.812036895751953125e+01
4.264575958251953125e+01
4.186230087280273438e+01
1.949007987976074219e+01
7.922653198242187500e+00
4.040465927124023438e+01
1.634397125244140625e+01
5.809318161010742188e+01
4.307255935668945312e+01
3.086044883728027344e+01
2.918205261230468750e+01
4.147414016723632812e+01
5.725560760498046875e+01
3.910663223266601562e+01
6.051690673828125000e+01
3.725617980957031250e+01
4.998850250244140625e+01
1.715557670593261719e+01
5.592436981201171875e+01
4.117601013183593750e+01
3.468764877319335938e+01
6.794033050537109375e+00
1.567211914062500000e+01
4.024966812133789062e+01
7.398118591308593750e+01
6.589500427246093750e+01
4.500997924804687500e+01
1.787006378173828125e+01
5.233753204345703125e+01
4.355144119262695312e+01
5.391986465454101562e+01
3.371476745605468750e+01
5.450608062744140625e+01
3.700550842285156250e+01
4.338071060180664062e+01
5.188883972167968750e+01
1.836489295959472656e+01
4.167245864868164062e+01
3.933017730712890625e+01
2.301262283325195312e+01
1.822880744934082031e+01
3.168194770812988281e+01
7.633972167968750000e+01
4.860144424438476562e+01
1.095813369750976562e+01
3.745347213745117188e+01
5.392847442626953125e+01
2.783902740478515625e+01
3.732283020019531250e+01
3.825512695312500000e+01
3.491149139404296875e+01
2.309491729736328125e+01
1.405895233154296875e+01
2.248896598815917969e+01
5.005195617675781250e+01
8.272405624389648438e+00
3.918149566650390625e+01
2.375887680053710938e+01
2.004555130004882812e+01
3.284963989257812500e+01
4.728630828857421875e+01
4.963125228881835938e+01
3.912456512451171875e+01
4.203985595703125000e+01
4.937316131591796875e+01
3.569152069091796875e+01
