2.497039604187011719e+01
3.225494384765625000e+01
1.960428428649902344e+01
3.032315063476562500e+01
3.778204345703125000e+01
4.791176223754882812e+01
6.027192687988281250e+01
9.149925231933593750e+00
7.008802795410156250e+01
2.930358505249023438e+01
5.180988693237304688e+01
5.216013717651367188e+01
2.773759460449218750e+01
1.451135253906250000e+01
3.400164794921875000e+01
1.710749053955078125e+01
1.347141838073730469e+01
1.773276710510253906e+01
1.575913429260253906e+01
4.335587310791015625e+01
4.540171813964843750e+01
3.149319648742675781e+01
6.588517761230468750e+01
2.223707962036132812e+01
2.594274139404296875e+01
4.258390426635742188e+01
3.632679367065429688e+01
3.545932769775390625e+01
2.150089454650878906e+01
3.434053802490234375e+01
4.829965972900390625e+01
3.101725769042968750e+01
3.643470764160156250e+01
2.867723655700683594e+01
1.434334564208984375e+01
4.877133178710937500e+01
5.045400238037109375e+01
5.627008438110351562e+01
2.720011520385742188e+01
4.056589508056640625e+01
3.228010177612304688e+01
3.239247131347656250e+01
1.927715873718261719e+01
2.966638946533203125e+01
5.904055023193359375e+01
2.793867683410644531e+01
4.779160690307617188e+01
6.990776062011718750e+01
3.614458084106445312e+01
3.699670410156250000e+01
5.508187866210937500e+01
1.476828765869140625e+01
3.596261978149414062e+01
3.943799209594726562e+01
1.886442184448242188e+01
5.691387939453125000e+01
3.047306442260742188e+01
4.741773223876953125e+01
3.112827682495117188e+01
3.647265625000000000e+01
1.212232971191406250e+01
7.317095947265625000e+01
2.954920387268066406e+01
4.262940979003906250e+01
2.351675415039062500e+01
1.878667640686035156e+01
3.702164840698242188e+01
2.653093147277832031e+01
3.909105682373046875e+01
5.828907775878906250e+01
5.392348480224609375e+01
5.268385314941406250e+01
5.050021362304687500e+01
1.993698883056640625e+01
2.731723403930664062e+01
3.699785614013671875e+01
4.210890197753906250e+01
3.523310089111328125e+01
6.505337524414062500e+01
3.581598663330078125e+01
3.931367111206054688e+01
3.226337814331054688e+01
3.718626022338867188e+01
1.343090820312500000e+01
1.652629089355468750e+01
1.044103240966796875e+01
2.227146530151367188e+01
6.047664642333984375e+01
5.576515197753906250e+01
4.568412780761718750e+01
1.433106994628906250e+01
4.384939575195312500e+01
1.481876373291015625e+01
2.954026222229003906e+01
2.360342407226562500e+01
3.958266067504882812e+01
3.486054229736328125e+01
1.775273895263671875e+01
4.227930450439453125e+01
3.223494720458984375e+01
3.054453277587890625e+01
5.616099166870117188e+01
3.615511703491210938e+01
1.928494834899902344e+01
1.373642539978027344e+01
3.820891952514648438e+01
1.363334083557128906e+01
3.144057846069335938e+01
3.187111663818359375e+01
5.532907867431640625e+01
7.401683807373046875e+01
4.122956085205078125e+01
9.446855545043945312e+00
4.910488128662109375e+01
1.655041313171386719e+01
4.013899230957031250e+01
4.358143615722656250e+01
3.911576843261718750e+01
2.937192153930664062e+01
2.970749092102050781e+01
1.615557289123535156e+01
3.096884536743164062e+01
7.533457183837890625e+01
3.966813659667968750e+01
2.209929847717285156e+01
7.741503906250000000e+01
3.106720542907714844e+01
1.308905410766601562e+01
8.123703002929687500e+00
3.015895462036132812e+01
6.424185180664062500e+01
1.433517837524414062e+01
3.056080627441406250e+01
4.037123107910156250e+01
5.378313446044921875e+01
1.615354537963867188e+01
5.584399032592773438e+01
4.331707382202148438e+01
2.048050689697265625e+01
2.483534049987792969e+01
6.829197692871093750e+01
3.575618743896484375e+01
8.557409667968750000e+01
3.387643814086914062e+01
5.379070281982421875e+01
6.528573608398437500e+01
3.781247711181640625e+01
1.301392745971679688e+01
2.668451499938964844e+01
6.250158309936523438e+01
3.945821762084960938e+01
6.058951568603515625e+01
2.787500190734863281e+01
4.023565292358398438e+01
4.784475326538085938e+01
2.519458770751953125e+01
1.285807991027832031e+01
3.697139358520507812e+01
3.326722335815429688e+01
5.694464111328125000e+01
4.251893615722656250e+01
5.577255249023437500e+01
6.012002563476562500e+01
5.375394821166992188e+01
5.751684188842773438e+01
6.149945831298828125e+01
3.306468200683593750e+01
3.496763992309570312e+01
5.114881515502929688e+01
7.195561981201171875e+01
3.695280456542968750e+01
4.000446319580078125e+01
4.539887237548828125e+01
2.904621505737304688e+01
5.103899765014648438e+01
5.604474639892578125e+01
1.795700836181640625e+01
4.273300933837890625e+01
2.472243499755859375e+01
1.016128921508789062e+01
5.434118270874023438e+01
4.129076004028320312e+01
4.158941268920898438e+01
4.536818313598632812e+01
1.482305908203125000e+01
4.568978881835937500e+01
2.088455772399902344e+01
2.742149734497070312e+01
6.553942108154296875e+01
4.945656585693359375e+01
3.844784545898437500e+01
3.921589660644531250e+01
3.956205749511718750e+01
2.136752700805664062e+01
1.749065780639648438e+01
1.859619522094726562e+01
6.847865295410156250e+01
5.490396118164062500e+01
3.510269546508789062e+01
4.569228744506835938e+01
4.259353256225585938e+01
3.492512130737304688e+01
7.017140197753906250e+01
1.600009918212890625e+01
3.200300979614257812e+01
5.291236877441406250e+01
7.347927856445312500e+01
5.417292404174804688e+01
5.350304412841796875e+01
3.665977859497070312e+01
4.025955581665039062e+01
3.350095367431640625e+01
4.932852935791015625e+01
4.134497070312500000e+01
5.351070022583007812e+01
9.062833786010742188e+00
4.401170349121093750e+01
2.311527252197265625e+01
2.035766792297363281e+01
3.484204483032226562e+01
2.163043212890625000e+01
7.021363830566406250e+01
1.564021110534667969e+01
3.968007278442382812e+01
2.964231300354003906e+01
4.323739242553710938e+01
4.922408294677734375e+01
4.614969635009765625e+01
2.453901863098144531e+01
4.667667388916015625e+01
2.673248863220214844e+01
2.619930648803710938e+01
3.757998657226562500e+01
3.471079635620117188e+01
2.555097198486328125e+01
3.593286132812500000e+01
5.730939102172851562e+01
3.533460235595703125e+01
3.802899551391601562e+01
3.109573173522949219e+01
2.927814102172851562e+01
3.597574234008789062e+01
6.609046936035156250e+01
4.024745178222656250e+01
4.130464553833007812e+01
1.344500541687011719e+01
2.135945892333984375e+01
3.029516792297363281e+01
7.081990051269531250e+01
2.842771339416503906e+01
5.867110824584960938e+01
2.595906829833984375e+01
2.198802566528320312e+01
3.173239135742187500e+01
3.001548767089843750e+01
2.893505477905273438e+01
3.432317352294921875e+01
2.395663070678710938e+01
4.179567718505859375e+01
3.147174835205078125e+01
4.224237823486328125e+01
3.879192352294921875e+01
8.262351989746093750e+00
3.734252548217773438e+01
3.141433525085449219e+01
5.144945144653320312e+01
6.001421737670898438e+01
3.813404464721679688e+01
2.483065795898437500e+01
4.742804336547851562e+01
3.761366271972656250e+01
4.093507766723632812e+01
1.214525604248046875e+01
4.849009323120117188e+01
4.823122024536132812e+01
1.779591941833496094e+01
6.041866302490234375e+01
2.963435935974121094e+01
5.979898071289062500e+01
3.798779678344726562e+01
2.226746749877929688e+01
1.680293846130371094e+01
3.067346382141113281e+01
4.211693191528320312e+01
3.435111999511718750e+01
5.910987854003906250e+01
3.285429000854492188e+01
1.571230316162109375e+01
2.696353721618652344e+01
2.522174453735351562e+01
1.570808219909667969e+01
2.470576477050781250e+01
4.354695510864257812e+01
5.070470428466796875e+01
1.876939582824707031e+01
2.926737022399902344e+01
6.548605346679687500e+01
3.489509582519531250e+01
5.835431289672851562e+01
5.504040527343750000e+01
2.455887222290039062e+01
4.557024383544921875e+01
6.714737701416015625e+01
5.285655212402343750e+01
1.296285629272460938e+01
5.525931167602539062e+01
7.054263305664062500e+01
8.555313110351562500e+00
5.589370346069335938e+01
3.929480743408203125e+01
5.130368804931640625e+01
1.935194969177246094e+01
2.680558013916015625e+01
1.979562568664550781e+01
3.166667938232421875e+01
5.995260620117187500e+01
3.673023223876953125e+01
3.888600540161132812e+01
3.383510208129882812e+01
2.058998870849609375e+01
4.239736175537109375e+01
2.761355209350585938e+01
4.234695434570312500e+01
4.215970230102539062e+01
3.846893310546875000e+01
6.478366851806640625e+01
3.883805847167968750e+01
3.100691223144531250e+01
3.911576843261718750e+01
3.524534988403320312e+01
3.870700073242187500e+01
3.151949119567871094e+01
9.409187316894531250e+00
3.334913635253906250e+01
3.839924621582031250e+01
2.516130447387695312e+01
3.370709228515625000e+01
1.970790290832519531e+01
5.139009857177734375e+01
3.966235351562500000e+01
3.865435028076171875e+01
4.186542510986328125e+01
1.497545242309570312e+01
4.464078140258789062e+01
1.180389404296875000e+01
2.477341079711914062e+01
3.911576843261718750e+01
3.396958160400390625e+01
4.864645767211914062e+01
4.079862213134765625e+01
4.141445159912109375e+01
2.859778404235839844e+01
3.005228996276855469e+01
3.029612731933593750e+01
3.884331893920898438e+01
3.826219940185546875e+01
2.028458404541015625e+01
4.384769821166992188e+01
5.410036468505859375e+01
2.515807342529296875e+01
4.341916656494140625e+01
2.053345489501953125e+01
3.775512695312500000e+01
2.884973335266113281e+01
3.101725769042968750e+01
2.431986427307128906e+01
3.412848281860351562e+01
5.025961303710937500e+01
7.891270446777343750e+01
7.021363830566406250e+01
4.449561309814453125e+01
1.433814620971679688e+01
4.293209838867187500e+01
5.355399322509765625e+01
3.740089035034179688e+01
4.015267181396484375e+01
5.056954574584960938e+01
1.803542137145996094e+01
3.282295608520507812e+01
1.254616165161132812e+01
4.709757614135742188e+01
1.298309707641601562e+01
3.090674209594726562e+01
2.138729667663574219e+01
2.284999084472656250e+01
1.571014404296875000e+01
2.468539047241210938e+01
1.615324783325195312e+01
5.055659484863281250e+01
3.016226005554199219e+01
1.224760055541992188e+01
1.794213104248046875e+01
1.362084579467773438e+01
4.267294311523437500e+01
3.173727035522460938e+01
3.801824569702148438e+01
3.462721252441406250e+01
6.908956146240234375e+01
5.013156509399414062e+01
1.847525787353515625e+01
6.878919982910156250e+01
1.478262519836425781e+01
4.932730865478515625e+01
4.485615158081054688e+01
1.644284057617187500e+01
5.557318878173828125e+01
1.429482078552246094e+01
2.544000244140625000e+01
3.584331130981445312e+01
3.183374977111816406e+01
3.956760025024414062e+01
1.402999496459960938e+01
5.897700500488281250e+01
2.510693359375000000e+01
4.602223205566406250e+01
3.879079818725585938e+01
2.801185989379882812e+01
1.335346031188964844e+01
1.201851844787597656e+01
1.228379631042480469e+01
3.636375808715820312e+01
4.315402221679687500e+01
3.601816940307617188e+01
7.674909591674804688e+00
4.331579589843750000e+01
1.046735000610351562e+01
1.073210906982421875e+01
7.201432037353515625e+01
3.016226005554199219e+01
1.197463989257812500e+01
2.607261657714843750e+01
4.659583282470703125e+01
3.710343170166015625e+01
2.563332366943359375e+01
3.176804542541503906e+01
6.032564544677734375e+01
2.488833999633789062e+01
2.534030723571777344e+01
2.358214569091796875e+01
5.329180908203125000e+01
7.440029907226562500e+01
3.214255905151367188e+01
6.562100982666015625e+01
3.942242813110351562e+01
9.505434036254882812e+00
4.144948959350585938e+01
1.437994575500488281e+01
4.030828475952148438e+00
3.526742935180664062e+01
4.709757614135742188e+01
3.676525878906250000e+01
1.682630538940429688e+01
5.138615798950195312e+01
7.541384124755859375e+01
6.908956146240234375e+01
4.195294570922851562e+01
3.913423538208007812e+01
6.053424835205078125e+01
6.455219268798828125e+01
3.761310577392578125e+01
3.807922363281250000e+01
3.917004394531250000e+01
2.228848266601562500e+01
5.818699645996093750e+01
3.908715820312500000e+01
3.911576843261718750e+01
4.831819915771484375e+01
4.774338912963867188e+01
3.925362396240234375e+01
6.829197692871093750e+01
4.563335418701171875e+01
4.416178131103515625e+01
3.768544387817382812e+01
2.311602592468261719e+01
3.093098449707031250e+01
1.466536903381347656e+01
8.088127136230468750e+00
3.696213912963867188e+01
4.181199264526367188e+01
1.193286895751953125e+01
3.702336120605468750e+01
5.657962417602539062e+01
3.967792129516601562e+01
7.891270446777343750e+01
2.733256530761718750e+01
3.069212150573730469e+01
6.840983581542968750e+01
5.099833297729492188e+01
3.458887481689453125e+01
2.069683837890625000e+01
4.279600906372070312e+01
4.709757614135742188e+01
2.047064971923828125e+01
5.329592132568359375e+01
3.832083892822265625e+01
5.165431213378906250e+01
4.220881652832031250e+01
3.855390930175781250e+01
3.763212966918945312e+01
3.312002182006835938e+01
3.581742477416992188e+01
7.973718261718750000e+01
1.979562568664550781e+01
3.916390228271484375e+01
5.752052307128906250e+00
6.293863296508789062e+00
1.689517211914062500e+01
1.633332633972167969e+01
3.765211486816406250e+01
1.600798988342285156e+01
4.539887237548828125e+01
3.040413284301757812e+01
2.830483627319335938e+01
2.046388626098632812e+01
5.351070022583007812e+01
2.196698188781738281e+01
2.852385520935058594e+01
6.187200164794921875e+01
1.964164352416992188e+01
3.911893081665039062e+01
4.405082702636718750e+01
5.502976226806640625e+01
4.382122421264648438e+01
1.749760246276855469e+01
1.336496162414550781e+01
2.600067329406738281e+01
2.790716171264648438e+01
3.283968734741210938e+01
5.351070022583007812e+01
3.378795623779296875e+01
7.706048583984375000e+01
3.710116195678710938e+01
5.198347473144531250e+01
4.293871688842773438e+01
5.078572082519531250e+01
2.854892539978027344e+01
2.862873649597167969e+01
3.748464965820312500e+01
2.069668960571289062e+01
4.361074829101562500e+01
1.301677894592285156e+01
1.185953521728515625e+01
7.350628662109375000e+01
2.685754013061523438e+01
3.732139968872070312e+01
5.344813537597656250e+01
2.838896751403808594e+01
4.192554473876953125e+01
2.772297096252441406e+01
2.666299057006835938e+01
2.166347885131835938e+01
3.486054229736328125e+01
4.429845809936523438e+01
2.550387763977050781e+01
5.090674591064453125e+01
7.541384124755859375e+01
2.953405380249023438e+01
4.864448547363281250e+01
3.931874465942382812e+01
1.182236671447753906e+01
4.105667114257812500e+01
1.854471778869628906e+01
8.238334655761718750e+00
9.810169219970703125e+00
3.748787689208984375e+01
3.297482681274414062e+01
3.022589492797851562e+01
6.632605743408203125e+01
1.319367599487304688e+01
3.925419235229492188e+01
5.346044921875000000e+01
3.825804138183593750e+01
3.137146759033203125e+01
1.154612731933593750e+01
1.792138099670410156e+01
1.166630554199218750e+01
7.541384124755859375e+01
3.758277511596679688e+01
3.637187957763671875e+01
1.868614768981933594e+01
4.279123687744140625e+01
5.818699645996093750e+01
2.491731643676757812e+01
1.437335968017578125e+01
3.598221206665039062e+01
3.671492004394531250e+01
4.505118560791015625e+01
5.296875762939453125e+01
6.510292816162109375e+01
3.690024566650390625e+01
5.579672241210937500e+01
1.891113662719726562e+01
7.541384124755859375e+01
4.082223510742187500e+01
2.225124740600585938e+01
4.268505477905273438e+01
3.932076644897460938e+01
6.438182067871093750e+01
4.162773895263671875e+01
1.244199562072753906e+01
3.245030975341796875e+01
4.707952117919921875e+01
2.940038108825683594e+01
7.021363830566406250e+01
2.915972518920898438e+01
4.892725372314453125e+01
4.481140899658203125e+01
3.324996185302734375e+01
7.225175476074218750e+01
4.004493331909179688e+01
2.809911727905273438e+01
4.513441085815429688e+01
2.763112640380859375e+01
1.023533630371093750e+01
1.665731620788574219e+01
5.858793258666992188e+01
5.948130035400390625e+01
2.973210144042968750e+01
4.190534591674804688e+01
5.557051849365234375e+01
5.793165588378906250e+01
2.443294906616210938e+01
2.210649871826171875e+01
1.109866905212402344e+01
2.121637725830078125e+01
2.981590843200683594e+01
3.405087280273437500e+01
2.256926345825195312e+01
6.227264785766601562e+01
2.279848098754882812e+01
4.188903045654296875e+01
1.929428672790527344e+01
3.319932937622070312e+01
4.867058944702148438e+01
2.106380462646484375e+01
2.403750801086425781e+01
3.216068267822265625e+01
3.181733512878417969e+01
1.725608062744140625e+01
3.394907379150390625e+01
2.215099334716796875e+01
3.735906219482421875e+01
6.881538391113281250e+01
3.365631484985351562e+01
4.457013702392578125e+01
5.230921936035156250e+01
2.423769569396972656e+01
2.158780479431152344e+01
4.145206451416015625e+00
5.702430725097656250e+01
3.955012893676757812e+01
2.806193161010742188e+01
3.962199020385742188e+01
5.385489654541015625e+01
3.262212371826171875e+01
4.463771438598632812e+01
2.088583183288574219e+01
4.566058731079101562e+01
3.791240692138671875e+01
8.150265502929687500e+01
2.841291618347167969e+01
1.539094543457031250e+01
2.069212532043457031e+01
5.910987854003906250e+01
6.007792663574218750e+01
1.188825607299804688e+01
2.366723442077636719e+01
3.262049484252929688e+01
2.529011917114257812e+01
2.200518417358398438e+01
4.978035736083984375e+01
4.242302703857421875e+01
7.071240234375000000e+01
5.538857269287109375e+01
5.643812179565429688e+00
2.050955009460449219e+01
2.477675247192382812e+01
7.423855590820312500e+01
5.319568634033203125e+01
1.489315032958984375e+01
9.294530868530273438e+00
5.352134704589843750e+01
7.343711090087890625e+01
4.152437591552734375e+01
1.855168342590332031e+01
1.789275550842285156e+01
3.963927841186523438e+01
3.373172760009765625e+01
6.450279235839843750e+00
2.728669357299804688e+01
1.202042770385742188e+01
3.228846740722656250e+01
7.084884643554687500e+01
6.679992675781250000e+01
3.325631332397460938e+01
1.490011405944824219e+01
3.697457122802734375e+01
1.486211395263671875e+01
7.705735778808593750e+01
2.849719238281250000e+01
4.385502243041992188e+01
4.411825180053710938e+01
3.053967285156250000e+01
6.084631347656250000e+01
3.151329040527343750e+01
3.184952163696289062e+01
1.414899635314941406e+01
1.901521301269531250e+01
5.685094833374023438e+01
7.280868530273437500e+00
4.868970870971679688e+01
3.574085998535156250e+01
3.878767776489257812e+01
5.079645538330078125e+01
3.864135360717773438e+01
4.187218093872070312e+01
3.042128372192382812e+01
3.488089370727539062e+01
2.175672340393066406e+01
2.585692977905273438e+01
1.605408668518066406e+01
7.240187835693359375e+01
4.178606414794921875e+01
3.539668655395507812e+01
1.330026054382324219e+01
2.019310379028320312e+01
3.777064132690429688e+01
3.792248535156250000e+01
4.130464553833007812e+01
3.532250213623046875e+01
7.047226715087890625e+01
2.392433547973632812e+01
1.431159973144531250e+01
5.592008209228515625e+01
7.345270156860351562e+00
1.576004791259765625e+01
6.013998031616210938e+00
4.760100555419921875e+01
2.928491973876953125e+01
3.247640609741210938e+01
4.603025817871093750e+01
7.081325531005859375e+01
1.642449951171875000e+01
2.351274681091308594e+01
6.829197692871093750e+01
4.302113723754882812e+01
4.147378921508789062e+01
4.258647155761718750e+01
4.130464553833007812e+01
2.940624809265136719e+01
2.109009552001953125e+01
3.518206405639648438e+01
5.024612426757812500e+01
3.648185348510742188e+01
9.227876663208007812e+00
5.090540313720703125e+01
5.315331268310546875e+01
6.771136474609375000e+01
3.647830581665039062e+01
3.639638137817382812e+01
6.438182067871093750e+01
2.253359985351562500e+01
1.521200180053710938e+01
1.304478073120117188e+01
2.246128654479980469e+01
3.591407394409179688e+01
4.794849777221679688e+01
5.820421600341796875e+01
3.854907989501953125e+01
4.671954727172851562e+01
4.457754898071289062e+01
3.253866577148437500e+01
1.621277618408203125e+01
5.378944396972656250e+01
5.598739242553710938e+01
3.923642349243164062e+01
5.060369491577148438e+00
9.935014724731445312e+00
4.238806533813476562e+01
3.267798995971679688e+01
4.765702819824218750e+01
1.814005851745605469e+01
3.585937118530273438e+01
6.990667724609375000e+01
4.406912612915039062e+01
5.748268127441406250e+01
6.799722290039062500e+01
4.387545013427734375e+01
4.120039367675781250e+01
1.454179191589355469e+01
5.470838165283203125e+01
3.649268722534179688e+01
4.142729568481445312e+01
2.381829833984375000e+01
3.101544952392578125e+01
4.182732009887695312e+01
2.537722778320312500e+01
1.547407150268554688e+01
3.937147521972656250e+01
7.968460083007812500e+01
5.357220077514648438e+01
4.397593688964843750e+01
5.491395568847656250e+01
3.606528854370117188e+01
2.468629074096679688e+01
3.877398681640625000e+01
3.743644714355468750e+01
4.424087524414062500e+01
2.514970397949218750e+01
1.953167343139648438e+01
2.198167228698730469e+01
3.190311241149902344e+01
2.912958908081054688e+01
5.444002151489257812e+00
6.632605743408203125e+01
3.866733551025390625e+01
3.552545928955078125e+01
7.555912017822265625e+01
1.978018379211425781e+01
3.475768661499023438e+01
3.250614929199218750e+01
7.891270446777343750e+01
4.758458709716796875e+01
4.734263229370117188e+01
3.016226005554199219e+01
3.835950851440429688e+01
5.111975097656250000e+01
1.754503440856933594e+01
3.601461029052734375e+01
2.693688201904296875e+01
1.099899482727050781e+01
7.535308074951171875e+01
1.956529617309570312e+01
2.474971008300781250e+01
3.382038879394531250e+01
7.495629882812500000e+01
4.188916015625000000e+01
2.473303985595703125e+01
1.874773788452148438e+01
3.748267364501953125e+01
3.153585052490234375e+01
1.933710479736328125e+01
6.704754638671875000e+01
2.233955764770507812e+01
4.205225753784179688e+01
7.180485534667968750e+01
2.646744155883789062e+01
3.376615905761718750e+01
3.179529380798339844e+01
3.662641906738281250e+01
1.866227149963378906e+01
2.910551643371582031e+01
1.259399223327636719e+01
5.177228927612304688e+01
2.909907913208007812e+01
4.100460433959960938e+01
4.248001480102539062e+01
2.134421157836914062e+01
5.298225784301757812e+01
6.459917449951171875e+01
5.066169738769531250e+01
4.038295745849609375e+01
3.635455322265625000e+01
2.457995414733886719e+01
4.102000427246093750e+01
3.149067306518554688e+01
1.342676734924316406e+01
4.578785324096679688e+01
3.791303634643554688e+01
2.337862777709960938e+01
4.847180175781250000e+01
7.164640808105468750e+01
5.612255859375000000e+01
9.990610122680664062e+00
4.691889953613281250e+01
3.433901596069335938e+01
1.934645652770996094e+01
1.318156051635742188e+01
4.539887237548828125e+01
3.255648803710937500e+01
6.960656738281250000e+01
1.737286186218261719e+01
6.852322387695312500e+01
5.065254211425781250e+01
1.421179580688476562e+01
1.653670692443847656e+01
5.845936584472656250e+01
4.362413024902343750e+01
2.995449066162109375e+01
4.136794281005859375e+01
2.334013366699218750e+01
4.682318115234375000e+01
4.838842010498046875e+01
3.849582672119140625e+01
4.079882049560546875e+01
2.822405052185058594e+01
3.940736007690429688e+01
3.902256011962890625e+01
4.539887237548828125e+01
2.610014533996582031e+01
3.687726974487304688e+01
4.811231994628906250e+01
5.910987854003906250e+01
1.672469902038574219e+01
2.286632919311523438e+01
5.451519393920898438e+01
4.717554473876953125e+01
4.299980926513671875e+01
3.785682296752929688e+01
2.492876815795898438e+01
3.258343887329101562e+01
4.757268142700195312e+01
3.285842132568359375e+01
3.031652832031250000e+01
3.940331649780273438e+01
3.613841247558593750e+01
3.671006011962890625e+01
3.755501556396484375e+01
3.187572669982910156e+01
5.850567245483398438e+01
3.829571151733398438e+01
4.754677581787109375e+01
3.649830245971679688e+01
3.216445159912109375e+01
3.002843856811523438e+01
1.175690269470214844e+01
6.438182067871093750e+01
