4.372123718261718750e+01
3.959585189819335938e+01
5.389565277099609375e+01
3.896627807617187500e+01
6.487448883056640625e+01
6.709549713134765625e+01
1.455740547180175781e+01
1.703166198730468750e+01
5.791121673583984375e+01
6.412818908691406250e+00
3.275756454467773438e+01
3.477140808105468750e+01
4.470118331909179688e+01
3.479741287231445312e+01
5.224590682983398438e+01
1.553094100952148438e+01
3.959835433959960938e+01
2.379416847229003906e+01
2.464760398864746094e+01
3.501744842529296875e+01
1.913282966613769531e+01
2.347306823730468750e+01
2.346378326416015625e+01
2.573152542114257812e+01
5.290028762817382812e+01
1.670768928527832031e+01
3.073223114013671875e+01
7.805136108398437500e+01
4.421617507934570312e+01
5.383021545410156250e+01
2.719251823425292969e+01
2.598915481567382812e+01
1.425513458251953125e+01
2.852375411987304688e+01
2.462614822387695312e+01
2.735924148559570312e+01
3.324909210205078125e+01
3.680641174316406250e+01
1.626030540466308594e+01
4.155143737792968750e+01
7.890071105957031250e+01
4.394181823730468750e+01
3.883240509033203125e+01
4.201860046386718750e+01
4.236056137084960938e+01
1.115606880187988281e+01
1.729067230224609375e+01
2.439697074890136719e+01
4.228693389892578125e+01
2.752021598815917969e+01
4.701087570190429688e+01
1.693942451477050781e+01
4.468033218383789062e+01
1.492286491394042969e+01
3.415715408325195312e+01
4.310681152343750000e+01
3.356508636474609375e+01
2.626410484313964844e+01
4.144720840454101562e+01
4.692845916748046875e+01
2.349984550476074219e+01
4.123848724365234375e+01
2.472846603393554688e+01
1.769787025451660156e+01
1.834431266784667969e+01
3.555572128295898438e+01
3.706523513793945312e+01
2.553992843627929688e+01
3.556114196777343750e+01
3.926659393310546875e+01
3.574549484252929688e+01
5.378977203369140625e+01
6.073987960815429688e+00
2.999068450927734375e+01
1.424291419982910156e+01
4.414268875122070312e+01
3.708458709716796875e+01
4.084244155883789062e+01
3.910543823242187500e+01
2.754263305664062500e+01
4.648795700073242188e+01
2.520244598388671875e+01
5.138878631591796875e+01
6.052895355224609375e+01
3.670076370239257812e+01
2.517284584045410156e+01
2.307323074340820312e+01
1.664221572875976562e+01
2.506028366088867188e+01
3.697275161743164062e+01
3.694006347656250000e+01
3.508909225463867188e+01
1.409448432922363281e+01
1.848901557922363281e+01
4.814633941650390625e+01
7.295218658447265625e+01
2.205397033691406250e+01
2.905989456176757812e+01
1.941712570190429688e+01
1.277007865905761719e+01
1.594191932678222656e+01
1.719288253784179688e+01
1.630756378173828125e+01
3.090529251098632812e+01
4.791395187377929688e+01
5.242958831787109375e+01
5.614843368530273438e+01
4.244137954711914062e+01
1.106023025512695312e+01
5.201028823852539062e+01
2.399879455566406250e+01
3.289853668212890625e+01
5.338641738891601562e+01
8.615982055664062500e+00
4.602185821533203125e+01
4.238661956787109375e+01
3.701568603515625000e+01
1.237892532348632812e+01
4.670513153076171875e+01
3.575042343139648438e+01
7.179214477539062500e+00
2.873349189758300781e+01
4.021253967285156250e+01
4.174987792968750000e+01
5.609987640380859375e+01
3.870917510986328125e+01
3.855586242675781250e+01
4.394661331176757812e+01
1.600455665588378906e+01
3.356508636474609375e+01
3.250920486450195312e+01
3.206655120849609375e+01
3.850556182861328125e+01
2.782556915283203125e+01
5.435102844238281250e+01
3.785034561157226562e+01
5.418850708007812500e+01
3.168190002441406250e+01
3.328845977783203125e+01
3.324010848999023438e+01
1.832186698913574219e+01
1.235832977294921875e+01
2.400380897521972656e+01
3.204848861694335938e+01
4.957699584960937500e+01
3.820860290527343750e+01
4.534105300903320312e+01
4.977863311767578125e+01
3.276489257812500000e+01
3.025087356567382812e+01
6.662925720214843750e+01
2.999092483520507812e+01
5.040154266357421875e+01
4.444040298461914062e+01
5.598187637329101562e+01
1.811876869201660156e+01
4.290798568725585938e+01
7.348970031738281250e+01
5.452987289428710938e+01
3.013774681091308594e+01
2.623682403564453125e+01
4.338966751098632812e+01
1.457614135742187500e+01
2.171085166931152344e+01
4.432041168212890625e+01
2.519490814208984375e+01
5.301531219482421875e+01
7.572004318237304688e+00
3.839253234863281250e+01
5.253004455566406250e+01
6.845371246337890625e+01
2.941109657287597656e+01
3.098992538452148438e+01
6.108952713012695312e+01
3.696129226684570312e+01
1.449286079406738281e+01
3.643408584594726562e+01
6.449740600585937500e+01
2.418962860107421875e+01
3.533609771728515625e+01
1.391686248779296875e+01
3.666357040405273438e+01
3.674671554565429688e+01
3.348168563842773438e+01
3.033705139160156250e+01
8.139093399047851562e+00
3.142488479614257812e+01
3.841556167602539062e+01
5.628349304199218750e+01
3.692302322387695312e+01
1.089952850341796875e+01
7.533367156982421875e+00
3.575838088989257812e+01
1.057208251953125000e+01
2.321220779418945312e+01
1.163693618774414062e+01
4.738462066650390625e+01
7.260357666015625000e+01
4.019851303100585938e+01
3.692302322387695312e+01
4.424777984619140625e+01
3.020948600769042969e+01
2.890468025207519531e+01
2.672339630126953125e+01
7.433808898925781250e+01
3.182989883422851562e+01
1.541487884521484375e+01
1.372940063476562500e+01
4.663640594482421875e+01
1.300215148925781250e+01
1.599892234802246094e+01
2.146312332153320312e+01
2.898338508605957031e+01
3.827697753906250000e+01
9.269226074218750000e+00
5.739110946655273438e+01
6.664012908935546875e+00
2.528191375732421875e+01
4.396768188476562500e+01
6.218972778320312500e+01
2.946693611145019531e+01
4.095745468139648438e+01
3.359309387207031250e+01
2.703013801574707031e+01
4.848273849487304688e+01
1.805546188354492188e+01
4.372318267822265625e+01
1.798376464843750000e+01
2.265257263183593750e+01
2.105686187744140625e+01
6.108952713012695312e+01
2.801545333862304688e+01
4.001882934570312500e+01
3.503786087036132812e+01
3.329367828369140625e+01
2.753245925903320312e+01
5.389565277099609375e+01
3.553059768676757812e+01
2.921910667419433594e+01
1.856162643432617188e+01
2.571339797973632812e+01
5.643983078002929688e+01
3.836263275146484375e+01
5.769103622436523438e+01
4.093705368041992188e+01
5.585850524902343750e+01
6.845371246337890625e+01
3.266865539550781250e+01
6.116973876953125000e+01
5.473654174804687500e+01
3.801717376708984375e+01
3.707033920288085938e+01
3.105898284912109375e+01
5.318978881835937500e+01
1.917871093750000000e+01
3.323062515258789062e+01
4.604767608642578125e+01
1.264861106872558594e+01
3.059014701843261719e+01
3.038874435424804688e+01
1.961538124084472656e+01
3.051028823852539062e+01
1.907874298095703125e+01
1.599286270141601562e+01
7.265032196044921875e+01
5.826071166992187500e+01
3.986599349975585938e+01
3.252708053588867188e+01
2.551116561889648438e+01
3.161817550659179688e+01
2.777660369873046875e+01
3.932141113281250000e+01
3.232126235961914062e+01
4.067479324340820312e+01
2.084193611145019531e+01
3.682388687133789062e+01
5.016675567626953125e+01
4.419129180908203125e+01
4.624656677246093750e+01
2.806319236755371094e+01
5.640858840942382812e+01
3.354392623901367188e+01
2.012112426757812500e+01
1.981576156616210938e+01
4.296253204345703125e+01
1.403395843505859375e+01
4.835786819458007812e+00
2.353794097900390625e+01
4.164374542236328125e+01
1.552121353149414062e+01
3.816683197021484375e+01
3.736152267456054688e+01
3.880112075805664062e+01
1.860945510864257812e+01
5.680799865722656250e+01
2.347894668579101562e+01
3.944384002685546875e+01
4.415192031860351562e+01
1.239024925231933594e+01
2.318184852600097656e+01
6.715864562988281250e+01
5.562369155883789062e+01
5.471063232421875000e+01
1.729762840270996094e+01
4.194065093994140625e+00
3.108201217651367188e+01
6.487448883056640625e+01
1.849562644958496094e+01
1.149576759338378906e+01
4.308487701416015625e+01
1.090591430664062500e+01
3.939234542846679688e+01
3.340764617919921875e+01
2.667308616638183594e+01
5.369048690795898438e+01
2.061879348754882812e+01
2.783510971069335938e+01
1.941085815429687500e+01
3.449003982543945312e+01
6.329431915283203125e+01
2.897304534912109375e+00
1.086414146423339844e+01
5.208406448364257812e+01
1.034488868713378906e+01
4.790193939208984375e+01
1.409398460388183594e+01
4.470118331909179688e+01
2.015221023559570312e+01
4.043177032470703125e+01
5.113214874267578125e+01
3.342462921142578125e+01
7.805136108398437500e+01
2.859514999389648438e+01
3.765139770507812500e+01
7.226434326171875000e+01
4.573775482177734375e+01
1.461973953247070312e+01
6.660754394531250000e+01
6.574337005615234375e+01
3.950735473632812500e+01
1.415944480895996094e+01
5.921305847167968750e+01
4.269312667846679688e+01
4.131813430786132812e+01
3.249013137817382812e+01
1.813457870483398438e+01
3.665939712524414062e+01
3.286709213256835938e+01
3.619596099853515625e+01
2.732931709289550781e+01
5.898958587646484375e+01
3.366765594482421875e+01
2.726292037963867188e+01
6.266506195068359375e+00
6.937460327148437500e+01
4.766039657592773438e+01
3.384946441650390625e+01
2.594377899169921875e+01
4.912242889404296875e+01
2.079890823364257812e+01
1.693366241455078125e+01
3.788130569458007812e+01
2.417884826660156250e+01
2.505821609497070312e+01
7.338693237304687500e+01
1.660909271240234375e+01
3.028146934509277344e+01
6.863873291015625000e+01
4.442085647583007812e+01
5.935455703735351562e+01
3.340261840820312500e+01
2.604996109008789062e+01
3.327244567871093750e+01
3.324909210205078125e+01
2.922067832946777344e+01
2.538373184204101562e+01
5.584087371826171875e+01
2.566009902954101562e+01
6.457969665527343750e+01
3.012130737304687500e+01
3.702375793457031250e+01
3.800211334228515625e+01
4.869316101074218750e+01
4.310641860961914062e+01
6.777095794677734375e+01
7.116041564941406250e+01
6.845371246337890625e+01
5.105266571044921875e+01
6.961260986328125000e+01
1.845622062683105469e+01
4.334161376953125000e+01
3.513970947265625000e+01
5.356976318359375000e+01
2.602135086059570312e+01
6.108952713012695312e+01
2.752787590026855469e+01
4.928161621093750000e+01
7.719033813476562500e+01
5.921305847167968750e+01
4.292325592041015625e+01
2.785926246643066406e+01
3.991331481933593750e+01
2.656443786621093750e+01
2.009379959106445312e+01
1.482943916320800781e+01
2.986283683776855469e+01
3.227732849121093750e+01
3.115388107299804688e+01
3.771636962890625000e+01
1.903961181640625000e+00
4.665726470947265625e+01
4.164767837524414062e+01
4.076550674438476562e+01
2.514623260498046875e+01
2.304840087890625000e+01
6.079147338867187500e+01
4.475531387329101562e+01
4.372123718261718750e+01
3.595857620239257812e+01
1.757152175903320312e+01
1.493553352355957031e+01
3.743844604492187500e+01
5.495478057861328125e+01
4.289174270629882812e+01
3.187664031982421875e+01
3.461117172241210938e+01
5.235256195068359375e+01
3.869953536987304688e+01
3.158832931518554688e+01
3.732933425903320312e+01
1.307107353210449219e+01
4.139735412597656250e+01
3.147430038452148438e+01
2.386459732055664062e+01
3.208204650878906250e+01
4.568722915649414062e+01
4.057727813720703125e+01
2.305870056152343750e+01
4.850540161132812500e+01
3.256161880493164062e+01
4.564006042480468750e+01
4.574496078491210938e+01
1.366595458984375000e+01
3.870878601074218750e+01
1.771318435668945312e+01
1.908680152893066406e+01
2.738305282592773438e+01
1.388144111633300781e+01
3.245440292358398438e+01
6.320982742309570312e+01
1.337796211242675781e+01
6.849717712402343750e+01
1.277930259704589844e+01
9.990177154541015625e+00
3.478766632080078125e+01
3.022480392456054688e+01
2.840056037902832031e+01
3.301386642456054688e+01
2.060289955139160156e+01
4.214977264404296875e+01
6.815576171875000000e+01
1.370425033569335938e+01
6.184961318969726562e+00
2.734969329833984375e+01
5.585675811767578125e+01
3.440486907958984375e+01
4.083893966674804688e+01
5.315427398681640625e+01
3.356508636474609375e+01
5.367477035522460938e+01
3.801616668701171875e+01
5.754575347900390625e+01
1.938343238830566406e+01
5.556389617919921875e+01
2.525856971740722656e+01
5.482749176025390625e+01
7.396255493164062500e+01
2.984797477722167969e+01
3.239001846313476562e+01
2.495553207397460938e+01
4.156901550292968750e+01
4.907514572143554688e+01
4.383427429199218750e+01
3.183840179443359375e+01
3.596508407592773438e+01
2.440180969238281250e+01
3.042667198181152344e+01
3.492975234985351562e+01
5.062295913696289062e+01
1.713738441467285156e+01
2.490149688720703125e+01
3.276427078247070312e+01
4.036270904541015625e+01
2.662260627746582031e+01
5.460589599609375000e+01
4.368700790405273438e+01
5.633270645141601562e+01
2.200426864624023438e+01
4.294642257690429688e+01
4.140385437011718750e+01
1.696899986267089844e+01
6.091421508789062500e+01
3.069544219970703125e+01
1.228767204284667969e+01
4.357190322875976562e+01
4.611904907226562500e+01
3.855464935302734375e+01
4.748811340332031250e+01
7.632502746582031250e+01
6.422828674316406250e+01
5.656673049926757812e+01
4.280868148803710938e+01
2.063946914672851562e+01
3.231237030029296875e+01
4.372123718261718750e+01
4.575792694091796875e+01
1.438573265075683594e+01
1.353464508056640625e+01
3.741986083984375000e+01
2.493864440917968750e+01
3.959357070922851562e+01
2.580590438842773438e+01
2.828042221069335938e+01
3.692302322387695312e+01
3.783898162841796875e+01
3.763539886474609375e+01
2.888535881042480469e+01
3.888949584960937500e+01
3.082190895080566406e+01
2.251573562622070312e+01
4.049602508544921875e+01
6.594653320312500000e+01
7.277730560302734375e+01
1.164228439331054688e+01
4.049435806274414062e+01
4.773145675659179688e+01
5.058429336547851562e+01
1.405048751831054688e+01
3.406500244140625000e+01
3.747756958007812500e+01
2.552693939208984375e+01
1.992869377136230469e+01
3.826825714111328125e+01
5.883588790893554688e+00
4.051065444946289062e+01
3.080689620971679688e+01
9.614498138427734375e+00
3.433451080322265625e+01
3.629031372070312500e+01
4.491490936279296875e+01
5.229500961303710938e+01
6.436454772949218750e+00
3.298074722290039062e+01
6.550176620483398438e+00
5.007163238525390625e+01
5.176342773437500000e+01
2.941668701171875000e+01
3.825981140136718750e+00
4.045550155639648438e+01
3.483871459960937500e+00
2.971680450439453125e+01
4.169661712646484375e+01
2.595166015625000000e+01
4.549212265014648438e+01
4.393332672119140625e+01
6.285165023803710938e+01
5.049848175048828125e+01
4.430128479003906250e+01
7.448547363281250000e+01
4.580487060546875000e+01
4.541160583496093750e+01
4.572244644165039062e+01
1.608473777770996094e+01
1.774824523925781250e+01
1.002040100097656250e+01
1.674695777893066406e+01
2.456030273437500000e+01
7.277730560302734375e+01
1.077531433105468750e+01
3.970364379882812500e+01
4.183411788940429688e+01
3.977512741088867188e+01
3.585062026977539062e+01
1.865745925903320312e+01
5.277064514160156250e+01
4.371030807495117188e+00
1.324929809570312500e+01
2.753840637207031250e+01
3.973539733886718750e+01
2.272895050048828125e+01
4.369275283813476562e+01
1.228358650207519531e+01
2.374757385253906250e+01
6.487448883056640625e+01
3.161886405944824219e+01
1.903083801269531250e+00
2.249203109741210938e+01
1.808988380432128906e+01
4.594821166992187500e+01
2.463851165771484375e+01
5.257214355468750000e+01
5.676562500000000000e+01
5.177970886230468750e+01
3.919125366210937500e+01
3.618894958496093750e+01
3.812133026123046875e+01
4.156843948364257812e+01
4.415272521972656250e+01
1.854763603210449219e+01
2.418498611450195312e+01
5.133277130126953125e+01
5.862954711914062500e+01
3.655628967285156250e+01
3.941677474975585938e+01
3.510519409179687500e+01
3.125015258789062500e+01
6.553268432617187500e+01
1.025958442687988281e+01
4.547645187377929688e+01
5.085810470581054688e+01
7.277730560302734375e+01
2.203959274291992188e+01
3.641183471679687500e+01
3.900045013427734375e+01
1.528404235839843750e+01
3.199198532104492188e+01
3.853541564941406250e+01
3.028015708923339844e+01
1.301824569702148438e+01
6.972152709960937500e+01
4.084104156494140625e+01
6.845371246337890625e+01
5.781151199340820312e+01
2.206381225585937500e+01
6.804231262207031250e+01
2.357070350646972656e+01
5.440280914306640625e+01
6.784197998046875000e+01
4.360847473144531250e+01
2.397484970092773438e+01
5.998477935791015625e+01
2.556840515136718750e+01
3.942922973632812500e+01
2.312340927124023438e+01
3.569199371337890625e+01
3.324909210205078125e+01
2.645938110351562500e+01
4.684629058837890625e+01
5.108818817138671875e+01
9.597700119018554688e+00
3.581690216064453125e+01
3.632455825805664062e+01
3.026142883300781250e+01
4.773145675659179688e+01
9.930402755737304688e+00
1.863339424133300781e+01
3.481802749633789062e+01
5.100345611572265625e+01
5.958228302001953125e+01
4.470118331909179688e+01
2.599406433105468750e+01
4.236056137084960938e+01
4.404189300537109375e+01
1.423013496398925781e+01
5.824756622314453125e+01
3.206655120849609375e+01
2.975638008117675781e+01
4.596707153320312500e+01
3.774060058593750000e+01
3.728921127319335938e+01
7.805136108398437500e+01
2.341040039062500000e+01
4.461024856567382812e+01
1.129878616333007812e+01
3.646917724609375000e+01
1.609869384765625000e+01
1.447723388671875000e+01
1.341406822204589844e+01
2.846619796752929688e+01
3.513270950317382812e+01
5.923301696777343750e+01
7.313555145263671875e+01
2.798968887329101562e+01
2.658648681640625000e+01
6.632036590576171875e+01
3.021793937683105469e+01
1.381674385070800781e+01
1.393453979492187500e+01
3.693557357788085938e+01
3.357340621948242188e+01
4.410970306396484375e+01
4.276013565063476562e+01
5.188002777099609375e+01
7.746365356445312500e+01
3.917812347412109375e+01
1.567201805114746094e+01
3.531059265136718750e+01
2.230655097961425781e+01
3.324909210205078125e+01
2.493463134765625000e+01
5.373264312744140625e+01
7.612168121337890625e+01
5.824756622314453125e+01
1.908202934265136719e+01
1.192701530456542969e+01
1.074600410461425781e+01
6.815576171875000000e+01
1.852737998962402344e+01
2.941260910034179688e+01
6.704579162597656250e+01
1.910539627075195312e+01
6.160940170288085938e+01
3.944844055175781250e+01
5.350986480712890625e+01
2.422166442871093750e+01
6.730177307128906250e+01
4.452144241333007812e+01
2.220515823364257812e+01
2.297350311279296875e+01
1.805546188354492188e+01
3.130373191833496094e+01
3.929181289672851562e+01
1.594400024414062500e+01
3.102894973754882812e+01
6.311315917968750000e+01
9.005315780639648438e+00
2.954969024658203125e+01
1.554988861083984375e+01
3.017899894714355469e+01
1.221449661254882812e+01
1.685561370849609375e+01
3.715164947509765625e+01
5.180097579956054688e+01
2.550218963623046875e+01
3.349514007568359375e+01
2.228225708007812500e+01
1.880782699584960938e+01
3.099089813232421875e+01
3.674544906616210938e+01
7.805136108398437500e+01
4.031406784057617188e+01
1.089458656311035156e+01
3.240029907226562500e+01
3.553238677978515625e+01
2.826897048950195312e+01
2.786222076416015625e+01
4.290386581420898438e+01
3.203549194335937500e+01
3.869406509399414062e+01
4.928723907470703125e+01
3.029298400878906250e+01
3.445301437377929688e+01
3.075018692016601562e+01
2.303163909912109375e+01
5.457564926147460938e+01
4.443510818481445312e+01
1.001362037658691406e+01
3.999107360839843750e+01
4.303953552246093750e+01
6.659478759765625000e+01
2.369835662841796875e+01
2.582004356384277344e+01
2.554113388061523438e+01
1.694963455200195312e+01
4.180111694335937500e+01
3.700585937500000000e+01
7.198410034179687500e+01
4.667090606689453125e+01
4.189147949218750000e+01
2.451988983154296875e+01
3.386811065673828125e+01
5.573445129394531250e+01
3.947816085815429688e+01
4.398727416992187500e+01
3.318045806884765625e+01
5.474133682250976562e+01
4.232576751708984375e+01
2.095195388793945312e+01
7.020570755004882812e+00
6.251995086669921875e+01
6.452709960937500000e+01
3.264357757568359375e+01
5.389565277099609375e+01
4.078989791870117188e+01
4.669271850585937500e+01
2.393418502807617188e+01
3.546122741699218750e+01
5.720671081542968750e+01
4.470118331909179688e+01
4.038658905029296875e+01
2.640024185180664062e+01
5.025632476806640625e+01
5.970004272460937500e+01
4.010654830932617188e+01
4.946222686767578125e+01
3.096421813964843750e+01
2.316091728210449219e+01
5.775802993774414062e+01
4.175645828247070312e+01
5.335837554931640625e+01
7.157994079589843750e+01
1.750244712829589844e+01
4.657986068725585938e+01
1.407072639465332031e+01
4.197767639160156250e+01
1.788737106323242188e+01
1.537395668029785156e+01
3.836539840698242188e+01
3.294398498535156250e+01
4.450105285644531250e+01
2.674614715576171875e+01
1.672982597351074219e+01
4.773145675659179688e+01
3.146872901916503906e+01
3.834418106079101562e+01
5.386577987670898438e+01
1.242620658874511719e+01
3.578244400024414062e+01
6.722063446044921875e+01
3.533953857421875000e+01
4.993701553344726562e+01
5.696126556396484375e+01
3.587752532958984375e+01
3.977795791625976562e+01
5.632199859619140625e+01
2.883340072631835938e+01
3.865718078613281250e+01
2.586348724365234375e+01
2.416837310791015625e+01
1.463100051879882812e+01
1.385462570190429688e+01
5.480374526977539062e+01
5.108085632324218750e+00
1.460914421081542969e+01
3.871257019042968750e+01
2.948514747619628906e+01
1.878666687011718750e+01
5.235671997070312500e+01
3.469944000244140625e+01
5.733329010009765625e+01
4.389092254638671875e+01
3.423535537719726562e+01
3.571736907958984375e+01
1.675543403625488281e+01
4.006805419921875000e+01
5.364443206787109375e+01
4.708892059326171875e+01
6.623913574218750000e+01
5.226090240478515625e+01
4.211744689941406250e+01
5.787735748291015625e+01
3.140913200378417969e+01
3.587846374511718750e+01
3.878876876831054688e+01
4.273674392700195312e+01
3.973762893676757812e+01
3.062192916870117188e+01
4.440887832641601562e+01
4.905433273315429688e+01
5.824756622314453125e+01
3.838819885253906250e+01
7.156269836425781250e+01
5.817666625976562500e+01
3.703149795532226562e+01
1.166375541687011719e+01
4.099918365478515625e+01
7.216407775878906250e+00
2.718230628967285156e+01
7.387802124023437500e+01
5.045903396606445312e+01
6.844421386718750000e+01
3.805484771728515625e+01
1.359522819519042969e+01
5.615052032470703125e+01
1.383348655700683594e+01
1.968562889099121094e+01
5.296043395996093750e+01
4.023767852783203125e+01
4.131683731079101562e+01
6.422828674316406250e+01
1.348517990112304688e+01
1.268714141845703125e+01
4.992616271972656250e+01
4.817581939697265625e+01
3.437499618530273438e+01
5.196362304687500000e+01
2.872557640075683594e+01
5.083591079711914062e+01
4.366147613525390625e+01
1.293890190124511719e+01
3.551513671875000000e+01
4.123990249633789062e+01
4.064120483398437500e+01
6.020458221435546875e+00
6.257534027099609375e+01
2.921127700805664062e+01
7.195823669433593750e+01
3.561579895019531250e+01
3.690719985961914062e+01
2.127300643920898438e+01
3.930143737792968750e+01
1.798812103271484375e+01
1.984984779357910156e+01
6.438552093505859375e+01
3.410763549804687500e+01
3.058323287963867188e+01
2.229689216613769531e+01
5.956213760375976562e+01
2.238364219665527344e+01
6.422828674316406250e+01
1.874879646301269531e+01
1.414542770385742188e+01
3.051148223876953125e+01
3.926835632324218750e+01
4.972697067260742188e+01
5.439734649658203125e+01
4.647450256347656250e+01
3.179699707031250000e+01
1.822270011901855469e+01
2.617151260375976562e+01
3.968391036987304688e+01
2.217919731140136719e+01
3.813175201416015625e+00
2.963147354125976562e+01
8.585985183715820312e+00
3.844605255126953125e+01
5.498652648925781250e+01
